3,992137	0,988531
3,741702	0,988531
3,547615	0,987226
3,697876	0,986900
4,308312	0,988857
4,067268	0,988857
4,261355	0,991792
3,757354	0,993096
3,945181	0,994074
4,026572	0,995052
4,070398	0,997009
4,208138	0,999292
3,701006	1,001248
3,212657	1,002226
3,851267	1,002879
4,345877	1,005161
4,230051	1,005813
3,635267	1,009400
4,145529	1,009726
3,281527	1,010379
3,704137	1,012335
4,242572	1,015270
4,176833	1,016574
3,923267	1,018205
4,527442	1,017552
4,079789	1,020487
3,989007	1,020813
3,942050	1,025052
4,270746	1,025379
3,963963	1,026683
3,779267	1,028313
4,471095	1,029618
3,813702	1,030270
3,660310	1,031900
4,104833	1,034509
4,223790	1,035161
4,017181	1,038096
4,073529	1,039400
4,251964	1,041357
3,857528	1,041357
4,092311	1,043313
4,277007	1,045270
4,014050	1,045596
4,007789	1,047879
3,995268	1,049835
3,866919	1,051466
3,960833	1,052118
4,082920	1,054400
3,932659	1,055053
3,882572	1,057335
4,205007	1,059618
3,888833	1,059292
4,452312	1,062879
4,524312	1,063857
4,079789	1,064183
3,929528	1,065161
4,198746	1,067770
4,267616	1,069400
3,923267	1,070705
3,942050	1,072009
4,086050	1,073640
4,158050	1,073966
4,295790	1,075922
4,104833	1,076900
4,771617	1,079835
4,546225	1,081140
4,004659	1,082444
3,841876	1,084400
3,779267	1,084400
4,101703	1,087335
4,151790	1,089944
4,377181	1,089618
3,732311	1,090596
4,032833	1,091900
4,442921	1,093531
4,480486	1,096466
4,458573	1,096140
3,569528	1,097770
3,475614	1,099400
4,439790	1,102009
4,837356	1,102661
4,392834	1,104618
4,198746	1,105922
4,145529	1,108205
5,213009	1,109835
4,593182	1,110814
4,433529	1,113096
4,477355	1,114400
4,082920	1,114727
4,233181	1,116357
4,148659	1,118314
3,816832	1,119618
4,593182	1,120270
4,370920	1,121900
4,057876	1,125161
4,784139	1,126466
4,167442	1,125814
5,194226	1,128748
4,730921	1,130705
4,568138	1,131357
4,239442	1,133966
4,183094	1,133966
4,568138	1,136901
4,749704	1,137879
4,696486	1,138205
4,417877	1,140161
4,211268	1,142444
4,837356	1,143748
3,716658	1,145379
4,718399	1,145053
4,931269	1,148314
4,868661	1,149618
4,251964	1,151901
4,471095	1,151574
4,821704	1,154835
4,680834	1,155814
5,156661	1,154835
4,449181	1,158422
4,868661	1,158748
4,683965	1,160379
4,486747	1,163640
4,561877	1,165596
4,621356	1,165270
4,568138	1,166248
4,662051	1,169509
5,269357	1,170814
4,781008	1,172444
4,746573	1,172770
4,824834	1,173748
5,319444	1,176357
5,294400	1,177009
5,429009	1,179618
5,516662	1,181575
5,601184	1,180596
5,400835	1,184183
5,857880	1,185161
5,964315	1,187770
5,701358	1,186792
5,842228	1,189075
6,227272	1,191683
5,929880	1,192009
6,405707	1,192988
6,327446	1,194618
6,609186	1,195596
6,865882	1,199509
6,061358	1,199183
6,521533	1,202444
7,398057	1,203422
7,563970	1,204401
6,462055	1,205053
6,900317	1,207988
7,423100	1,207662
7,050578	1,210596
7,373013	1,210922
8,111797	1,212553
7,526405	1,214183
7,072491	1,216792
7,495100	1,218096
7,222752	1,219727
6,778229	1,221031
7,050578	1,221031
6,822056	1,223314
6,831447	1,224292
6,709360	1,225922
6,183446	1,227227
6,377533	1,229183
6,559099	1,230162
5,829706	1,233096
6,333707	1,233749
5,785880	1,236357
5,369531	1,237662
5,410227	1,238314
5,432140	1,239292
5,247444	1,242227
4,943791	1,241575
5,588662	1,243205
5,137878	1,244836
5,306922	1,246792
5,378922	1,249075
4,925008	1,249727
4,646399	1,250705
5,400835	1,252009
4,680834	1,255270
5,144139	1,254618
4,834226	1,256575
5,225531	1,259183
5,256835	1,260814
4,834226	1,261140
5,278748	1,261792
5,372662	1,263423
5,062748	1,266357
5,294400	1,268314
5,200487	1,269618
4,993878	1,270923
5,403966	1,271249
5,429009	1,273205
5,297531	1,273857
5,519792	1,276466
5,729532	1,278096
5,682575	1,278423
5,588662	1,280053
5,360140	1,283640
5,341357	1,283640
5,842228	1,286249
5,745184	1,287879
5,228661	1,287879
7,006752	1,289510
6,483968	1,290488
6,199098	1,291140
6,174054	1,295053
6,311794	1,295705
6,618577	1,296357
6,925360	1,297988
6,931621	1,299618
7,088143	1,301249
7,266578	1,302553
7,363622	1,304836
6,784490	1,306140
7,028665	1,307770
7,313535	1,309727
7,792492	1,311357
7,783101	1,311357
7,573361	1,312010
7,275970	1,313640
7,570231	1,315597
6,903447	1,318205
7,401187	1,319183
7,185187	1,319836
7,047447	1,322444
6,797012	1,323423
7,031795	1,325705
6,890925	1,326031
7,106926	1,327662
6,825186	1,328640
6,872143	1,330923
6,615446	1,331575
6,224141	1,333205
6,471446	1,334510
6,145880	1,337118
5,635619	1,339727
6,189707	1,339401
6,048837	1,341357
5,673184	1,342010
5,857880	1,344944
6,142750	1,345270
5,645010	1,347227
5,986228	1,348205
5,735793	1,349184
5,641879	1,350162
5,745184	1,353097
5,501010	1,354727
5,986228	1,355379
5,629358	1,358314
5,497879	1,359292
5,795271	1,359618
6,205359	1,361575
5,914228	1,363531
5,870402	1,364836
5,907967	1,366140
6,637360	1,367444
6,493359	1,369727
6,402577	1,370705
6,077011	1,372010
6,261707	1,374292
6,712490	1,374292
6,606055	1,376575
6,643620	1,378531
6,962925	1,379184
7,009882	1,380162
7,560840	1,382118
7,363622	1,383423
7,285361	1,384727
7,423100	1,387010
7,764318	1,388314
8,096145	1,389292
8,174406	1,389944
8,299624	1,391901
8,521885	1,393205
9,382756	1,396792
9,363974	1,396140
9,877366	1,400053
9,795974	1,401358
10,087105	1,401031
10,146584	1,402662
10,249888	1,404618
10,469019	1,405923
10,340671	1,406901
10,309367	1,409836
10,459628	1,410488
10,929194	1,412445
10,894759	1,414075
10,769541	1,413749
11,135803	1,415379
10,550411	1,417336
10,559802	1,418966
10,578585	1,421575
10,450236	1,420597
10,406410	1,423532
10,390758	1,424184
10,362584	1,426466
10,030757	1,428749
9,382756	1,429727
10,162236	1,432662
9,626931	1,432988
8,925712	1,434945
8,925712	1,435597
8,186928	1,435923
8,027275	1,438205
7,795623	1,439510
7,291622	1,440814
7,582753	1,442119
6,483968	1,444075
7,081882	1,447010
7,729883	1,448314
7,491970	1,449619
6,878404	1,449619
7,194578	1,450271
7,488839	1,452227
6,953534	1,453205
7,686057	1,457445
7,520144	1,457445
6,890925	1,457119
7,733014	1,459401
8,083623	1,461358
8,108667	1,464292
7,714231	1,464945
8,118058	1,466249
8,149362	1,466575
8,565711	1,467879
8,374754	1,471140
8,080493	1,470488
9,151104	1,473749
9,032147	1,474075
8,931973	1,476032
9,661365	1,478640
9,946235	1,479619
9,827279	1,479945
10,506584	1,481575
10,850933	1,484510
11,113890	1,485488
11,918413	1,487445
12,384849	1,488097
13,302068	1,489401
13,549373	1,490379
14,159809	1,492988
14,936158	1,494945
15,590420	1,495923
15,994247	1,495597
17,108684	1,499184
17,093032	1,500814
17,841207	1,501793
17,985207	1,502445
18,727122	1,503749
19,246775	1,506032
18,914948	1,505379
18,808513	1,507988
19,359471	1,509619
19,869733	1,512553
19,371993	1,513206
19,894776	1,514510
19,512863	1,516466
19,807124	1,518423
19,594254	1,520053
19,015122	1,519401
18,961905	1,522010
19,321906	1,524293
18,777209	1,524293
17,978947	1,525597
18,041555	1,527227
17,493728	1,528532
16,607813	1,531466
15,966073	1,531140
15,890943	1,532771
14,269374	1,537010
13,568155	1,536684
12,632154	1,537662
11,314238	1,539619
10,863455	1,541249
10,049540	1,543206
9,304495	1,542880
8,665885	1,545488
8,800494	1,547445
8,559450	1,547119
7,861362	1,548749
8,118058	1,550053
8,274580	1,553640
7,974058	1,552336
7,695449	1,554619
7,617188	1,557880
7,686057	1,558532
7,448144	1,558858
7,291622	1,561140
7,131969	1,563423
7,811275	1,563423
7,701709	1,565054
7,473187	1,567010
7,723623	1,568967
7,673535	1,571575
8,424841	1,572554
8,042927	1,571575
8,684668	1,574184
8,503102	1,577119
8,803625	1,577445
8,856842	1,577771
9,088495	1,581032
9,370234	1,581684
9,392147	1,582336
10,193540	1,585271
10,243627	1,586575
10,578585	1,586575
10,888498	1,588206
11,617891	1,589836
11,984152	1,592119
12,882589	1,593749
12,898241	1,594727
13,762243	1,597336
13,993895	1,598641
14,288157	1,598967
14,986245	1,600271
15,781377	1,602228
15,455811	1,602880
15,518420	1,604510
15,853377	1,607119
15,912856	1,608749
16,044334	1,608423
16,229030	1,611684
16,870771	1,611684
17,139988	1,612988
16,764336	1,615597
16,589031	1,615597
16,413726	1,619184
16,200856	1,620162
16,623466	1,621141
15,981725	1,622771
15,725029	1,623749
15,293028	1,626032
15,524681	1,627336
14,992506	1,628967
14,544853	1,629619
14,278766	1,632880
13,493025	1,631901
12,823111	1,635488
12,168848	1,636141
11,564673	1,636793
11,091977	1,638749
10,152845	1,640380
9,395278	1,641358
8,534407	1,642010
7,767449	1,645271
8,340319	1,645271
8,042927	1,648858
6,797012	1,648206
7,657883	1,649836
7,125708	1,650815
6,696838	1,653423
6,847099	1,655706
6,728142	1,656684
6,850230	1,657010
6,308663	1,659619
6,709360	1,660597
6,909708	1,663206
6,975447	1,664184
6,386924	1,664836
6,671794	1,667119
6,361881	1,667445
6,565359	1,670380
6,743795	1,671684
7,088143	1,672010
7,144491	1,674293
7,157013	1,674619
7,279100	1,676575
7,542057	1,678532
7,582753	1,679184
7,635970	1,681793
7,463796	1,682445
7,930232	1,683097
8,305885	1,686032
8,822407	1,687336
8,781712	1,688315
9,727105	1,691249
9,417191	1,690597
9,338930	1,694184
10,218584	1,694184
10,450236	1,695489
11,004324	1,698097
11,351803	1,699076
11,630413	1,698749
11,871457	1,702662
11,561543	1,702989
11,354934	1,705597
12,118761	1,705271
12,287805	1,707554
11,990413	1,710162
12,566414	1,709836
12,400501	1,713097
12,331631	1,713423
12,431805	1,716032
12,416153	1,715706
12,306588	1,717663
12,131283	1,720271
12,146935	1,720923
12,297197	1,722554
11,655456	1,724836
11,949718	1,725489
11,592847	1,726467
11,808848	1,728423
11,145194	1,729076
11,930935	1,731684
11,639804	1,732989
10,597367	1,735597
9,867974	1,734945
9,999453	1,737880
9,351452	1,738206
8,978929	1,738532
8,988321	1,742445
8,421711	1,743750
8,224493	1,744728
8,399798	1,745054
7,886405	1,747989
8,487450	1,748967
8,593885	1,751576
8,978929	1,752554
8,165015	1,753206
7,485709	1,755815
8,825538	1,756793
8,944494	1,757771
8,819277	1,759076
8,246406	1,760054
9,179278	1,761358
9,467278	1,763315
9,057190	1,765271
9,101016	1,765271
9,752148	1,768206
9,426582	1,768858
9,608148	1,771141
10,769541	1,772119
10,346932	1,772445
11,264151	1,775054
11,345543	1,776684
11,555282	1,779619
11,664847	1,780271
12,353544	1,780923
13,054763	1,782554
13,737199	1,783532
15,123985	1,785489
15,537203	1,786467
17,005379	1,788750
17,944512	1,788750
18,698948	1,792010
19,243645	1,792337
20,786952	1,793967
21,785563	1,795924
21,882606	1,797554
22,671477	1,799837
23,895480	1,800163
24,853395	1,802771
24,897221	1,802445
26,064875	1,804402
25,748701	1,804728
25,880179	1,807011
26,243310	1,809945
26,640876	1,809945
27,564356	1,812228
26,406093	1,813206
26,913225	1,815163
27,010268	1,816141
26,762963	1,817119
27,154268	1,818424
26,462441	1,820054
25,426265	1,823315
25,056873	1,822989
26,011658	1,824619
24,953569	1,826576
24,668699	1,827880
22,167476	1,828206
22,834260	1,830489
22,286433	1,831141
21,428692	1,833750
20,273560	1,834076
17,772337	1,836684
16,992858	1,839293
15,177202	1,839945
13,884330	1,841902
12,870067	1,842228
11,849543	1,843532
10,328149	1,844837
9,144843	1,847771
8,787972	1,847771
8,089884	1,848750
7,764318	1,852337
7,207100	1,851032
7,131969	1,854945
6,731273	1,854945
6,327446	1,858532
6,737534	1,857880
6,396316	1,860489
5,776488	1,860489
5,920489	1,862119
5,663792	1,863424
5,635619	1,865706
5,278748	1,867011
5,285009	1,867011
5,378922	1,870598
5,385183	1,871250
5,400835	1,872554
5,385183	1,873206
5,153531	1,876793
5,604314	1,877445
5,285009	1,878098
5,297531	1,880706
5,269357	1,882337
5,479096	1,883641
5,488488	1,883967
5,504140	1,887228
5,297531	1,886902
5,012661	1,890163
6,189707	1,891467
5,801532	1,891141
5,357009	1,893098
5,610575	1,896032
5,632488	1,896032
5,588662	1,897337
5,889184	1,897989
5,854749	1,900272
6,271098	1,900924
6,127098	1,904511
6,289881	1,904185
6,377533	1,907445
6,014402	1,907119
6,149011	1,909076
6,474577	1,911685
6,656142	1,913641
6,897186	1,913641
6,371272	1,915272
6,355620	1,918206
6,361881	1,918206
6,543446	1,920163
6,330576	1,920815
6,258576	1,923098
5,848489	1,924728
6,242924	1,925380
6,136489	1,926359
6,033185	1,927337
5,717010	1,928967
5,504140	1,930598
5,951793	1,931902
6,170924	1,933859
5,773358	1,936793
5,748314	1,936793
5,256835	1,938750
5,090922	1,940706
5,047096	1,941033
4,777878	1,942011
4,925008	1,944293
4,583790	1,945598
4,242572	1,947880
4,568138	1,948859
4,308312	1,950815
3,904485	1,952119
4,533703	1,953424
4,715269	1,954728
4,117355	1,956359
3,694745	1,958315
4,549356	1,960924
4,148659	1,960272
4,192485	1,962228
3,391092	1,964837
4,727791	1,965815
3,895093	1,967772
4,421008	1,969402
4,386573	1,971033
3,932659	1,969728
3,917007	1,972337
3,866919	1,973967
3,954572	1,975598
4,151790	1,976250
4,261355	1,978859
4,070398	1,979511
4,007789	1,981793
4,020311	1,981467
4,486747	1,984728
4,233181	1,985054
3,773006	1,987011
4,345877	1,988967
4,358399	1,989620
4,154920	1,992554
3,945181	1,991576
4,399094	1,994837
4,514921	1,995815
4,314573	1,996793
4,295790	1,998098
4,251964	2,001033
4,436660	2,002337
4,305181	2,003315
4,493008	2,005272
4,148659	2,005598
3,951441	2,008207
4,017181	2,008533
3,785528	2,009837
4,067268	2,012120
4,361529	2,012446
4,045355	2,014402
4,032833	2,017337
4,734052	2,017011
3,985876	2,019620
4,173703	2,019294
3,669702	2,022880
4,258225	2,023859
4,270746	2,024837
4,680834	2,026141
4,048485	2,027446
4,295790	2,030707
4,314573	2,030380
4,317703	2,032989
4,179964	2,032989
4,010920	2,035924
4,195616	2,036902
4,010920	2,038533
3,907615	2,039511
4,076659	2,040815
4,568138	2,041794
4,702747	2,044728
3,629006	2,045054
4,154920	2,047989
4,026572	2,049294
4,305181	2,050272
4,098572	2,052228
3,798050	2,053207
4,339616	2,053533
4,430399	2,056141
3,672832	2,057120
3,960833	2,057446
3,954572	2,059728
3,516310	2,060381
3,675963	2,063968
4,305181	2,064620
4,057876	2,065272
3,992137	2,067881
4,067268	2,068533
4,505529	2,070489
4,111094	2,070815
4,104833	2,072446
4,054746	2,074728
3,907615	2,076033
3,751093	2,077989
4,167442	2,078315
3,697876	2,079620
3,672832	2,082881
4,154920	2,083533
3,591441	2,084837
4,120485	2,084837
3,917007	2,086468
4,298920	2,088750
3,998398	2,089728
3,788658	2,091685
3,945181	2,094620
3,769876	2,094620
4,095442	2,096576
4,045355	2,097555
3,995268	2,099185
3,926398	2,099837
4,195616	2,100815
4,023442	2,104402
3,901354	2,105381
3,885702	2,106685
3,810572	2,107989
4,120485	2,110598
3,882572	2,111902
4,151790	2,112881
4,035963	2,113859
3,929528	2,116794
4,098572	2,116142
4,283268	2,118424
4,226920	2,119402
4,370920	2,122663
4,226920	2,121685
4,198746	2,123315
4,076659	2,127229
4,061007	2,128207
3,910746	2,128533
3,945181	2,129511
3,622745	2,130489
3,666571	2,133098
4,107963	2,134402
3,766745	2,136033
4,577530	2,137989
4,004659	2,138642
3,954572	2,141576
4,283268	2,141250
4,245703	2,142555
4,158050	2,144185
4,020311	2,145816
3,682223	2,147120
3,967094	2,149402
4,295790	2,151685
3,788658	2,152011
4,374051	2,152663
4,035963	2,156576
4,098572	2,156902
4,286399	2,156576
4,223790	2,159185
4,442921	2,160163
4,145529	2,162120
4,142398	2,164402
4,192485	2,165055
4,295790	2,167337
4,395964	2,167663
4,176833	2,169946
4,117355	2,170272
4,496138	2,173207
4,480486	2,174185
4,198746	2,175816
4,136137	2,176142
4,208138	2,179403
4,273877	2,179403
3,982746	2,181685
4,039094	2,182989
4,042224	2,182989
3,810572	2,185598
4,608834	2,188207
4,258225	2,188533
4,136137	2,190490
4,458573	2,191794
4,170572	2,192772
4,261355	2,194729
4,242572	2,195707
4,017181	2,196685
4,705878	2,198316
4,267616	2,199620
4,267616	2,200598
4,226920	2,203533
4,142398	2,203859
4,809182	2,205163
4,624486	2,208424
3,776137	2,208750
3,848137	2,210055
4,092311	2,211359
3,960833	2,212337
4,408486	2,215924
4,561877	2,216577
4,320833	2,216903
4,020311	2,218207
4,201877	2,220816
4,408486	2,221794
4,430399	2,223098
4,549356	2,226033
4,267616	2,225707
4,383442	2,228316
4,317703	2,230272
4,111094	2,230598
4,496138	2,233533
4,649530	2,233207
4,061007	2,234185
3,995268	2,235816
4,183094	2,237120
4,446051	2,239403
4,126746	2,240055
4,489877	2,242990
4,233181	2,244294
4,239442	2,244620
4,386573	2,246903
4,298920	2,247881
4,208138	2,248533
4,026572	2,251794
4,308312	2,252120
3,848137	2,253098
4,095442	2,254729
4,208138	2,257011
3,816832	2,259946
4,179964	2,261251
4,521182	2,260924
4,449181	2,262229
4,261355	2,263859
3,995268	2,265490
4,014050	2,266794
4,104833	2,268751
4,292659	2,270707
3,591441	2,272337
4,627617	2,272337
3,923267	2,273316
4,427268	2,276577
4,245703	2,276577
3,384832	2,279185
4,029702	2,280164
4,086050	2,281468
4,123616	2,282120
4,749704	2,286359
4,571269	2,287664
4,217529	2,286685
4,267616	2,289620
4,179964	2,290598
4,267616	2,290924
4,017181	2,293859
4,017181	2,294511
4,032833	2,297772
4,154920	2,297446
4,292659	2,299403
4,267616	2,300055
3,588310	2,301359
4,014050	2,304294
4,342746	2,305272
4,098572	2,308207
4,355268	2,309185
4,320833	2,308859
4,255094	2,312120
4,467964	2,313098
3,973354	2,313425
4,170572	2,314729
4,683965	2,317990
4,117355	2,317664
3,666571	2,320598
4,095442	2,321251
4,615095	2,323533
4,483616	2,324185
3,910746	2,325816
4,236312	2,328098
4,067268	2,329403
4,367790	2,331033
4,521182	2,331359
4,267616	2,332012
5,206748	2,335272
4,499269	2,335598
4,295790	2,337229
4,527442	2,339838
4,236312	2,339838
4,217529	2,341468
4,292659	2,344403
4,408486	2,345707
4,186224	2,345381
4,226920	2,346685
5,018922	2,348642
4,154920	2,350925
4,615095	2,352555
4,674573	2,352555
4,405355	2,355164
4,618225	2,357120
4,602573	2,357772
4,580660	2,360055
4,821704	2,361685
4,514921	2,362012
4,104833	2,362990
4,580660	2,364620
4,568138	2,365599
4,217529	2,368533
4,004659	2,370164
4,662051	2,370816
4,336486	2,371794
4,793530	2,374729
4,255094	2,375381
4,449181	2,376686
4,627617	2,378316
4,358399	2,380272
4,834226	2,379946
4,781008	2,382229
4,496138	2,385490
4,693356	2,386468
4,837356	2,387120
5,181705	2,388425
4,975096	2,388425
4,906226	2,392338
4,827965	2,393316
4,793530	2,394620
4,956313	2,395273
5,125357	2,397229
5,651271	2,398207
5,529184	2,400164
5,087791	2,401794
5,269357	2,404403
5,097183	2,405055
5,447792	2,406033
5,563618	2,407990
5,519792	2,408316
5,450923	2,411251
4,840487	2,411577
5,713880	2,412555
5,350748	2,414838
5,444662	2,416794
5,648140	2,418425
5,425879	2,419077
5,422749	2,420381
5,623097	2,421033
5,619966	2,422664
5,350748	2,424294
6,020663	2,427881
5,760836	2,428207
5,353879	2,429512
5,742054	2,429838
5,870402	2,431468
5,532314	2,434077
5,810923	2,434729
5,798401	2,437012
5,413357	2,438968
5,666923	2,438316
5,269357	2,441903
4,871791	2,442555
5,792141	2,444838
5,554227	2,444512
5,369531	2,446468
5,444662	2,448751
4,937530	2,449403
5,100313	2,452990
4,402225	2,453316
5,413357	2,453642
4,909356	2,455273
5,607445	2,456903
4,809182	2,458860
4,784139	2,460490
5,128487	2,461142
5,654401	2,463751
5,003269	2,463751
5,025183	2,465381
5,172313	2,466686
5,022052	2,469620
5,566749	2,469620
5,253705	2,471903
5,604314	2,473207
5,375792	2,474186
5,695097	2,476142
5,432140	2,478425
5,335096	2,478751
5,998750	2,480055
5,679445	2,482338
5,682575	2,483642
5,626227	2,485273
5,964315	2,487555
6,255446	2,488860
5,826575	2,488534
6,177185	2,490490
6,449533	2,492121
6,775099	2,494077
6,640490	2,494403
6,706229	2,496360
7,858231	2,497338
7,191448	2,499621
7,808144	2,500273
7,617188	2,502555
7,601535	2,504512
7,898927	2,504838
8,017884	2,506468
8,387276	2,506794
8,396667	2,509403
8,725364	2,510055
8,437363	2,512664
8,741016	2,514294
8,997712	2,515599
8,706581	2,517229
8,906929	2,517881
8,957016	2,520490
9,363974	2,520816
9,119799	2,523099
9,091625	2,524403
9,245017	2,524729
9,075973	2,526360
9,226234	2,529621
9,301365	2,530925
9,219973	2,530599
8,994581	2,534186
8,875625	2,535490
9,310756	2,534838
8,838059	2,538751
8,982060	2,539729
8,881886	2,540055
8,869364	2,541686
8,324667	2,542338
8,556320	2,543968
8,766059	2,545273
8,396667	2,546577
8,346580	2,549186
8,515624	2,549838
7,980319	2,551795
7,545187	2,552121
7,476318	2,555382
7,623448	2,556034
7,351100	2,557664
7,435622	2,559295
7,939623	2,560925
7,848840	2,561577
7,579622	2,563534
7,845710	2,565490
9,075973	2,567447
8,559450	2,568425
8,224493	2,570382
7,373013	2,571686
8,202580	2,572664
8,139971	2,573968
8,593885	2,574295
9,050929	2,575599
9,241886	2,578534
9,451626	2,579186
9,373365	2,580490
9,702061	2,582121
10,384497	2,582773
10,750759	2,585708
10,572324	2,587012
11,257890	2,587664
11,808848	2,588969
12,018587	2,591251
12,431805	2,592555
13,286416	2,594512
14,322592	2,594838
14,378940	2,595816
15,055115	2,598099
15,865899	2,600056
16,642248	2,601034
17,409206	2,602012
18,191817	2,603642
18,736513	2,606251
19,763298	2,607882
20,132690	2,608208
20,746256	2,611142
21,181387	2,611795
21,582084	2,613751
22,082954	2,614729
22,339651	2,616034
22,608868	2,616686
22,649564	2,618642
22,774782	2,620273
23,213044	2,620925
23,313218	2,622556
22,834260	2,625816
23,144174	2,625490
23,548001	2,628099
23,300696	2,629403
23,219304	2,629403
22,968869	2,631686
22,899999	2,633969
22,586955	2,634295
22,477390	2,635599
22,051650	2,637556
21,845041	2,638860
21,297214	2,639838
20,461386	2,642121
20,307994	2,643751
19,813385	2,644077
19,209210	2,645708
18,345208	2,648316
17,406076	2,650599
16,250943	2,650925
15,530942	2,653208
14,566766	2,654186
12,760502	2,653534
11,370586	2,657447
11,145194	2,657447
11,210934	2,659403
10,534758	2,662012
10,256149	2,663643
10,278062	2,664947
10,613019	2,665273
9,827279	2,667882
10,337541	2,668534
10,027627	2,670490
10,077714	2,673099
9,921192	2,672121
10,127801	2,673751
10,043279	2,675708
10,669367	2,677338
11,026238	2,679295
10,487802	2,680925
10,309367	2,679947
10,578585	2,683534
10,653715	2,685164
10,922933	2,686469
11,511456	2,687121
12,247109	2,688099
12,331631	2,689730
12,882589	2,692012
13,242590	2,693969
14,094070	2,695925
14,216157	2,696904
14,807810	2,699186
16,016160	2,697882
16,319813	2,699838
17,299641	2,702773
17,615815	2,704730
18,814774	2,706034
19,428341	2,707012
19,829037	2,707664
20,689908	2,710925
21,309736	2,712556
22,427303	2,712882
22,755999	2,714838
22,568173	2,714186
23,873567	2,716469
24,308698	2,718099
24,587307	2,719730
24,746960	2,720708
24,812699	2,722338
25,213395	2,725273
25,448178	2,724295
25,185221	2,727882
25,348004	2,729186
25,614092	2,730491
25,632874	2,731469
25,432526	2,732121
25,420004	2,734730
25,698614	2,735382
25,354265	2,737012
25,492004	2,739295
24,984873	2,741251
25,695483	2,740925
24,812699	2,743860
24,646785	2,743860
24,443307	2,745491
24,039480	2,748425
23,100348	2,749078
22,577564	2,750056
22,311477	2,750382
21,337910	2,754295
20,354951	2,755273
19,647471	2,756904
18,642600	2,758208
18,342078	2,759186
17,274597	2,759838
17,255815	2,762447
17,008510	2,764404
16,995988	2,764404
17,374771	2,766034
17,997729	2,768643
18,029034	2,770273
18,057208	2,770599
18,129208	2,773534
18,833557	2,775817
19,581732	2,773860
19,697559	2,776143
20,223473	2,778751
20,570952	2,778425
21,754258	2,780056
22,267650	2,781360
22,915652	2,784295
23,992523	2,785599
24,853395	2,787230
26,052353	2,787556
27,439139	2,789186
28,506619	2,790817
29,956013	2,792447
31,950104	2,794078
34,507674	2,795708
36,310808	2,796686
38,477073	2,797991
41,404035	2,799621
43,385604	2,801904
46,221783	2,802230
48,726136	2,804512
50,573096	2,805491
53,252753	2,806143
55,318844	2,807447
56,567890	2,810056
58,399198	2,812991
60,556072	2,813643
62,349814	2,813317
63,479903	2,816578
64,005817	2,817882
65,060776	2,819186
65,702516	2,819512
66,469474	2,822773
67,014171	2,824730
67,076780	2,825382
67,630868	2,825708
67,358520	2,828317
67,383563	2,828643
67,486868	2,830273
66,625996	2,832882
66,018691	2,834186
65,314342	2,834839
64,281296	2,836143
63,564425	2,838426
62,675380	2,838752
60,759550	2,840708
59,679548	2,842339
58,630851	2,843643
56,574151	2,845273
54,526843	2,847882
52,291708	2,846904
49,305268	2,849186
46,678828	2,851795
42,637429	2,851469
38,786986	2,853426
34,432543	2,854078
29,771317	2,857013
25,983484	2,858969
23,103478	2,859295
21,009213	2,861578
19,456515	2,863860
17,859990	2,863208
17,046075	2,865165
16,025552	2,866795
14,685723	2,869404
14,726419	2,869404
14,250592	2,871360
13,417894	2,872339
13,208155	2,875273
13,032850	2,874621
12,697893	2,876578
12,397371	2,877556
12,409892	2,878860
12,181370	2,882121
12,287805	2,883752
12,469371	2,885708
12,306588	2,886034
12,550762	2,887665
12,691632	2,888643
12,907632	2,889947
13,267633	2,891578
13,295807	2,892882
13,370938	2,894187
14,263113	2,896795
14,989376	2,896795
15,424507	2,900056
15,458942	2,900708
16,476335	2,901360
17,562598	2,903317
18,147990	2,904295
19,362601	2,906578
19,631819	2,906904
20,536517	2,910165
21,171996	2,910165
21,779302	2,910817
22,267650	2,914404
22,433564	2,916034
23,651305	2,917991
23,641914	2,918317
24,221045	2,918317
24,718786	2,920600
24,815829	2,921578
24,859655	2,924187
25,326091	2,924839
25,554613	2,926143
25,714266	2,927774
25,542091	2,931360
25,354265	2,930708
25,163308	2,932013
25,244700	2,932991
25,276004	2,935274
24,828351	2,937230
24,737568	2,939187
24,283654	2,940491
23,908001	2,942121
23,532349	2,942447
22,718434	2,945382
23,018956	2,946687
21,882606	2,947013
21,306605	2,948643
20,862083	2,949947
19,847820	2,951904
18,617556	2,953208
17,499989	2,952556
16,479465	2,955817
15,217898	2,955817
13,511808	2,958426
12,203283	2,960382
11,054412	2,961687
10,243627	2,962665
9,605017	2,964295
8,894407	2,965274
8,534407	2,967230
8,506233	2,969839
8,190058	2,969839
8,111797	2,971795
7,823797	2,973100
7,661014	2,974730
7,498231	2,975708
7,479448	2,977339
7,560840	2,978969
6,878404	2,981578
7,160143	2,982556
7,354231	2,984513
7,485709	2,986143
7,426231	2,987121
6,825186	2,988100
7,426231	2,989078
7,410578	2,991361
7,272839	2,993317
7,861362	2,994295
7,554579	2,994948
7,745536	2,996578
7,438752	2,998535
8,656494	2,999187
7,363622	3,000491
7,980319	3,002774
8,881886	3,003426
8,806755	3,005708
8,856842	3,007665
8,866233	3,008317
8,681537	3,009948
9,226234	3,010926
9,755279	3,012230
9,911801	3,013208
9,839801	3,014839
10,240497	3,016143
10,484671	3,017774
10,509715	3,020708
10,681889	3,022665
10,547280	3,023317
10,922933	3,025274
11,298586	3,025600
11,311108	3,027882
11,085716	3,030165
11,439456	3,029839
11,333021	3,032448
11,570934	3,033426
11,639804	3,035056
11,730587	3,036361
11,580326	3,037339
11,883978	3,039295
11,808848	3,040600
11,520847	3,042882
12,331631	3,043861
12,165718	3,044187
12,053022	3,046795
12,741719	3,048752
12,275283	3,049404
12,234588	3,051361
12,594588	3,051361
12,187631	3,054622
11,874587	3,055274
12,456849	3,054622
11,902761	3,057882
12,059283	3,059187
11,686761	3,061143
11,874587	3,063426
11,661717	3,064730
11,852674	3,065056
12,672849	3,067665
12,121892	3,068969
12,519458	3,068643
12,707284	3,072230
12,804328	3,071252
13,302068	3,075165
13,352155	3,075817
13,392851	3,076143
14,532331	3,078100
14,560505	3,080056
15,001897	3,081035
15,177202	3,082013
15,793899	3,085274
16,382422	3,086578
16,892684	3,086578
17,243293	3,089839
18,345208	3,089513
18,583122	3,090491
19,979298	3,093426
20,930952	3,093426
21,303475	3,095709
21,951476	3,097665
24,064523	3,099948
24,878438	3,099296
26,356006	3,101252
27,536182	3,103861
29,815143	3,104513
31,493059	3,106470
33,534107	3,106143
35,515676	3,108426
37,681941	3,109730
39,964032	3,112665
41,413426	3,113643
43,297952	3,114622
44,791172	3,115600
46,660045	3,117230
47,627351	3,118535
49,477442	3,121470
50,166139	3,122448
51,606141	3,123752
51,750142	3,124078
53,143188	3,125709
53,017970	3,128643
53,506319	3,129622
54,407886	3,129948
53,606493	3,132883
54,558147	3,132557
54,783539	3,134839
54,448582	3,136796
54,069798	3,139730
53,791189	3,138426
53,293449	3,141687
52,967883	3,142991
51,574837	3,142991
50,873618	3,144622
50,231878	3,146904
49,314659	3,148209
48,031178	3,150491
47,004394	3,151144
45,201260	3,152448
43,513952	3,153426
41,560557	3,156035
39,419336	3,156361
36,423504	3,158317
33,518455	3,158970
30,071839	3,160926
26,440528	3,162557
22,330259	3,163209
19,187297	3,166144
16,892684	3,168100
14,735810	3,168752
13,884330	3,169731
12,366066	3,171361
11,379977	3,172339
10,697541	3,175274
10,105888	3,175274
9,504843	3,176904
8,750407	3,179187
8,377885	3,179839
7,967797	3,181144
8,014754	3,183426
7,792492	3,186035
6,480838	3,187013
6,784490	3,187013
7,229013	3,188644
6,258576	3,191252
5,911097	3,191578
6,033185	3,193861
5,820315	3,194839
5,757706	3,196144
5,654401	3,196796
5,341357	3,199404
5,259966	3,202013
5,613705	3,202665
5,469705	3,204296
5,563618	3,206252
5,469705	3,206252
5,187966	3,207883
5,482227	3,210491
5,657532	3,209839
5,100313	3,211470
5,313183	3,212774
5,197357	3,214405
5,172313	3,217013
5,222400	3,218644
5,028313	3,219622
4,871791	3,219948
5,147270	3,223535
5,269357	3,224187
5,187966	3,225165
5,094052	3,226470
4,627617	3,227448
4,693356	3,229078
5,344488	3,230709
4,571269	3,232665
4,709008	3,234948
3,394223	3,236578
4,934400	3,236578
5,297531	3,238535
5,638749	3,239187
5,222400	3,241470
4,821704	3,243426
4,533703	3,244078
3,985876	3,245057
5,767097	3,247013
6,108315	3,248644
5,814054	3,251252
6,008141	3,251578
4,555616	3,253209
4,167442	3,255492
4,946922	3,257122
4,793530	3,257448
4,320833	3,258426
4,878052	3,258752
4,984487	3,260709
5,090922	3,264296
4,339616	3,264622
4,117355	3,266905
3,597702	3,267883
4,039094	3,268535
4,417877	3,271144
4,499269	3,270492
4,230051	3,273100
4,255094	3,276361
3,322223	3,276035
3,099961	3,278644
3,159440	3,278970
3,184483	3,279948
4,298920	3,281252
4,605704	3,283535
4,226920	3,284187
3,629006	3,287774
4,057876	3,288426
3,735441	3,290057
5,544836	3,291687
4,743443	3,292339
4,042224	3,293970
4,442921	3,295600
4,035963	3,296579
3,957702	3,297231
3,716658	3,300818
4,101703	3,300818
3,854398	3,302448
3,387962	3,304731
3,951441	3,306361
4,007789	3,307666
4,458573	3,307992
3,963963	3,310600
4,126746	3,312231
4,417877	3,313209
4,035963	3,313861
3,779267	3,315166
4,637008	3,318100
4,117355	3,318426
3,788658	3,319405
4,442921	3,322013
3,625876	3,323644
3,519441	3,323970
4,173703	3,325274
4,248833	3,327883
4,117355	3,329840
4,120485	3,329187
4,189355	3,330818
3,557006	3,333100
3,356658	3,333426
4,734052	3,337013
5,103444	3,336361
4,806052	3,339622
3,397353	3,340926
3,888833	3,340926
3,453701	3,344513
4,677704	3,344513
4,705878	3,346796
3,472484	3,347122
4,643269	3,350383
4,089181	3,352013
4,505529	3,353318
4,201877	3,353644
3,779267	3,354622
4,035963	3,356253
4,615095	3,356905
4,236312	3,359513
3,544484	3,361796
3,666571	3,362774
4,455442	3,365383
4,327094	3,364405
3,970224	3,367013
3,754224	3,369622
3,716658	3,369948
4,054746	3,370600
4,173703	3,372231
4,330225	3,374840
4,023442	3,375818
3,982746	3,376796
4,674573	3,377774
4,524312	3,380709
3,406745	3,381361
3,347266	3,382666
4,467964	3,384948
3,866919	3,384622
4,032833	3,386253
3,819963	3,388535
4,183094	3,390818
3,619615	3,392122
3,657180	3,393101
4,439790	3,394731
3,231440	3,396361
3,741702	3,397340
3,647789	3,399296
3,594571	3,399296
3,832485	3,401579
3,776137	3,403535
3,550745	3,404514
3,697876	3,406144
3,979615	3,406470
4,383442	3,407774
4,117355	3,411361
4,759095	3,413644
4,073529	3,413970
3,560136	3,413970
4,655791	3,416905
4,067268	3,416905
4,086050	3,417883
2,883961	3,421470
4,004659	3,421144
4,345877	3,423753
3,804311	3,425383
3,747963	3,427014
4,020311	3,427666
3,960833	3,429948
4,004659	3,429622
4,226920	3,431905
4,242572	3,433861
3,441180	3,436144
4,255094	3,437122
4,151790	3,436796
3,675963	3,440057
3,550745	3,441688
3,603962	3,442992
4,633877	3,442992
3,873180	3,443970
3,578919	3,448209
4,302051	3,447883
2,846396	3,449840
4,615095	3,450492
5,288140	3,453427
4,367790	3,454731
3,810572	3,455709
4,086050	3,456688
3,982746	3,459296
3,638397	3,460275
2,423786	3,462231
5,062748	3,462557
4,342746	3,464840
3,701006	3,465492
3,679093	3,467122
3,967094	3,469405
3,741702	3,471362
3,644658	3,472666
3,466223	3,473318
3,951441	3,474296
4,593182	3,476579
4,314573	3,477883
3,679093	3,478209
4,039094	3,480166
4,543095	3,482775
4,045355	3,483427
3,726050	3,485057
3,578919	3,487014
3,923267	3,487014
2,959092	3,488644
3,691615	3,491579
3,732311	3,492231
4,089181	3,493535
4,089181	3,495492
3,269005	3,496796
4,073529	3,497122
4,345877	3,500057
4,045355	3,500057
3,760485	3,501362
3,882572	3,503970
3,835615	3,504296
3,563267	3,505601
3,801180	3,509188
3,948311	3,509840
4,267616	3,511144
3,538223	3,511796
3,682223	3,514731
3,998398	3,515383
3,829354	3,517014
4,298920	3,517340
3,666571	3,519949
3,769876	3,522557
4,067268	3,523536
3,557006	3,524514
3,569528	3,526144
4,104833	3,527122
4,107963	3,530057
4,048485	3,531362
4,305181	3,531688
4,524312	3,532992
3,438049	3,534296
3,240831	3,537231
4,029702	3,537557
3,995268	3,538862
3,037353	3,539188
3,832485	3,542449
3,798050	3,543101
4,070398	3,545057
3,566397	3,545383
3,732311	3,547992
3,616484	3,548644
3,901354	3,549949
3,819963	3,552557
3,845006	3,553210
4,167442	3,555492
3,989007	3,555492
4,057876	3,559405
4,076659	3,559079
3,585180	3,559405
3,650919	3,562014
3,857528	3,563318
3,469354	3,564623
3,816832	3,566253
3,722919	3,569188
4,649530	3,568862
4,618225	3,571470
3,594571	3,572123
3,923267	3,573753
4,042224	3,575057
4,061007	3,577666
3,566397	3,577340
3,813702	3,579623
4,007789	3,580601
4,007789	3,583536
3,622745	3,583536
3,381701	3,585492
3,992137	3,588101
4,042224	3,589731
4,032833	3,590710
5,119096	3,592666
3,497527	3,591362
3,290918	3,594297
3,118744	3,595927
3,381701	3,597884
3,779267	3,597884
4,349007	3,599514
4,427268	3,601797
4,183094	3,602449
2,683613	3,603753
3,347266	3,605384
4,148659	3,607666
3,531962	3,607666
3,845006	3,611253
3,447440	3,610927
4,048485	3,612884
3,679093	3,613536
4,164311	3,615492
3,816832	3,617449
3,560136	3,619405
3,932659	3,620057
4,073529	3,620384
3,578919	3,622666
4,574399	3,625601
4,424138	3,626579
3,300310	3,627884
4,079789	3,628862
4,414747	3,629840
3,137527	3,631471
3,594571	3,636362
3,654050	3,635710
3,669702	3,637014
4,486747	3,638971
3,807441	3,640275
4,067268	3,641579
4,777878	3,642884
4,317703	3,643536
3,810572	3,644514
3,769876	3,647123
3,763615	3,648753
4,073529	3,650058
3,760485	3,651688
4,505529	3,652992
3,963963	3,653971
3,528832	3,656579
4,230051	3,655927
4,170572	3,658536
3,222049	3,659514
3,729180	3,661797
3,866919	3,662123
3,891963	3,664405
4,092311	3,665058
3,538223	3,667666
3,992137	3,667992
3,350397	3,670927
3,826224	3,670927
4,086050	3,674188
4,599443	3,674514
3,660310	3,677449
4,051615	3,677449
3,798050	3,678753
3,766745	3,680710
3,873180	3,680710
4,067268	3,683971
4,057876	3,686253
3,669702	3,685601
3,954572	3,686905
3,917007	3,687884
3,710397	3,690492
3,910746	3,692123
2,123264	3,692449
4,546225	3,694405
4,493008	3,695710
3,591441	3,697992
4,095442	3,698971
4,233181	3,701579
3,901354	3,702558
3,675963	3,702558
4,032833	3,705492
3,697876	3,707123
3,669702	3,707123
3,948311	3,709405
3,578919	3,712014
4,395964	3,712014
4,167442	3,714297
4,026572	3,714949
4,148659	3,716579
3,472484	3,716579
4,035963	3,719514
4,035963	3,722123
3,957702	3,722123
4,317703	3,723101
3,882572	3,726362
3,935789	3,727992
3,920137	3,727666
4,145529	3,729297
4,392834	3,732232
3,973354	3,732232
4,098572	3,732884
4,286399	3,734188
4,017181	3,737775
4,117355	3,738427
3,995268	3,739079
3,647789	3,740058
4,671443	3,743319
4,411616	3,744949
4,170572	3,744623
3,932659	3,747232
3,841876	3,749188
4,042224	3,749840
4,599443	3,750819
4,129877	3,753427
5,025183	3,755058
4,849878	3,755710
4,546225	3,756688
4,380312	3,759949
3,375440	3,759949
4,154920	3,761253
4,161181	3,763536
4,045355	3,765493
4,289529	3,765166
3,979615	3,767449
3,960833	3,769406
3,985876	3,770058
4,887443	3,772340
3,729180	3,772340
3,672832	3,773971
4,317703	3,775601
4,186224	3,778210
3,807441	3,779188
4,136137	3,781471
4,242572	3,782123
3,701006	3,782775
4,205007	3,784406
3,848137	3,785710
3,895093	3,787014
3,713528	3,789623
3,948311	3,790601
4,311442	3,792558
4,154920	3,794840
3,613354	3,794840
4,170572	3,796145
4,793530	3,798753
4,421008	3,800058
4,211268	3,801036
4,061007	3,803319
4,142398	3,805275
4,179964	3,805927
4,392834	3,807558
3,672832	3,808210
4,148659	3,809188
4,427268	3,810819
4,364660	3,814080
4,195616	3,813753
4,286399	3,816688
4,270746	3,817340
3,857528	3,818971
3,907615	3,820275
4,355268	3,820275
4,690225	3,822232
4,361529	3,823862
4,195616	3,824840
4,377181	3,827775
4,264485	3,828754
4,552486	3,831362
3,863789	3,831688
4,223790	3,833971
4,643269	3,835601
4,289529	3,835601
4,546225	3,836580
3,992137	3,839188
3,603962	3,840493
4,449181	3,842123
4,549356	3,843427
4,261355	3,844732
5,197357	3,846036
4,580660	3,848319
3,531962	3,849623
5,532314	3,850275
5,119096	3,851254
4,962574	3,853536
4,493008	3,856145
4,934400	3,856145
4,871791	3,857775
4,674573	3,858427
5,012661	3,861362
4,367790	3,862667
4,508660	3,864297
4,552486	3,865275
4,208138	3,866254
4,320833	3,869188
4,777878	3,869188
4,793530	3,872123
4,561877	3,873428
4,392834	3,873754
4,599443	3,876362
4,496138	3,876688
4,267616	3,877993
4,007789	3,878971
4,687095	3,880928
4,489877	3,882558
4,574399	3,883862
4,474225	3,885493
4,395964	3,886471
4,496138	3,888754
4,408486	3,890058
4,045355	3,890384
4,136137	3,893971
4,480486	3,894949
4,433529	3,895928
4,411616	3,896906
3,876311	3,899188
4,054746	3,900167
4,605704	3,900819
3,926398	3,903428
4,352138	3,905384
5,081531	3,907015
4,527442	3,907341
4,273877	3,909623
4,436660	3,910601
4,605704	3,912232
4,483616	3,914841
4,978226	3,914188
4,580660	3,916145
5,122226	3,917775
4,655791	3,918754
4,687095	3,920058
4,539964	3,921036
4,740312	3,923645
4,724660	3,924623
5,172313	3,926906
5,197357	3,926254
5,497879	3,928862
5,191096	3,930493
5,814054	3,931471
5,325705	3,934732
5,557358	3,936036
5,604314	3,937341
5,814054	3,938319
5,616836	3,938971
5,619966	3,940275
4,336486	3,942232
4,370920	3,944841
6,674925	3,946471
6,402577	3,946797
6,039445	3,949080
6,149011	3,950058
5,992489	3,950058
5,823445	3,951689
5,779619	3,952993
5,538575	3,955928
5,635619	3,956906
5,986228	3,957558
5,861010	3,960493
5,770227	3,960493
5,175444	3,963754
5,742054	3,964732
5,914228	3,965384
5,657532	3,967015
4,486747	3,967993
4,590051	3,968971
5,353879	3,972232
5,454053	3,973536
5,429009	3,973862
5,263096	3,975167
5,244313	3,976797
5,388314	3,978428
5,325705	3,980710
4,261355	3,982341
3,776137	3,983645
4,436660	3,983971
4,377181	3,985276
5,441531	3,988536
5,933010	3,989841
4,455442	3,991797
5,162922	3,990493
4,705878	3,993102
4,718399	3,995384
4,405355	3,996363
4,277007	3,998319
4,308312	3,998971
4,267616	4,001580
4,768486	4,001906
4,154920	4,002884
4,449181	4,004841
4,755965	4,007123
3,672832	4,008754
3,469354	4,009406
4,593182	4,010710
4,978226	4,011363
4,687095	4,012993
4,709008	4,015276
4,133007	4,017884
4,796660	4,017558
4,552486	4,019189
6,070750	4,021471
5,651271	4,022776
4,627617	4,023428
5,187966	4,025058
5,106574	4,027667
5,341357	4,027667
5,219270	4,028971
4,298920	4,030928
4,502399	4,032558
4,242572	4,033537
5,272487	4,036471
5,228661	4,036145
5,626227	4,037123
4,987617	4,039080
5,306922	4,041363
5,663792	4,042993
5,438401	4,044950
5,112835	4,046580
5,645010	4,046254
6,183446	4,048863
5,097183	4,050493
5,306922	4,051471
5,588662	4,052776
6,070750	4,054080
5,475966	4,055058
5,610575	4,058645
5,084661	4,058645
5,497879	4,059950
5,638749	4,062884
5,150400	4,061906
6,274228	4,065819
6,158402	4,065493
4,868661	4,068102
4,483616	4,069080
5,147270	4,071037
5,914228	4,071689
5,197357	4,073645
5,197357	4,074950
5,018922	4,076580
5,754575	4,077232
4,721530	4,079841
5,234922	4,079515
4,896835	4,083428
4,921878	4,082776
5,357009	4,085058
5,209879	4,086037
4,740312	4,088971
5,529184	4,088319
5,018922	4,091254
4,968835	4,091580
4,067268	4,094189
4,386573	4,096471
5,059617	4,096798
5,006400	4,098428
4,029702	4,098102
4,724660	4,100384
4,662051	4,101689
4,831095	4,104298
5,006400	4,104298
5,375792	4,107884
4,990748	4,108863
4,837356	4,109841
4,333355	4,112124
4,887443	4,113102
4,505529	4,113754
4,195616	4,116363
4,433529	4,117667
5,197357	4,118319
5,025183	4,119950
4,993878	4,122232
5,037704	4,122558
4,630747	4,124841
4,984487	4,125493
5,457183	4,126145
5,544836	4,127450
5,691966	4,130385
5,294400	4,131689
5,328835	4,133971
5,798401	4,135602
5,444662	4,136254
5,879793	4,136580
6,105185	4,138211
5,842228	4,140167
5,823445	4,142776
5,695097	4,142776
5,770227	4,144406
5,670053	4,147015
6,142750	4,146689
6,136489	4,150276
5,864141	4,149950
5,845358	4,151580
6,483968	4,153537
6,080141	4,155493
6,242924	4,155167
6,180315	4,157450
6,546577	4,158428
6,083272	4,160058
6,005011	4,162341
6,205359	4,163319
6,242924	4,163972
6,127098	4,168211
6,011271	4,168211
6,058228	4,169515
6,355620	4,171472
5,701358	4,172450
6,771969	4,174080
6,543446	4,176037
6,696838	4,177667
5,795271	4,178645
5,619966	4,178319
5,269357	4,181254
3,851267	4,181906
3,707267	4,183537
5,444662	4,185819
5,416488	4,186472
4,881182	4,188754
4,806052	4,190385
4,806052	4,191363
4,912487	4,192993
5,619966	4,192993
5,438401	4,196580
4,577530	4,197232
4,868661	4,198211
4,395964	4,199841
5,144139	4,200819
4,370920	4,202124
4,536834	4,203428
4,824834	4,206363
4,849878	4,207341
4,565008	4,207993
5,463444	4,210928
4,715269	4,210928
5,097183	4,212233
5,331966	4,215493
4,884313	4,215819
4,956313	4,217450
4,514921	4,220059
4,818573	4,221037
5,200487	4,221689
6,030054	4,222667
4,959443	4,225276
5,047096	4,225276
4,442921	4,226580
4,408486	4,229189
5,526053	4,229841
5,876662	4,232450
5,754575	4,233428
5,826575	4,235711
5,854749	4,237341
6,152141	4,237341
6,471446	4,239298
6,192837	4,241254
7,072491	4,242233
6,850230	4,242885
6,765708	4,245167
6,721881	4,246472
6,634229	4,249406
6,975447	4,249733
5,920489	4,250059
6,671794	4,252667
6,687447	4,255602
6,283620	4,255602
8,759798	4,256907
7,454405	4,258211
7,069360	4,260493
6,859621	4,261146
7,091273	4,264407
6,728142	4,264407
7,610927	4,264733
7,344839	4,266689
6,549707	4,268972
6,837708	4,271254
6,981708	4,270928
6,656142	4,272885
7,053708	4,274515
6,875273	4,277450
6,953534	4,278428
6,834577	4,278428
6,962925	4,281037
6,252315	4,281689
6,230402	4,283646
6,180315	4,285276
5,604314	4,287233
5,763967	4,288211
5,075270	4,289189
5,485357	4,290494
5,598053	4,290820
5,519792	4,293428
5,551097	4,295711
5,823445	4,295711
5,475966	4,298646
5,413357	4,299950
5,400835	4,301581
5,250574	4,302233
5,504140	4,303863
5,804662	4,303537
5,388314	4,306798
5,907967	4,308102
5,256835	4,309407
5,422749	4,311689
6,152141	4,312667
6,123967	4,314298
5,560488	4,314950
5,701358	4,317559
6,271098	4,318537
6,005011	4,319189
6,149011	4,320494
6,408837	4,322776
6,393185	4,323102
6,261707	4,325385
6,740664	4,327015
7,338578	4,327668
6,878404	4,330276
7,097534	4,330602
7,870753	4,333537
8,005362	4,333211
8,208841	4,334841
7,923971	4,336472
7,767449	4,335168
8,662755	4,340385
8,647103	4,341363
9,016495	4,342994
9,363974	4,344950
10,090236	4,346255
9,711452	4,345928
10,027627	4,347885
10,249888	4,350820
10,265540	4,349841
10,506584	4,353102
10,397019	4,355385
10,472150	4,357015
10,450236	4,357341
10,422062	4,359298
10,403280	4,359624
10,760150	4,360928
11,198412	4,362885
10,287454	4,364189
11,301716	4,366472
10,603628	4,368102
10,506584	4,369407
10,212323	4,370385
10,393889	4,371689
10,303106	4,372342
10,669367	4,375602
10,691280	4,375602
10,259280	4,378211
9,867974	4,379189
9,429713	4,381146
9,276321	4,381472
9,010234	4,383428
8,897538	4,384733
8,484320	4,387668
7,945884	4,387994
7,601535	4,389298
7,197708	4,390929
7,059969	4,392233
6,781360	4,394842
6,706229	4,395168
6,709360	4,397124
6,728142	4,398429
6,421359	4,400385
5,028313	4,401689
6,305533	4,401689
7,513883	4,403646
6,806403	4,405276
6,048837	4,406255
6,070750	4,407885
6,390055	4,409842
7,088143	4,412124
6,577881	4,413755
7,041186	4,415059
6,890925	4,415385
6,771969	4,417342
6,014402	4,417994
6,966056	4,421255
7,961536	4,421581
7,801884	4,422885
7,617188	4,425820
7,373013	4,425168
7,579622	4,426472
8,099275	4,427776
7,495100	4,430711
7,974058	4,432668
8,653363	4,433646
9,727105	4,435276
10,065192	4,435603
9,492322	4,436581
10,140323	4,438863
10,168497	4,440820
10,882237	4,442124
10,982411	4,442776
11,439456	4,445059
11,689891	4,446363
12,015457	4,448646
12,325370	4,449298
12,200153	4,450603
12,431805	4,452559
12,682241	4,452885
12,816850	4,454516
13,483634	4,455820
13,161198	4,458755
13,107981	4,459407
12,716676	4,459407
13,145546	4,462016
13,217546	4,463972
13,411633	4,464624
13,364677	4,466581
13,217546	4,468537
13,702764	4,470168
12,895111	4,470820
13,583808	4,472450
13,624503	4,472450
12,635284	4,475059
12,472501	4,476363
14,213026	4,477994
13,057894	4,479950
12,917024	4,481907
11,693021	4,481907
11,242238	4,484190
10,841542	4,486798
10,531628	4,486472
9,911801	4,487777
9,714583	4,489081
9,032147	4,492342
8,484320	4,492342
8,478059	4,494624
8,359102	4,496581
7,761188	4,495929
8,246406	4,499190
7,892666	4,500820
7,902058	4,502777
6,696838	4,503755
7,504492	4,505059
8,036667	4,506037
8,005362	4,507016
8,415450	4,509624
8,590755	4,510603
8,111797	4,510929
8,352841	4,514190
8,246406	4,515168
8,728494	4,515820
8,787972	4,518103
8,368493	4,520059
9,260669	4,520059
9,320147	4,521364
9,645713	4,522016
9,288843	4,524298
9,395278	4,527559
10,346932	4,526255
10,681889	4,529190
11,113890	4,531146
10,553541	4,531798
11,583456	4,533103
12,081196	4,535711
12,218936	4,536037
12,995285	4,538320
13,292677	4,540277
13,336503	4,540603
14,845375	4,543537
16,272856	4,543864
16,651640	4,545168
16,091291	4,547451
16,942771	4,548103
18,933731	4,550059
19,675645	4,551364
19,127818	4,552994
19,725733	4,554298
20,333038	4,554624
20,192168	4,557233
20,868343	4,557559
20,899648	4,558864
20,752517	4,560820
21,447475	4,562124
21,447475	4,564733
21,910780	4,565059
21,654084	4,567994
22,117389	4,567668
22,023476	4,570277
21,773041	4,570603
21,228344	4,572559
21,225214	4,574842
21,250257	4,576472
20,946604	4,577451
20,774430	4,579407
20,517734	4,579733
19,725733	4,582668
19,575471	4,582342
19,271819	4,584298
18,761557	4,584951
17,653381	4,587233
17,155641	4,587559
16,025552	4,590168
14,532331	4,592777
13,956330	4,592451
12,804328	4,593755
11,333021	4,595712
9,551800	4,598972
8,816146	4,598320
8,866233	4,600929
8,149362	4,600929
8,240145	4,604190
7,573361	4,603538
6,972317	4,605494
7,031795	4,607777
7,329187	4,609081
7,210230	4,611038
7,041186	4,611364
6,462055	4,613972
6,665534	4,615277
6,565359	4,617233
7,106926	4,618212
7,091273	4,618538
6,552838	4,621472
6,537185	4,621472
7,166404	4,624407
6,915969	4,625059
6,462055	4,625712
6,662403	4,629299
7,059969	4,630277
7,742405	4,629951
7,676666	4,633212
7,157013	4,633212
7,210230	4,636472
7,783101	4,636799
7,513883	4,637777
7,861362	4,640386
8,334058	4,641038
8,503102	4,642994
8,474928	4,643320
9,338930	4,645277
9,054060	4,647886
9,291973	4,649190
9,689539	4,650820
10,146584	4,652125
10,109018	4,653103
10,772672	4,654407
10,991803	4,655712
10,847802	4,657994
10,672498	4,658972
10,772672	4,660603
11,480151	4,662559
11,686761	4,662886
11,483282	4,664516
11,195281	4,666799
11,705543	4,667125
11,461369	4,668755
11,739978	4,670059
11,248499	4,672342
11,774413	4,673320
11,621021	4,675603
11,774413	4,676581
11,464499	4,676581
11,724326	4,679190
11,204673	4,680494
10,991803	4,683103
11,026238	4,682777
10,697541	4,686038
10,171627	4,687016
10,209193	4,687016
10,390758	4,688973
9,808496	4,692233
9,633191	4,692233
8,856842	4,693538
8,384146	4,694516
8,002232	4,697125
7,229013	4,699081
6,577881	4,699407
6,274228	4,701690
5,773358	4,702668
5,929880	4,704625
5,256835	4,706255
5,031443	4,705603
5,169183	4,709516
5,259966	4,710168
4,950052	4,712451
5,050226	4,712451
4,890574	4,713429
4,781008	4,715712
4,662051	4,718320
4,862400	4,719299
5,037704	4,719951
4,461703	4,721581
4,571269	4,723864
5,056487	4,724842
4,345877	4,726799
4,683965	4,727125
4,630747	4,728755
4,392834	4,730060
4,514921	4,732016
4,611964	4,733320
4,561877	4,733973
4,261355	4,735603
4,502399	4,736907
3,942050	4,739190
4,643269	4,741147
4,436660	4,742451
4,145529	4,744407
4,511790	4,744407
4,364660	4,746038
4,455442	4,747994
4,561877	4,749951
4,273877	4,750277
4,408486	4,753212
4,568138	4,752886
4,593182	4,754842
4,461703	4,755821
4,508660	4,759081
4,286399	4,759734
4,496138	4,761364
4,680834	4,763321
5,050226	4,764299
4,624486	4,765277
4,755965	4,766907
4,493008	4,768538
4,223790	4,769190
4,148659	4,772451
4,126746	4,773429
4,323964	4,775060
5,119096	4,775712
4,386573	4,777342
4,317703	4,779299
3,729180	4,779299
3,945181	4,781908
4,073529	4,782560
4,571269	4,784190
4,705878	4,785168
5,015791	4,786473
3,992137	4,787777
3,225179	4,790386
4,712139	4,790712
4,718399	4,793647
4,502399	4,794625
4,571269	4,794625
4,277007	4,796908
3,967094	4,798864
4,270746	4,800821
4,248833	4,803103
4,302051	4,803755
4,133007	4,805060
4,195616	4,805712
4,267616	4,807668
4,693356	4,809951
3,181353	4,810603
4,236312	4,810929
4,195616	4,814190
4,183094	4,815168
4,508660	4,815495
3,960833	4,816799
3,760485	4,819734
4,427268	4,820712
4,320833	4,821690
4,286399	4,823321
4,292659	4,824625
3,885702	4,825929
4,123616	4,827886
5,022052	4,827886
4,499269	4,829516
3,938920	4,831799
3,826224	4,833429
4,104833	4,834082
4,111094	4,836364
3,960833	4,837342
4,167442	4,839625
4,139268	4,841908
4,342746	4,841908
4,104833	4,844516
4,173703	4,845169
4,261355	4,847125
3,907615	4,849408
3,741702	4,849734
4,289529	4,851690
3,985876	4,852342
4,586921	4,853973
3,766745	4,855929
4,120485	4,855929
3,954572	4,859190
4,170572	4,860169
4,292659	4,861473
4,195616	4,863429
4,349007	4,864408
4,236312	4,866690
4,480486	4,867342
3,979615	4,869625
4,267616	4,868647
4,784139	4,870929
3,356658	4,872234
3,594571	4,874190
3,917007	4,876147
4,402225	4,877777
4,098572	4,878429
4,086050	4,880386
3,766745	4,882669
4,211268	4,882016
4,452312	4,884625
4,129877	4,885277
3,945181	4,888212
3,973354	4,889843
4,377181	4,891799
4,317703	4,892125
4,098572	4,892451
4,148659	4,894734
4,330225	4,896038
4,111094	4,897995
3,866919	4,899951
3,675963	4,901256
3,998398	4,901908
4,417877	4,903864
3,891963	4,904516
4,126746	4,905821
4,217529	4,908756
3,898224	4,910060
3,917007	4,911364
4,142398	4,912669
4,133007	4,913973
4,809182	4,915603
4,599443	4,917234
4,117355	4,916582
3,341005	4,919516
4,305181	4,920821
4,198746	4,923103
3,951441	4,924734
3,891963	4,924734
4,289529	4,927016
5,598053	4,929625
3,910746	4,929625
3,989007	4,930603
4,345877	4,931582
4,408486	4,934190
3,644658	4,935821
4,111094	4,936799
4,273877	4,937451
3,776137	4,941038
3,704137	4,941690
4,014050	4,942669
4,330225	4,944299
3,782398	4,946256
4,790400	4,947560
4,449181	4,948212
4,561877	4,949843
3,816832	4,951799
4,286399	4,952451
4,295790	4,953756
4,239442	4,956038
4,089181	4,958321
4,145529	4,958321
4,070398	4,959299
3,654050	4,961582
3,945181	4,964517
4,230051	4,963538
4,317703	4,967125
3,998398	4,967125
4,223790	4,968756
4,114224	4,970712
4,045355	4,971690
4,145529	4,972343
4,308312	4,974625
4,026572	4,975277
4,111094	4,977560
3,967094	4,979191
4,039094	4,980169
4,248833	4,982777
4,427268	4,983756
4,086050	4,984408
4,702747	4,986364
3,982746	4,989299
4,176833	4,988647
4,014050	4,990277
4,308312	4,993212
3,854398	4,993212
3,541354	4,994517
3,976485	4,996147
4,098572	4,998756
4,142398	4,999734
3,904485	5,001364
4,236312	5,002995
4,421008	5,003973
4,377181	5,004951
4,267616	5,006908
3,672832	5,008538
4,430399	5,009517
4,918748	5,011147
3,669702	5,012778
3,967094	5,014734
3,838746	5,016364
4,211268	5,016364
3,954572	5,018647
4,145529	5,019625
4,048485	5,022234
3,729180	5,021908
3,710397	5,024843
4,320833	5,025169
4,308312	5,027451
4,120485	5,029082
3,610223	5,030060
4,439790	5,031691
4,270746	5,032995
4,367790	5,034951
4,267616	5,035604
4,057876	5,037560
3,801180	5,038538
4,054746	5,041147
4,176833	5,042125
4,577530	5,044082
4,518051	5,046038
4,302051	5,046038
3,866919	5,047343
3,782398	5,048647
4,189355	5,050604
4,643269	5,051908
