-1,919064	0,987878
-2,134282	0,986574
-1,997325	0,987226
-2,202760	0,988531
-2,633196	0,988205
-1,902759	0,990487
-1,899498	0,991465
-2,111455	0,992444
-1,994064	0,995379
-2,349499	0,996683
-2,140803	0,996683
-1,951672	1,000596
-2,222325	0,999944
-2,052760	1,002552
-2,277760	1,003857
-1,416889	1,004509
-2,069064	1,006792
-2,069064	1,007770
-1,579933	1,010379
-2,153847	1,010379
-2,016890	1,012661
-2,003847	1,014292
-2,342978	1,014292
-2,307108	1,017226
-2,303847	1,019183
-2,108195	1,019509
-2,196238	1,021466
-1,857107	1,022770
-1,967977	1,023422
-1,892977	1,026683
-1,736455	1,027009
-2,476673	1,029618
-1,834281	1,028966
-1,469063	1,032226
-2,088629	1,032552
-1,804933	1,035487
-2,121238	1,035813
-1,606020	1,038422
-2,016890	1,039074
-2,163629	1,040053
-1,932107	1,041031
-1,974499	1,043639
-1,782107	1,044618
-1,879933	1,045922
-2,124499	1,048205
-1,876672	1,050161
-2,166890	1,051139
-1,756020	1,052770
-1,795150	1,054400
-1,902759	1,055053
-1,981020	1,057335
-1,319063	1,057661
-2,140803	1,059292
-1,860368	1,061248
-1,977759	1,062553
-2,003847	1,063857
-1,896238	1,065487
-1,413628	1,067444
-1,723411	1,069726
-2,235369	1,070053
-1,814716	1,070379
-1,827759	1,072335
-1,899498	1,075922
-2,104934	1,075270
-1,912542	1,076574
-1,720150	1,078531
-2,059281	1,079509
-1,508193	1,082770
-1,967977	1,084727
-1,677759	1,083748
-1,837542	1,085379
-1,883194	1,087661
-2,235369	1,087987
-2,114716	1,092227
-1,974499	1,092553
-2,003847	1,094509
-1,795150	1,095813
-1,517976	1,096792
-1,739716	1,098422
-1,831020	1,100705
-1,938629	1,102661
-1,837542	1,102987
-1,945151	1,103314
-2,016890	1,104292
-1,671237	1,105922
-2,222325	1,108205
-1,700585	1,109835
-1,716889	1,111140
-1,759281	1,111466
-1,625585	1,114727
-2,144064	1,115379
-1,899498	1,116683
-1,840803	1,117661
-1,857107	1,120270
-2,117977	1,120270
-1,315802	1,122879
-1,609281	1,123857
-1,961455	1,127118
-2,277760	1,128096
-2,042977	1,129074
-2,261456	1,131683
-1,713629	1,131357
-2,069064	1,132009
-1,857107	1,134618
-1,821237	1,136248
-1,844064	1,138205
-1,808194	1,139509
-1,840803	1,139509
-1,977759	1,141792
-1,570150	1,142444
-1,687542	1,144401
-1,902759	1,147335
-1,990803	1,148640
-1,531020	1,148640
-2,049499	1,151901
-2,137542	1,151901
-1,984281	1,152879
-1,964716	1,155814
-1,703846	1,155161
-1,981020	1,157444
-1,899498	1,160705
-1,687542	1,161357
-1,221236	1,162661
-1,967977	1,162988
-1,651672	1,166901
-2,000586	1,166901
-1,058193	1,168857
-1,729933	1,170814
-1,319063	1,170161
-1,335367	1,173096
-1,221236	1,174727
-1,553846	1,174727
-1,645150	1,176683
-1,713629	1,178314
-1,635368	1,180596
-1,488628	1,182879
-1,547324	1,182879
-1,501672	1,184183
-1,387541	1,184835
-1,501672	1,187770
-1,716889	1,188096
-1,883194	1,188748
-1,677759	1,191357
-1,596237	1,193314
-1,557107	1,195270
-1,573411	1,196575
-1,501672	1,198857
-1,667976	1,200488
-1,775585	1,200488
-1,557107	1,202770
-1,338628	1,204075
-1,302758	1,205053
-1,667976	1,207335
-1,508193	1,209292
-1,338628	1,209618
-1,566889	1,210596
-1,661455	1,212227
-1,553846	1,213205
-1,951672	1,215488
-1,788629	1,216792
-1,690802	1,217444
-2,300586	1,218422
-1,407106	1,220705
-1,560367	1,222662
-1,413628	1,224618
-1,700585	1,225596
-1,902759	1,226575
-1,495150	1,228205
-1,632107	1,230488
-1,416889	1,231792
-1,870151	1,234075
-2,160369	1,235379
-2,166890	1,234401
-1,817977	1,236683
-2,013629	1,239618
-1,984281	1,241249
-2,010368	1,240270
-1,990803	1,241901
-1,889716	1,244183
-2,117977	1,245488
-2,245151	1,248096
-1,964716	1,248422
-2,140803	1,249727
-2,274499	1,250705
-2,254934	1,252662
-1,984281	1,254944
-1,912542	1,255922
-2,434282	1,256901
-2,046238	1,259183
-2,033194	1,261466
-2,160369	1,263423
-1,736455	1,262444
-1,902759	1,265705
-2,209282	1,265705
-1,902759	1,268640
-1,932107	1,269618
-2,046238	1,269944
-1,876672	1,273205
-2,013629	1,274836
-2,199499	1,276466
-2,091890	1,275488
-2,007107	1,277770
-1,808194	1,278749
-1,384280	1,280053
-1,632107	1,282009
-1,925585	1,282988
-1,928846	1,286249
-1,703846	1,286575
-1,762542	1,288531
-1,879933	1,289836
-2,450586	1,290488
-2,033194	1,293423
-2,134282	1,293423
-1,671237	1,295053
-1,625585	1,298966
-1,961455	1,298314
-1,896238	1,299292
-1,879933	1,300923
-2,095151	1,303531
-1,742976	1,303531
-1,837542	1,304510
-1,667976	1,307118
-1,778846	1,308423
-2,222325	1,309401
-2,036455	1,312010
-1,612541	1,313966
-2,056021	1,314618
-2,271238	1,315923
-1,436454	1,319183
-1,817977	1,317227
-1,928846	1,321466
-2,173412	1,320814
-1,638628	1,322118
-2,261456	1,326031
-2,069064	1,326031
-1,951672	1,328314
-1,990803	1,327662
-2,212543	1,330923
-2,016890	1,332879
-2,127760	1,332879
-2,170151	1,334510
-2,163629	1,336792
-2,026673	1,337444
-2,016890	1,339075
-2,434282	1,341031
-1,912542	1,342662
-2,134282	1,345270
-1,945151	1,345270
-1,977759	1,346901
-2,069064	1,348531
-1,817977	1,348205
-2,486456	1,351140
-2,610369	1,350814
-2,440804	1,354401
-2,072325	1,355705
-2,342978	1,355379
-1,638628	1,357336
-2,085368	1,360923
-2,225586	1,361901
-1,772324	1,361575
-1,596237	1,365488
-1,804933	1,364510
-1,762542	1,368097
-1,521237	1,367771
-1,322323	1,369727
-1,736455	1,371357
-1,286454	1,372988
-1,364715	1,374292
-1,436454	1,377879
-1,465802	1,376901
-1,651672	1,379184
-1,795150	1,381140
-1,632107	1,382118
-1,338628	1,383097
-1,090801	1,384727
-1,250584	1,387010
-1,178845	1,387662
-1,335367	1,389618
-1,322323	1,390271
-1,188628	1,393205
-1,012540	1,394836
-1,142975	1,394510
-1,449498	1,395162
-1,279932	1,398423
-1,488628	1,399727
-1,625585	1,401684
-1,599498	1,402662
-1,012540	1,403640
-1,312541	1,406901
-1,081019	1,405923
-1,420150	1,406901
-1,547324	1,410488
-1,592976	1,411466
-1,475585	1,413749
-1,465802	1,413423
-1,837542	1,415379
-1,156019	1,416684
-1,716889	1,419618
-1,563628	1,418966
-1,361454	1,422553
-1,547324	1,421901
-1,452758	1,424836
-1,449498	1,426140
-1,749498	1,426792
-1,664715	1,427771
-1,739716	1,429075
-1,612541	1,432662
-1,270149	1,434292
-1,319063	1,433314
-1,814716	1,436575
-1,710368	1,436575
-1,632107	1,439184
-1,573411	1,440814
-1,785368	1,442771
-1,257106	1,443423
-1,844064	1,445379
-1,733194	1,447336
-2,212543	1,447010
-1,710368	1,448314
-1,742976	1,450923
-1,954933	1,451575
-1,641889	1,453205
-1,537541	1,454184
-1,367976	1,456466
-1,504933	1,457445
-1,498411	1,458423
-1,041888	1,461358
-1,025584	1,461684
-1,129932	1,462988
-0,790801	1,466249
-1,009279	1,465271
-0,484278	1,469836
-0,151669	1,469510
-0,432104	1,470488
-0,399496	1,473423
-0,399496	1,474727
0,017897	1,476358
0,141810	1,477010
0,011375	1,479292
-0,027756	1,480923
0,057027	1,481575
0,278767	1,483532
0,177679	1,484510
-0,337539	1,486140
0,200506	1,487119
0,024418	1,488749
0,288549	1,489401
0,233114	1,492988
0,207027	1,492988
-0,174495	1,494619
0,298332	1,495923
0,324419	1,496575
-0,317974	1,499510
-0,119060	1,498858
-0,128843	1,502771
-0,145147	1,502771
-0,252756	1,504727
-0,040799	1,505053
0,057027	1,507336
0,021157	1,509619
0,357028	1,510271
-0,187539	1,512227
-0,229930	1,512553
-0,096234	1,515488
-0,252756	1,515488
-0,181017	1,519075
-0,575583	1,518749
-0,631018	1,520053
0,008114	1,521684
-0,471235	1,522336
-0,451670	1,524293
-0,262539	1,525597
-0,604931	1,528858
-0,428843	1,529510
-0,692974	1,532771
-0,781018	1,531793
-1,048410	1,534401
-0,842975	1,536358
-0,970149	1,536358
-0,856018	1,539619
-1,345150	1,539945
-0,833192	1,541249
-1,071236	1,542227
-1,302758	1,544836
-0,992975	1,545162
-1,312541	1,547445
-1,716889	1,548423
-1,260367	1,549075
-1,292976	1,551358
-1,710368	1,552336
-1,315802	1,554293
-1,198410	1,556249
-1,214715	1,556575
-1,883194	1,558532
-1,475585	1,560488
-1,198410	1,560814
-0,699496	1,563423
-1,025584	1,563423
-0,529931	1,567010
-0,758192	1,566684
-0,644061	1,569619
-0,846236	1,569619
-0,699496	1,570923
-0,425583	1,573858
-0,177756	1,575488
-0,406017	1,574836
-0,441887	1,576793
-0,461452	1,579075
-0,057104	1,580380
-0,344061	1,582336
-0,467974	1,582010
-0,282104	1,584293
-0,379930	1,586901
-0,317974	1,589184
-0,386452	1,589836
-0,295148	1,589836
0,145071	1,593097
-0,588626	1,594401
-0,441887	1,595706
-0,546235	1,596032
-0,542974	1,598641
-0,135365	1,601249
-0,128843	1,600271
-0,637540	1,603532
-0,353843	1,604184
-0,311452	1,606467
-0,412539	1,607119
-0,099495	1,607771
-0,399496	1,610380
-0,503844	1,610380
-0,102756	1,612988
-0,781018	1,613314
-0,145147	1,616249
-0,565800	1,617880
-0,386452	1,619184
-0,803844	1,619184
-0,696235	1,621467
-0,771235	1,624075
-0,931018	1,624075
-0,794062	1,627010
-0,552757	1,627662
-0,526670	1,628315
-0,484278	1,629945
-0,807105	1,632228
-0,852757	1,632880
-1,292976	1,633858
-1,084280	1,636141
-0,940801	1,638749
-1,214715	1,637445
-1,035366	1,640706
-1,051671	1,641684
-1,152758	1,643315
-1,221236	1,645597
-1,302758	1,645597
-1,485367	1,646575
-1,374497	1,649836
-1,840803	1,650815
-1,606020	1,651467
-1,583194	1,654402
-1,632107	1,653097
-1,504933	1,655706
-1,667976	1,657662
-1,501672	1,659293
-1,312541	1,660271
-1,198410	1,661902
-1,576672	1,663858
-0,940801	1,665488
-1,201671	1,666141
-1,517976	1,666793
-1,257106	1,668749
-1,462541	1,671358
-1,022323	1,670706
-0,859279	1,672662
-1,061453	1,675271
-1,022323	1,675271
-1,123410	1,678858
-1,328845	1,678206
-1,025584	1,681141
-1,139714	1,683097
-1,182106	1,683097
-1,289715	1,686684
-1,100584	1,685706
-1,103845	1,688315
-0,764714	1,689945
-1,292976	1,691249
-0,944062	1,692880
-0,816888	1,695489
-1,302758	1,696467
-0,992975	1,698097
-0,829931	1,698749
-1,195149	1,699728
-0,891888	1,702662
-1,074497	1,702010
-0,748409	1,705271
-0,872323	1,705923
-1,015801	1,706249
-1,169062	1,709510
-0,914714	1,710815
-1,142975	1,710815
-0,771235	1,712445
-1,019062	1,715706
-0,653844	1,717010
-1,074497	1,717336
-1,009279	1,719619
-1,032106	1,720597
-1,081019	1,722880
-1,064714	1,722880
-0,911453	1,723858
-1,540802	1,726793
-0,829931	1,727771
-1,306019	1,728749
-0,963627	1,732010
-0,591887	1,732989
-1,237541	1,733967
-0,908192	1,735923
-0,673409	1,736576
-1,129932	1,737880
-1,120149	1,740163
-0,957105	1,740163
-0,904931	1,743097
-1,015801	1,744402
-1,345150	1,745054
-0,572322	1,747010
-0,872323	1,747336
-0,454930	1,748967
-0,549496	1,749945
-0,076669	1,751902
-0,233191	1,754836
-0,321235	1,755815
0,304854	1,756467
0,412462	1,757445
0,047244	1,760054
0,552680	1,762010
0,761376	1,761684
0,666811	1,765597
1,054855	1,765923
1,077681	1,766902
1,041812	1,767880
1,279855	1,771467
1,459204	1,772445
1,107029	1,772445
1,680943	1,774076
1,312464	1,777010
1,299421	1,777010
1,211377	1,778641
1,230942	1,781576
1,048333	1,779945
0,960290	1,783858
1,472247	1,784837
1,566813	1,786793
1,446160	1,788424
1,328769	1,789076
1,348334	1,792010
1,583117	1,792663
1,527682	1,792337
0,676593	1,795597
1,214638	1,796576
1,387464	1,798206
1,557030	1,798858
1,260290	1,799837
0,852681	1,802119
1,426595	1,802771
0,914637	1,805054
1,097246	1,807011
1,009203	1,808641
1,397247	1,808641
1,051594	1,812228
0,937463	1,813858
1,064638	1,813858
0,738550	1,814837
0,784202	1,817771
0,790724	1,817445
0,771159	1,820706
0,904855	1,820054
0,774420	1,823641
0,653767	1,824619
0,357028	1,826250
0,732028	1,827228
0,555941	1,827880
0,591811	1,828858
0,699420	1,830163
0,304854	1,831141
0,657028	1,835706
0,471158	1,835380
0,353767	1,836684
-0,125582	1,839619
0,043984	1,840924
0,207027	1,840598
-0,034278	1,843532
-0,565800	1,843532
-0,578844	1,845815
-0,454930	1,847445
-0,953844	1,849076
-1,107106	1,851358
-1,090801	1,850706
-1,429932	1,854293
-1,123410	1,855271
-1,537541	1,854619
-1,367976	1,857554
-1,341889	1,858206
-2,000586	1,860163
-1,439715	1,862119
-1,279932	1,864402
-1,475585	1,864076
-1,126671	1,867011
-1,364715	1,867337
-1,315802	1,870598
-1,074497	1,870598
-1,051671	1,872554
-1,175584	1,872554
-1,697324	1,876467
-1,328845	1,875489
-1,126671	1,878098
-1,589715	1,880380
-1,563628	1,880054
-1,433193	1,882663
-1,283193	1,883967
-1,364715	1,885272
-1,452758	1,887554
-1,354932	1,886902
-1,632107	1,889837
-1,358193	1,892119
-1,263628	1,891467
-1,478845	1,895054
-1,227758	1,896032
-1,221236	1,897337
-1,384280	1,897663
-1,690802	1,899619
-1,583194	1,901902
-1,439715	1,903532
-1,084280	1,905163
-1,374497	1,906141
-1,912542	1,907772
-1,478845	1,908098
-1,720150	1,909076
-1,423411	1,911359
-1,566889	1,912011
-1,410367	1,915272
-1,270149	1,916250
-1,449498	1,916250
-1,534280	1,917228
-1,367976	1,921467
-1,720150	1,921141
-1,292976	1,924076
-1,638628	1,923750
-1,769063	1,927011
-1,374497	1,927011
-1,677759	1,929293
-1,873411	1,931576
-1,589715	1,931576
-1,749498	1,932880
-1,351671	1,935815
-1,667976	1,935815
-1,527759	1,937446
-1,491889	1,940054
-1,328845	1,940054
-1,857107	1,942663
-1,599498	1,944946
-1,834281	1,945924
-1,667976	1,946576
-2,114716	1,947554
-2,026673	1,949185
-1,390802	1,952119
-2,095151	1,951467
-1,436454	1,954728
-1,746237	1,954402
-1,883194	1,957337
-1,739716	1,958967
-1,726672	1,958641
-1,902759	1,960272
-2,192977	1,961902
-1,958194	1,963533
-1,824498	1,964185
-1,749498	1,965163
-1,667976	1,966467
-1,566889	1,970380
-1,987542	1,970054
-2,059281	1,972989
-2,277760	1,974946
-2,091890	1,976576
-1,765803	1,977228
-2,219064	1,979511
-2,075586	1,981141
-2,398412	1,982120
-2,437543	1,983098
-1,765803	1,984402
-1,837542	1,984728
-2,264717	1,987011
-1,958194	1,988967
-2,316891	1,989620
-2,254934	1,991250
-2,091890	1,992880
-1,967977	1,994837
-2,189716	1,995815
-2,708196	1,996467
-2,101673	1,999728
-1,651672	2,000707
-2,450586	2,001359
-1,635368	2,003967
-1,821237	2,004946
-2,669065	2,007228
-2,346238	2,006902
-2,284282	2,009837
-2,157108	2,010815
-2,023412	2,012120
-2,339717	2,013098
-1,853846	2,016359
-2,300586	2,017011
-2,016890	2,017337
-2,010368	2,019294
-2,254934	2,021576
-2,163629	2,023207
-2,235369	2,023859
-2,274499	2,025489
-2,114716	2,026794
-2,144064	2,028424
-2,515804	2,028750
-2,440804	2,031359
-2,662543	2,032663
-1,990803	2,033967
-2,248412	2,036250
-2,414717	2,037881
-2,287543	2,038207
-2,294064	2,038859
-2,245151	2,040489
-2,016890	2,043750
-2,708196	2,044728
-2,466891	2,044728
-2,033194	2,047663
-2,294064	2,048641
-2,492978	2,050598
-2,626674	2,051250
-1,954933	2,053533
-2,127760	2,054511
-2,346238	2,055815
-2,610369	2,056468
-2,388630	2,058098
-2,535369	2,061685
-2,626674	2,062663
-2,594065	2,061359
-2,359282	2,063968
-2,440804	2,066250
-2,486456	2,068859
-2,473413	2,068533
-2,274499	2,069511
-2,352760	2,071794
-2,538630	2,073098
-2,473413	2,073424
-2,323412	2,075381
-2,131021	2,077337
-2,189716	2,079620
-2,779935	2,079620
-2,532108	2,080598
-2,248412	2,084185
-2,147325	2,084511
-2,421239	2,085815
-2,212543	2,086794
-2,192977	2,090381
-2,597326	2,091359
-2,166890	2,093315
-2,281021	2,094946
-2,721239	2,097228
-2,682109	2,098533
-2,365804	2,099185
-2,215803	2,101142
-2,150586	2,101142
-2,300586	2,104076
-2,323412	2,106033
-2,727761	2,107011
-2,147325	2,107011
-2,551674	2,108968
-2,662543	2,111576
-2,558195	2,113207
-1,964716	2,113859
-2,339717	2,114837
-2,522326	2,116142
-2,590804	2,119076
-2,144064	2,119402
-2,157108	2,121359
-2,166890	2,123968
-2,659283	2,124294
-2,131021	2,125272
-2,127760	2,127229
-2,483195	2,128859
-2,525587	2,129837
-2,476673	2,130489
-2,307108	2,133098
-1,873411	2,133424
-1,863629	2,135707
-2,662543	2,137337
-2,072325	2,138968
-2,444065	2,139294
-2,173412	2,142229
-2,320151	2,142881
-1,847324	2,144185
-2,421239	2,145163
-2,424499	2,148750
-2,388630	2,149729
-2,649500	2,149729
-2,773413	2,152337
-2,512543	2,153316
-2,424499	2,154620
-2,134282	2,156576
-2,290804	2,158207
-2,616891	2,160163
-2,535369	2,162120
-2,600587	2,162120
-2,434282	2,164402
-2,140803	2,164402
-2,346238	2,165381
-2,362543	2,167011
-2,590804	2,170598
-2,150586	2,171250
-2,245151	2,173207
-2,225586	2,174511
-2,326673	2,176468
-2,254934	2,176468
-2,812544	2,177772
-1,860368	2,179076
-1,658194	2,181359
-2,157108	2,183968
-2,414717	2,184620
-2,401673	2,186250
-2,421239	2,187555
-2,444065	2,188207
-2,235369	2,188859
-2,166890	2,191794
-2,212543	2,193098
-2,310369	2,193750
-2,294064	2,196033
-2,414717	2,196685
-2,662543	2,199294
-2,548413	2,199294
-2,254934	2,201576
-2,444065	2,202881
-2,281021	2,203533
-2,352760	2,205163
-2,349499	2,207120
-2,294064	2,208424
-2,241890	2,209076
-2,395152	2,210707
-2,450586	2,213968
-2,127760	2,213968
-2,336456	2,215598
-2,176673	2,217229
-2,248412	2,219185
-2,382108	2,219511
-2,196238	2,221468
-2,799500	2,222772
-2,476673	2,224403
-2,819065	2,226359
-2,447326	2,228642
-2,258195	2,228968
-2,610369	2,231250
-2,342978	2,232229
-2,294064	2,234837
-2,506021	2,236142
-2,241890	2,237446
-1,967977	2,239077
-1,844064	2,239077
-2,369065	2,240055
-2,267977	2,242337
-2,460369	2,244294
-2,378847	2,245598
-2,395152	2,247229
-2,577761	2,248207
-2,140803	2,251142
-2,476673	2,252446
-1,928846	2,254077
-2,424499	2,255055
-2,349499	2,254729
-2,313630	2,258316
-2,294064	2,258316
-2,254934	2,260924
-2,431021	2,262881
-2,721239	2,262555
-1,958194	2,264185
-2,404934	2,264837
-2,170151	2,267120
-2,708196	2,268751
-2,600587	2,270381
-1,902759	2,271685
-2,189716	2,272990
-2,558195	2,273968
-2,444065	2,275598
-2,564717	2,276903
-2,463630	2,279185
-2,391891	2,278859
-2,075586	2,280490
-2,375586	2,282446
-2,378847	2,283751
-2,183195	2,284729
-2,581022	2,287011
-2,417978	2,288642
-2,447326	2,291251
-2,212543	2,291903
-2,378847	2,293533
-2,574500	2,295490
-2,346238	2,296142
-2,574500	2,298751
-2,519065	2,299077
-2,085368	2,301685
-2,238630	2,302664
-2,541891	2,304294
-2,356021	2,305925
-2,108195	2,306577
-2,183195	2,307881
-2,375586	2,309185
-2,108195	2,309838
-2,792978	2,311794
-2,254934	2,312446
-2,470152	2,315381
-2,290804	2,316685
-2,206021	2,317664
-1,925585	2,319620
-2,157108	2,320272
-2,492978	2,323533
-2,320151	2,323533
-2,434282	2,325164
-2,036455	2,326794
-2,049499	2,328751
-2,026673	2,329729
-2,258195	2,332012
-2,398412	2,331359
-2,173412	2,335925
-2,264717	2,336577
-2,111455	2,336577
-2,323412	2,337881
-2,140803	2,339512
-2,029934	2,341794
-2,564717	2,343751
-2,166890	2,344403
-2,629935	2,346359
-2,144064	2,348316
-2,052760	2,348968
-2,202760	2,350599
-2,000586	2,353207
-1,677759	2,352881
-2,104934	2,354838
-2,307108	2,354838
-2,127760	2,358099
-2,228847	2,358099
-2,075586	2,360055
-2,199499	2,362012
-2,212543	2,361685
-2,297325	2,365599
-2,232108	2,367229
-2,316891	2,367881
-1,746237	2,369512
-2,274499	2,370816
-2,157108	2,370816
-2,056021	2,372772
-2,215803	2,373751
-2,163629	2,377338
-2,382108	2,379294
-1,899498	2,379620
-1,912542	2,381577
-1,798411	2,380272
-2,036455	2,383859
-1,703846	2,386142
-2,199499	2,386142
-2,196238	2,387772
-2,140803	2,388099
-1,746237	2,390707
-1,990803	2,392990
-1,870151	2,394294
-1,840803	2,396577
-2,016890	2,397229
-2,509282	2,396903
-2,669065	2,398859
-2,248412	2,400490
-2,241890	2,401794
-1,906020	2,405055
-2,029934	2,406033
-2,219064	2,405707
-2,326673	2,407338
-2,294064	2,408642
-2,245151	2,411251
-1,860368	2,411251
-1,945151	2,414512
-1,609281	2,416794
-1,919064	2,417446
-1,984281	2,419077
-1,870151	2,419403
-2,173412	2,420707
-2,111455	2,421686
-1,977759	2,424620
-1,945151	2,426251
-2,000586	2,426903
-1,961455	2,428860
-1,377758	2,428533
-2,085368	2,431794
-1,922325	2,432446
-1,938629	2,434403
-2,232108	2,435055
-1,941890	2,437664
-1,625585	2,438316
-2,007107	2,439294
-1,762542	2,440925
-2,088629	2,442229
-1,876672	2,445816
-1,667976	2,445816
-1,733194	2,446142
-1,752759	2,448425
-1,501672	2,451033
-1,335367	2,452664
-1,397324	2,453642
-1,309280	2,453968
-1,400584	2,455599
-1,824498	2,457229
-1,912542	2,457881
-1,589715	2,461794
-1,579933	2,460816
-1,371237	2,463425
-1,449498	2,466034
-1,338628	2,467012
-1,139714	2,467338
-1,762542	2,468642
-1,485367	2,469947
-1,364715	2,473534
-1,035366	2,474186
-1,309280	2,475490
-1,312541	2,477120
-0,953844	2,479403
-0,953844	2,479077
-1,677759	2,480381
-1,260367	2,483642
-1,338628	2,484620
-1,400584	2,486903
-0,992975	2,487881
-1,504933	2,489186
-1,478845	2,490816
-1,231019	2,492121
-1,035366	2,491468
-0,970149	2,494077
-1,120149	2,496686
-1,302758	2,496686
-1,198410	2,498642
-1,129932	2,500599
-0,979931	2,501251
-1,051671	2,502555
-0,797322	2,505164
-0,761453	2,505490
-1,224497	2,507447
-1,351671	2,510381
-0,950584	2,510708
-1,178845	2,511686
-1,204932	2,512338
-0,986453	2,514294
-1,120149	2,515925
-1,231019	2,517881
-0,865801	2,519838
-1,045149	2,519186
-1,322323	2,521142
-1,250584	2,523751
-1,035366	2,523751
-0,660366	2,527012
-1,064714	2,527990
-1,028845	2,528642
-0,781018	2,530925
-1,201671	2,532881
-0,758192	2,534512
-0,865801	2,534838
-1,156019	2,537121
-0,852757	2,538425
-0,882105	2,538751
-0,751670	2,539403
-0,751670	2,542664
-0,546235	2,544621
-0,331017	2,546577
-0,536452	2,546577
-0,138626	2,548860
0,017897	2,547881
0,402680	2,551468
0,304854	2,551795
0,591811	2,554729
0,422245	2,556686
0,855942	2,556686
0,816811	2,558968
0,934203	2,558642
0,735289	2,561903
1,270073	2,562555
1,035290	2,564186
1,120073	2,564186
0,738550	2,567447
0,973333	2,568099
0,960290	2,570382
1,195073	2,570055
1,139638	2,572012
1,227681	2,573316
1,087464	2,575599
0,983116	2,577882
0,901594	2,579186
0,966811	2,581795
1,113551	2,580164
0,895072	2,582121
1,413551	2,583425
1,286377	2,586360
1,188551	2,587664
1,416812	2,589947
0,764637	2,589295
1,325508	2,592555
1,566813	2,593534
1,084203	2,593860
1,051594	2,596469
1,299421	2,597447
1,429856	2,599403
1,224421	2,600382
1,420073	2,601360
1,511378	2,603642
1,227681	2,604947
1,224421	2,605925
1,263551	2,607882
1,224421	2,608534
1,103768	2,610164
1,149420	2,613099
1,237464	2,612121
0,983116	2,615056
1,305942	2,617990
1,022246	2,618642
1,243986	2,620599
0,784202	2,620925
0,732028	2,620599
0,963550	2,624186
0,784202	2,624838
1,380943	2,626469
0,536376	2,628099
1,015725	2,630382
1,090725	2,630708
0,803768	2,632990
0,591811	2,633969
0,836376	2,635925
1,009203	2,636577
0,947246	2,638534
0,966811	2,639512
1,182029	2,641795
1,462464	2,642447
1,116812	2,643751
0,748333	2,646360
1,429856	2,647012
1,243986	2,649295
1,599421	2,651251
1,358116	2,651251
1,759204	2,652882
1,511378	2,654186
1,488552	2,655164
1,599421	2,657773
1,530943	2,658751
1,286377	2,661034
1,384203	2,661686
1,557030	2,662990
1,335290	2,665273
1,586378	2,664947
1,384203	2,666577
1,041812	2,668534
0,595072	2,670817
1,041812	2,672447
0,839637	2,673099
1,165725	2,674730
1,071159	2,675056
1,182029	2,678969
1,097246	2,680273
1,243986	2,679621
0,970072	2,683534
0,735289	2,684512
1,198334	2,685164
1,253768	2,687121
1,433117	2,688425
0,810289	2,690056
1,446160	2,691360
1,723335	2,692664
0,738550	2,694295
0,898333	2,695273
0,917898	2,696577
0,921159	2,697556
0,807028	2,699838
1,485291	2,701143
1,416812	2,701795
1,478769	2,705056
1,093986	2,705056
1,009203	2,706360
1,240725	2,709621
0,764637	2,710273
1,312464	2,712556
1,348334	2,713534
1,335290	2,715164
1,087464	2,715164
1,093986	2,717447
0,826594	2,720056
1,560291	2,719404
0,957029	2,722012
1,168986	2,723643
1,475508	2,723969
1,697248	2,725273
1,149420	2,728208
1,592900	2,728208
1,273334	2,729512
1,599421	2,731469
1,932031	2,733751
1,997248	2,734077
2,026596	2,735056
2,427684	2,738969
2,867902	2,739621
2,662467	2,740925
3,268990	2,741578
3,790730	2,743208
4,436383	2,745164
4,622253	2,746143
5,261385	2,748099
5,668994	2,747773
6,467909	2,751360
7,084214	2,751360
7,116823	2,753643
7,879868	2,754621
7,713563	2,757230
8,039651	2,757230
8,320086	2,760165
8,362478	2,760817
8,590739	2,760491
8,923348	2,763751
8,903783	2,765382
9,030957	2,767012
8,789652	2,767991
8,659217	2,769621
8,248347	2,771904
8,554869	2,772230
8,163564	2,773208
8,835305	2,775817
8,068999	2,777447
8,189651	2,778751
8,251608	2,779078
8,770087	2,781360
8,176608	2,783317
8,277695	2,783643
8,007042	2,784947
8,055955	2,785925
8,287478	2,787882
8,522261	2,789186
8,215738	2,792121
8,554869	2,791795
8,757044	2,794730
8,584217	2,795056
8,675522	2,795708
8,809218	2,799295
8,476608	2,800925
8,352695	2,800925
8,639652	2,802230
8,059216	2,805491
8,059216	2,806143
8,861392	2,806795
8,157043	2,810056
8,329869	2,810382
8,636391	2,810382
8,091825	2,811686
8,124434	2,815273
8,150521	2,816904
7,928781	2,817230
7,967912	2,817556
8,007042	2,820165
7,687476	2,822121
7,426606	2,824404
7,811390	2,825382
7,635302	2,825382
7,393998	2,827339
7,511389	2,828643
7,498346	2,830599
6,996171	2,832230
7,120084	2,833208
6,568996	2,835817
6,963562	2,835817
7,270084	2,839078
7,051606	2,839078
7,165736	2,841360
7,325519	2,842991
6,741822	2,844295
6,839649	2,844621
6,774431	2,846252
6,940736	2,848534
7,175519	2,848534
6,679866	2,851469
6,859214	2,853426
7,009214	2,853752
6,767909	2,854730
6,353778	2,857339
6,213561	2,858317
5,978778	2,859621
5,672255	2,859947
5,411385	2,863208
4,703775	2,863534
4,592905	2,865491
4,087470	2,867121
3,461381	2,869078
3,024424	2,871360
2,757032	2,872339
1,814639	2,873643
2,378771	2,873317
1,918987	2,876904
1,661378	2,876904
1,775509	2,878208
1,087464	2,879839
1,155942	2,881143
1,367899	2,882121
1,289638	2,884078
1,501595	2,887013
1,667900	2,887991
1,155942	2,889295
1,367899	2,889621
1,403769	2,892230
1,563552	2,892230
1,032029	2,895165
1,371160	2,896795
1,061377	2,896469
1,054855	2,899404
1,433117	2,900056
1,338551	2,902013
1,374421	2,904295
1,221160	2,903969
1,488552	2,906252
1,227681	2,908534
1,462464	2,908208
1,270073	2,911469
1,077681	2,912121
1,495073	2,913426
1,257029	2,914730
1,139638	2,915708
1,504856	2,919295
1,185290	2,920274
0,992898	2,920926
1,015725	2,921578
0,940724	2,922882
0,761376	2,924187
0,741811	2,925491
1,113551	2,928752
0,862463	2,929078
1,133116	2,930056
1,338551	2,932665
0,383115	2,934947
0,624419	2,936252
0,777681	2,936904
0,885289	2,939839
0,872246	2,938861
0,158114	2,941143
0,921159	2,942447
0,516811	2,944730
1,061377	2,945708
0,790724	2,946034
0,976594	2,948643
0,992898	2,950926
0,259201	2,952230
0,503767	2,951578
0,445071	2,955491
0,790724	2,954839
0,774420	2,957774
0,598332	2,960056
0,233114	2,959404
0,187462	2,961361
0,572245	2,962991
-0,647322	2,963969
-0,285365	2,965926
-0,181017	2,968861
-0,366887	2,968208
-0,676670	2,970491
-0,999497	2,971143
-1,035366	2,974404
-1,032106	2,975708
-0,807105	2,975056
-1,364715	2,976361
-1,537541	2,978969
-1,217975	2,980600
-1,156019	2,982882
-1,899498	2,984513
-1,625585	2,985165
-1,234280	2,986795
-0,950584	2,988752
-1,058193	2,988426
-1,354932	2,990056
-1,247323	2,992339
-1,521237	2,992013
-1,645150	2,996252
-1,338628	2,995926
-1,208193	2,996904
-1,498411	3,000165
-1,231019	3,000165
-1,540802	3,001469
-1,677759	3,004404
-1,635368	3,006035
-1,491889	3,006035
-1,276671	3,008969
-1,328845	3,008969
-1,348410	3,012230
-0,992975	3,013535
-1,110367	3,014513
-1,338628	3,016143
-0,989714	3,017122
-0,901670	3,017774
-1,129932	3,020056
-1,231019	3,021035
-1,025584	3,022665
-0,901670	3,023969
-0,937540	3,024948
-1,077758	3,025600
-0,556018	3,027882
-1,234280	3,029513
-0,745148	3,032448
-0,973410	3,034078
-0,895149	3,034078
-0,366887	3,035709
-0,203843	3,037339
0,171158	3,037991
0,285288	3,041252
0,575506	3,042230
1,032029	3,042556
1,495073	3,044513
1,739639	3,046795
2,059205	3,048100
2,685293	3,049730
3,083120	3,050056
3,520077	3,050709
4,041817	3,054296
4,165731	3,055274
4,390731	3,055274
5,114645	3,057230
5,013558	3,059187
5,007037	3,061469
5,554864	3,062122
5,642907	3,064078
5,949430	3,064404
5,900516	3,067665
6,180952	3,067339
5,851603	3,068969
6,132039	3,069948
6,187474	3,071578
6,298343	3,072556
6,399430	3,074839
6,523344	3,076143
6,207039	3,079404
6,291822	3,079730
6,177691	3,080383
6,311387	3,082991
6,304865	3,084948
6,164647	3,084622
6,340735	3,087230
6,715735	3,088861
6,396170	3,090817
6,392909	3,090817
6,128778	3,092448
6,340735	3,093752
6,692909	3,094730
6,542909	3,096035
6,539648	3,098317
6,559213	3,100600
6,617909	3,103209
6,565735	3,104513
6,722257	3,104513
6,572257	3,106796
6,568996	3,107774
6,135300	3,107774
6,467909	3,109404
6,657040	3,111361
6,653779	3,112339
6,288561	3,114948
6,366822	3,115600
6,249430	3,116904
6,255952	3,118861
6,239648	3,120165
5,907038	3,122448
5,975517	3,122774
6,073343	3,125709
6,070082	3,127013
5,838560	3,128317
5,551603	3,128643
5,489646	3,129622
5,711386	3,130926
5,607038	3,133861
5,160298	3,135817
5,114645	3,135817
4,922254	3,138426
5,437472	3,140709
4,873341	3,140709
4,954862	3,141035
5,020080	3,143970
4,726601	3,145600
4,420079	3,146578
4,279861	3,147883
4,609210	3,149187
4,325513	3,150817
4,149426	3,153100
4,087470	3,154078
3,983122	3,156361
3,582034	3,157013
3,549425	3,158644
3,321164	3,160600
2,975511	3,161252
2,802684	3,163535
2,991815	3,165165
2,776597	3,166796
2,548336	3,168100
2,000509	3,169078
1,762465	3,169731
1,482030	3,171035
1,159203	3,172013
0,908116	3,174948
0,347245	3,175600
-0,317974	3,177557
-0,722322	3,179513
-0,647322	3,181144
-1,224497	3,180817
-1,762542	3,182774
-1,997325	3,183752
-2,206021	3,186361
-1,456019	3,187665
-2,512543	3,189948
-1,723411	3,191252
-2,202760	3,191904
-1,974499	3,193209
-1,596237	3,194839
-1,844064	3,196470
-1,844064	3,197774
-2,329934	3,198752
-2,290804	3,201361
-1,873411	3,202665
-1,906020	3,203970
-2,414717	3,204622
-1,831020	3,207231
-2,157108	3,208861
-2,104934	3,208209
-2,160369	3,210491
-2,095151	3,211144
-2,414717	3,213752
-2,346238	3,214731
-2,329934	3,216361
-2,245151	3,217665
-2,294064	3,220926
-2,023412	3,219296
-1,928846	3,221578
-2,029934	3,224187
-2,652761	3,225165
-2,140803	3,227448
-2,023412	3,229405
-2,356021	3,228752
-2,274499	3,232339
-2,007107	3,232013
-2,323412	3,235600
-2,421239	3,235600
-1,769063	3,237557
-2,248412	3,238535
-2,069064	3,240492
-2,069064	3,241796
-2,541891	3,240818
-2,098412	3,243752
-1,925585	3,246361
-2,258195	3,246361
-2,202760	3,247013
-2,316891	3,248970
-1,909281	3,250274
-2,082108	3,252557
-2,206021	3,254839
-2,108195	3,254839
-2,029934	3,258100
-2,303847	3,259079
-2,134282	3,260383
-2,473413	3,261361
-2,261456	3,263644
-2,232108	3,264948
-1,981020	3,266579
-2,088629	3,266252
-2,098412	3,270165
-2,382108	3,269839
-2,179934	3,272774
-2,173412	3,274731
-2,391891	3,274731
-1,938629	3,275709
-2,548413	3,278970
-2,310369	3,278970
-2,316891	3,278970
-2,404934	3,282883
-2,271238	3,282557
-2,434282	3,285166
-2,737544	3,286470
-2,199499	3,286470
-2,323412	3,288752
-2,541891	3,290057
-2,248412	3,293644
-2,140803	3,293970
-2,316891	3,294622
-2,349499	3,297231
-2,290804	3,297231
-2,228847	3,298535
-2,046238	3,299187
-2,069064	3,301796
-2,091890	3,303426
-2,590804	3,305383
-2,473413	3,307339
-2,437543	3,307666
-2,447326	3,310274
-2,225586	3,311253
-2,564717	3,312883
-2,160369	3,313209
-2,189716	3,315166
-2,440804	3,317122
-1,967977	3,317774
-2,395152	3,320383
-2,294064	3,320709
-1,915803	3,322992
-1,772324	3,324296
-2,104934	3,325274
-2,036455	3,327557
-2,137542	3,328209
-2,424499	3,331144
-2,607109	3,332122
-2,287543	3,332448
-2,320151	3,334079
-2,675587	3,336361
-1,873411	3,337666
-2,391891	3,338644
-2,199499	3,338970
-2,157108	3,341253
-2,375586	3,342231
-2,388630	3,344840
-1,804933	3,346796
-2,297325	3,348100
-2,512543	3,348753
-1,961455	3,349731
-2,088629	3,352340
-2,007107	3,353970
-2,874500	3,355274
-2,153847	3,356253
-2,316891	3,357231
-2,241890	3,359513
-2,437543	3,360818
-2,359282	3,363100
-2,036455	3,362774
-2,238630	3,365057
-2,346238	3,365709
-2,633196	3,368318
-1,804933	3,368644
-2,303847	3,371253
-2,117977	3,372231
-2,665804	3,373861
-2,470152	3,375166
-2,179934	3,376470
-2,000586	3,376796
-2,512543	3,380057
-2,352760	3,380383
-2,131021	3,382014
-2,199499	3,385274
-2,506021	3,386253
-2,388630	3,385600
-2,010368	3,387883
-1,941890	3,389514
-2,248412	3,390492
-2,235369	3,392448
-2,173412	3,393753
-2,206021	3,396361
-2,427760	3,395709
-2,411456	3,398970
-2,783196	3,399948
-2,450586	3,400927
-2,192977	3,403535
-1,951672	3,404514
-2,300586	3,406144
-2,121238	3,407448
-2,173412	3,408101
-2,277760	3,410383
-2,222325	3,411687
-2,515804	3,413970
-2,535369	3,413318
-2,183195	3,416579
-2,290804	3,417883
-2,281021	3,419840
-2,170151	3,420166
-2,382108	3,422774
-1,987542	3,423753
-2,277760	3,424405
-2,525587	3,426688
-2,411456	3,427014
-2,623413	3,429622
-2,385369	3,430274
-2,225586	3,432557
-2,316891	3,434840
-2,131021	3,435492
-2,760370	3,437448
-2,457108	3,437448
-2,277760	3,438427
-2,303847	3,441035
-2,427760	3,442014
-2,140803	3,442992
-1,827759	3,444948
-2,567978	3,445601
-2,502761	3,447231
-2,486456	3,449188
-2,401673	3,450492
-1,938629	3,451470
-2,137542	3,452448
-2,372325	3,453753
-2,359282	3,455709
-2,023412	3,458970
-2,196238	3,459296
-2,329934	3,461905
-2,590804	3,463862
-1,866890	3,462883
-2,629935	3,465166
-2,222325	3,466144
-2,652761	3,468753
-2,189716	3,470383
-2,189716	3,470383
-2,431021	3,473970
-2,297325	3,474296
-2,258195	3,474948
-1,990803	3,477231
-2,382108	3,478209
-2,417978	3,479188
-2,525587	3,481144
-2,766891	3,481144
-2,509282	3,484405
-2,665804	3,485057
-2,639717	3,487666
-2,577761	3,487992
-2,199499	3,488644
-2,688630	3,491253
-2,245151	3,493535
-2,499500	3,494840
-2,258195	3,495492
-2,395152	3,497449
-2,558195	3,499405
-2,551674	3,499405
-2,411456	3,501362
-2,382108	3,502992
-2,378847	3,504296
-1,785368	3,505927
-2,294064	3,507231
-2,320151	3,510166
-2,219064	3,511144
-2,114716	3,511470
-2,202760	3,512449
-2,329934	3,514079
-2,075586	3,516362
-2,284282	3,516362
-2,346238	3,518318
-2,173412	3,519622
-2,294064	3,523536
-2,411456	3,524514
-2,072325	3,524188
-2,463630	3,525492
-1,945151	3,526470
-2,140803	3,529079
-2,603848	3,531688
-1,592976	3,531362
-2,326673	3,533970
-2,342978	3,533970
-2,558195	3,537557
-2,323412	3,538862
-2,313630	3,540166
-2,121238	3,540166
-2,310369	3,543101
-2,284282	3,544731
-2,147325	3,543753
-2,303847	3,546362
-2,404934	3,548644
-2,199499	3,550601
-2,349499	3,549623
-2,088629	3,552231
-2,121238	3,555166
-2,277760	3,556144
-2,140803	3,555818
-2,059281	3,557449
-2,059281	3,559405
-2,731022	3,560057
-1,984281	3,561688
-2,166890	3,563970
-2,137542	3,564623
-2,284282	3,567231
-2,170151	3,569188
-2,007107	3,569514
-2,342978	3,573101
-2,369065	3,572123
-2,551674	3,574405
-2,065803	3,576688
-2,104934	3,576688
-2,554935	3,579297
-2,776674	3,580927
-2,398412	3,581905
-2,023412	3,583536
-1,997325	3,585166
-2,284282	3,586470
-2,033194	3,586470
-2,157108	3,589405
-2,111455	3,591362
-2,052760	3,592340
-1,876672	3,592992
-1,919064	3,593970
-1,547324	3,595601
-1,902759	3,598536
-1,941890	3,598210
-2,352760	3,601144
-2,072325	3,601144
-2,101673	3,603753
-2,189716	3,605057
-1,778846	3,605384
-1,817977	3,607014
-1,906020	3,608318
-2,108195	3,611579
-2,137542	3,612231
-2,036455	3,613536
-2,326673	3,614840
-1,984281	3,615492
-1,866890	3,618753
-1,635368	3,618427
-1,739716	3,620057
-1,977759	3,622992
-2,101673	3,622992
-1,899498	3,625275
-2,026673	3,625275
-2,085368	3,627557
-1,922325	3,629188
-2,261456	3,630492
-1,886455	3,632449
-1,987542	3,634405
-2,163629	3,634405
-1,896238	3,634731
-1,677759	3,639949
-2,153847	3,639297
-1,847324	3,642231
-1,994064	3,641905
-2,486456	3,644188
-2,062542	3,645492
-2,026673	3,648427
-2,362543	3,649079
-1,804933	3,650710
-2,532108	3,652014
-1,954933	3,652014
-2,082108	3,652992
-2,144064	3,656253
-2,307108	3,656253
-1,560367	3,657884
-2,333195	3,659840
-2,277760	3,662775
-1,279932	3,664405
-1,801672	3,664405
-1,511454	3,667340
-1,954933	3,667992
-2,248412	3,667992
-1,912542	3,669623
-2,091890	3,671579
-2,088629	3,673862
-1,954933	3,673862
-2,033194	3,675492
-2,166890	3,678101
-2,258195	3,678427
-1,889716	3,680710
-2,082108	3,682014
-1,827759	3,683645
-1,906020	3,684623
-1,817977	3,686905
-2,023412	3,689188
-1,870151	3,688536
-1,615802	3,691471
-1,925585	3,690818
-2,150586	3,693427
-2,320151	3,694732
-1,756020	3,696362
-1,733194	3,697014
-1,857107	3,699949
-2,867979	3,699949
-1,925585	3,702232
-2,091890	3,703536
-1,547324	3,706145
-1,938629	3,707123
-1,840803	3,707775
-1,596237	3,709079
-2,016890	3,710710
-2,023412	3,712992
-1,782107	3,714297
-1,896238	3,715927
-1,622324	3,717232
-2,059281	3,719188
-1,951672	3,719188
-1,651672	3,721797
-2,349499	3,722775
-2,026673	3,724405
-1,932107	3,725384
-1,951672	3,727014
-1,798411	3,727992
-1,684281	3,730601
-1,544063	3,731253
-2,222325	3,733862
-1,609281	3,734188
-1,746237	3,735819
-2,078847	3,736797
-1,932107	3,737775
-2,352760	3,739406
-1,808194	3,742014
-1,909281	3,744623
-1,671237	3,744623
-2,642978	3,745601
-1,736455	3,748210
-1,886455	3,748536
-1,553846	3,751145
-2,029934	3,750166
-1,694063	3,752449
-1,804933	3,755710
-1,889716	3,756036
-1,739716	3,758319
-1,906020	3,759949
-1,765803	3,760601
-1,628846	3,761579
-1,671237	3,763536
-1,504933	3,766145
-1,804933	3,765493
-1,772324	3,768753
-1,371237	3,770710
-2,183195	3,770710
-1,566889	3,771362
-1,387541	3,772993
-1,762542	3,775927
-1,641889	3,775601
-1,566889	3,778536
-1,697324	3,779188
-1,537541	3,780819
-1,795150	3,782123
-1,658194	3,784406
-1,654933	3,786362
-1,700585	3,787340
-1,971238	3,788645
-1,560367	3,790601
-1,296236	3,792232
-2,140803	3,792558
-1,456019	3,792558
-1,928846	3,794840
-1,534280	3,797775
-1,517976	3,798427
-1,746237	3,801362
-1,847324	3,801688
-1,837542	3,804297
-1,671237	3,804297
-1,488628	3,805275
-1,791890	3,808210
-1,442976	3,809840
-1,635368	3,811145
-1,501672	3,810819
-1,606020	3,812123
-1,981020	3,815710
-2,111455	3,817014
-1,919064	3,817993
-1,628846	3,819949
-1,876672	3,819949
-1,831020	3,820927
-1,817977	3,823862
-1,912542	3,825167
-1,592976	3,827449
-1,697324	3,827775
-1,615802	3,830058
-1,778846	3,830710
-1,762542	3,831688
-1,583194	3,832667
-1,586454	3,836580
-1,495150	3,835927
-1,804933	3,839188
-2,039716	3,839514
-1,726672	3,840167
-1,964716	3,841145
-1,756020	3,842775
-1,752759	3,844732
-2,052760	3,847667
-1,622324	3,848645
-1,544063	3,848645
-2,036455	3,851254
-1,866890	3,852232
-1,981020	3,852884
-1,292976	3,855167
-1,544063	3,857449
-1,335367	3,857449
-1,573411	3,860710
-1,524498	3,860384
-1,469063	3,863319
-1,377758	3,862667
-1,785368	3,866254
-1,475585	3,867884
-1,778846	3,868536
-1,615802	3,869514
-1,892977	3,870493
-1,609281	3,873101
-1,641889	3,873428
-1,641889	3,876688
-1,531020	3,877341
-1,632107	3,878319
-1,407106	3,879297
-1,599498	3,882558
-1,615802	3,883536
-1,651672	3,885493
-1,413628	3,885493
-1,374497	3,888101
-1,426671	3,890384
-1,651672	3,890710
-1,814716	3,892341
-1,257106	3,893645
-1,416889	3,894949
-1,700585	3,896906
-1,374497	3,898210
-1,534280	3,899188
-1,876672	3,900819
-1,469063	3,901797
-1,400584	3,902449
-1,876672	3,903754
-1,371237	3,907015
-1,416889	3,908971
-1,625585	3,908319
-1,651672	3,909623
-1,697324	3,910601
-1,876672	3,913536
-1,919064	3,916471
-1,645150	3,915819
-1,557107	3,918754
-1,736455	3,920384
-1,322323	3,920384
-1,553846	3,923319
-1,283193	3,924297
-1,410367	3,924623
-1,485367	3,927232
-1,961455	3,929188
-1,442976	3,928862
-1,638628	3,930819
-1,557107	3,931145
-1,263628	3,934080
-1,791890	3,934732
-1,449498	3,936362
-1,475585	3,937015
-0,966888	3,940275
-1,941890	3,941906
-1,335367	3,943536
-1,694063	3,944515
-1,188628	3,944515
-1,700585	3,947775
-1,651672	3,948102
-1,886455	3,948754
-1,100584	3,949732
-1,195149	3,952993
-1,354932	3,954297
-1,599498	3,954623
-1,208193	3,956906
-1,120149	3,958862
-1,051671	3,960493
-1,645150	3,961145
-1,354932	3,962776
-1,420150	3,965384
-1,390802	3,966362
-1,315802	3,966362
-1,009279	3,968319
-1,306019	3,970276
-1,126671	3,970602
-1,022323	3,973536
-1,416889	3,974841
-1,182106	3,976145
-1,420150	3,976797
-1,208193	3,979080
-1,557107	3,980384
-1,394063	3,981036
-1,090801	3,982667
-1,260367	3,984949
-1,120149	3,987558
-1,384280	3,988536
-1,452758	3,987884
-1,495150	3,989515
-1,742976	3,991471
-1,442976	3,993754
-1,296236	3,996036
-1,521237	3,996689
-1,606020	3,996363
-0,953844	3,999623
-1,449498	4,001254
-1,446237	4,003536
-1,563628	4,002884
-1,165801	4,004841
-1,850585	4,005167
-1,103845	4,008754
-1,866890	4,010710
-1,681020	4,010384
-1,677759	4,013319
-1,169062	4,014950
-1,341889	4,015928
-1,345150	4,016254
-1,788629	4,017884
-1,664715	4,018536
-1,517976	4,022123
-1,521237	4,022450
-1,651672	4,022776
-1,664715	4,025710
-1,775585	4,027015
-1,974499	4,027667
-1,866890	4,029623
-1,504933	4,031254
-1,266889	4,032558
-1,511454	4,032884
-1,716889	4,036145
-1,557107	4,037450
-1,495150	4,038428
-1,501672	4,039080
-1,733194	4,040384
-1,397324	4,043319
-1,824498	4,043971
-1,752759	4,045928
-1,700585	4,047232
-1,635368	4,048863
-1,188628	4,049515
-1,182106	4,051471
-1,341889	4,053754
-1,413628	4,055058
-1,061453	4,056363
-1,133193	4,058645
-1,107106	4,059624
-1,586454	4,060276
-1,517976	4,062232
-1,152758	4,064515
-1,442976	4,065493
-1,384280	4,066145
-1,566889	4,066471
-1,159280	4,068754
-0,947323	4,070710
-0,882105	4,072341
-1,054932	4,072341
-1,348410	4,074624
-1,182106	4,076580
-1,234280	4,079189
-1,234280	4,080493
-1,217975	4,079515
-1,332106	4,082450
-1,048410	4,083102
-1,217975	4,085711
-1,074497	4,085711
-1,077758	4,087341
-1,048410	4,090276
-1,087540	4,089624
-1,371237	4,092884
-1,390802	4,092558
-1,077758	4,096145
-1,517976	4,097450
-1,465802	4,098102
-1,381019	4,099080
-1,182106	4,100058
-1,459280	4,102993
-1,635368	4,104624
-1,527759	4,105276
-1,123410	4,106580
-1,175584	4,108537
-1,742976	4,109189
-1,442976	4,111471
-1,361454	4,113102
-1,260367	4,113428
-1,416889	4,115711
-1,635368	4,116689
-1,491889	4,117341
-1,465802	4,119298
-1,508193	4,122232
-1,009279	4,122885
-1,694063	4,123863
-1,769063	4,125493
-1,449498	4,127450
-1,632107	4,128754
-1,126671	4,130385
-1,351671	4,132015
-1,361454	4,133319
-1,107106	4,134950
-1,508193	4,137232
-1,097323	4,136906
-1,332106	4,139189
-1,664715	4,140819
-1,371237	4,140819
-1,469063	4,141798
-1,302758	4,143754
-1,302758	4,145711
-1,159280	4,147993
-1,182106	4,149624
-0,904931	4,149950
-1,319063	4,152885
-1,341889	4,154841
-1,094062	4,153863
-1,263628	4,157450
-1,064714	4,157450
-1,759281	4,158754
-0,986453	4,161037
-1,198410	4,162341
-1,149497	4,163319
-0,807105	4,165276
-0,856018	4,167559
-0,839714	4,167232
-1,354932	4,169841
-0,921236	4,169841
-1,074497	4,173428
-1,022323	4,173102
-1,456019	4,176037
-0,722322	4,177667
-0,960366	4,177341
-1,009279	4,180276
-1,537541	4,179950
-0,957105	4,181254
-1,152758	4,184189
-0,904931	4,186146
-1,527759	4,187450
-1,198410	4,188428
-1,234280	4,190711
-1,038627	4,190059
-0,947323	4,193646
-1,667976	4,193319
-1,384280	4,194298
-0,999497	4,197885
-1,547324	4,199189
-1,077758	4,199189
-1,713629	4,202124
-1,257106	4,204080
-1,146236	4,203102
-1,831020	4,206689
-1,208193	4,207015
-1,306019	4,207341
-1,077758	4,209624
-1,146236	4,210602
-1,635368	4,212233
-1,521237	4,212885
-1,488628	4,214515
-1,573411	4,216472
-1,253845	4,219406
-1,527759	4,219733
-1,015801	4,221037
-1,178845	4,222015
-1,129932	4,225602
-1,159280	4,223972
-1,283193	4,226906
-1,723411	4,229515
-1,589715	4,229189
-1,276671	4,231798
-1,341889	4,232450
-1,032106	4,234080
-1,358193	4,236363
-1,994064	4,236689
-1,296236	4,238972
-1,025584	4,239624
-1,120149	4,242559
-1,381019	4,242885
-1,632107	4,245167
-1,491889	4,246472
-1,198410	4,248428
-1,061453	4,249406
-1,231019	4,250385
-0,911453	4,250385
-0,673409	4,252993
-0,833192	4,256580
-0,627757	4,256254
-0,366887	4,258863
-0,790801	4,258863
-0,754931	4,260167
-0,882105	4,262450
-0,265800	4,263428
-1,182106	4,265711
-0,595148	4,267667
-0,497322	4,267667
-0,569061	4,268646
-0,102756	4,270928
-0,370148	4,271580
-0,373409	4,274841
-0,415800	4,276472
-0,256017	4,278102
-0,448409	4,279407
-0,702757	4,279080
-0,060365	4,281037
-0,614713	4,283320
-0,379930	4,283320
-0,102756	4,286254
-0,226669	4,287885
-0,666887	4,287885
-0,425583	4,290494
-0,190800	4,291472
-0,226669	4,291146
-0,432104	4,293102
-0,004930	4,294733
-0,673409	4,297341
-0,301669	4,300276
0,079853	4,300928
-0,803844	4,300602
-0,246234	4,301907
-0,686453	4,305167
-0,565800	4,306472
-0,852757	4,306146
-0,794062	4,308428
-0,631018	4,309733
-0,422322	4,312667
-0,412539	4,312341
-0,741888	4,315276
-0,787540	4,316581
-0,510365	4,318863
-0,565800	4,319841
-0,490800	4,321146
-0,481017	4,322776
-0,741888	4,324081
-0,904931	4,324407
-0,402756	4,326037
-0,794062	4,326363
-0,653844	4,328972
-0,145147	4,331581
-0,627757	4,330928
-0,471235	4,332233
-0,510365	4,334515
-0,797322	4,335820
0,115723	4,338102
-0,445148	4,339081
-0,363626	4,341689
-0,122321	4,343320
-0,556018	4,343972
-0,242974	4,346255
-0,236452	4,346907
-0,497322	4,348211
-0,458191	4,348211
0,060288	4,351146
-0,040799	4,353428
-0,053843	4,354081
-0,109278	4,356689
0,249419	4,356689
0,141810	4,358320
-0,070147	4,360276
0,057027	4,360928
0,670072	4,361255
0,428767	4,363537
0,627680	4,366472
1,120073	4,367776
0,285288	4,367450
0,386375	4,370059
0,666811	4,371363
-0,076669	4,372342
0,542898	4,374624
0,379854	4,375276
0,660289	4,378537
0,448332	4,378537
0,386375	4,381146
0,882029	4,381472
0,634202	4,381798
0,611376	4,384733
0,565724	4,386689
0,073331	4,387994
0,585289	4,388646
0,696159	4,389624
0,233114	4,391581
0,575506	4,393863
0,174419	4,395494
0,454854	4,396798
0,037462	4,398102
0,164636	4,399407
0,445071	4,400385
-0,158191	4,401037
0,559202	4,403320
0,311375	4,405276
0,223332	4,407559
-0,174495	4,407559
0,148332	4,410494
0,109201	4,411472
0,343984	4,411472
0,089636	4,412450
-0,409278	4,415059
-0,017973	4,416037
-0,070147	4,417342
0,154853	4,420276
-0,083191	4,420602
0,060288	4,421581
0,572245	4,424516
0,213549	4,425494
0,050505	4,427124
0,073331	4,428102
0,288549	4,429407
0,118984	4,431363
-0,076669	4,431689
0,079853	4,433646
-0,438626	4,434950
0,321158	4,437559
0,096158	4,437233
0,471158	4,439516
0,513550	4,441798
0,595072	4,442450
0,546158	4,443429
0,350506	4,445711
0,216810	4,447668
0,510289	4,449950
0,526593	4,448646
1,172247	4,452233
0,790724	4,453211
0,862463	4,454842
0,953768	4,455494
1,579856	4,457450
1,713552	4,458429
1,534204	4,460385
1,579856	4,462016
2,395075	4,463646
1,821161	4,464950
2,029857	4,466907
1,749422	4,467885
1,843987	4,467885
2,773337	4,469190
2,724423	4,472124
2,688554	4,473103
2,942902	4,475059
2,430945	4,475385
2,620075	4,477016
2,453771	4,478972
2,267901	4,479624
2,620075	4,482559
3,017902	4,483537
3,070076	4,484842
2,682032	4,485494
2,293988	4,487124
2,711380	4,488103
2,541814	4,490385
2,946163	4,492994
2,437466	4,494298
2,522249	4,495929
2,417901	4,496255
2,450510	4,496907
2,789641	4,500494
2,623336	4,500168
2,890728	4,502124
2,238553	4,503429
2,698336	4,504407
2,339640	4,507668
2,391814	4,507342
1,850509	4,508646
2,183118	4,509950
1,827683	4,512885
2,127683	4,513864
1,710291	4,514842
1,407030	4,517777
1,905944	4,519081
1,638552	4,519733
1,534204	4,522342
2,365727	4,523320
1,720074	4,522668
1,645074	4,525929
1,677682	4,526907
1,514639	4,527233
1,651595	4,530494
1,905944	4,532124
2,016813	4,532451
2,277683	4,534407
1,896161	4,535711
2,039640	4,537668
2,225509	4,538646
2,297249	4,540603
1,605943	4,540929
1,576595	4,542559
2,186379	4,543864
1,742900	4,545168
1,837465	4,547777
1,534204	4,549407
1,459204	4,549733
1,618987	4,552342
1,716813	4,552994
1,697248	4,555277
2,300510	4,556907
2,003770	4,557233
1,915726	4,560168
2,326597	4,559842
2,329857	4,562777
1,687465	4,563755
1,498334	4,565711
2,232031	4,565711
2,427684	4,568320
2,538554	4,568646
1,961378	4,570603
2,310292	4,572233
2,672249	4,572233
1,964639	4,574842
2,613554	4,576472
2,157031	4,579081
2,479858	4,579407
1,847248	4,580059
2,183118	4,582668
2,522249	4,584298
2,414640	4,582994
1,817900	4,587233
2,166814	4,587885
1,954857	4,589190
2,049422	4,591146
1,928770	4,592125
1,804856	4,593755
1,765726	4,594407
1,896161	4,597668
1,018985	4,598320
1,993987	4,599298
1,612465	4,602233
1,612465	4,601581
1,048333	4,605494
1,116812	4,606798
1,364638	4,606472
0,826594	4,608103
0,585289	4,610385
0,337462	4,611038
0,203766	4,611690
0,435289	4,614951
0,027679	4,615929
-0,200582	4,618212
-0,604931	4,617885
-0,154930	4,621146
-0,363626	4,621799
-0,148408	4,623755
-0,728844	4,623755
-0,360365	4,625059
-0,154930	4,628320
-0,689714	4,629299
-0,399496	4,630603
-0,242974	4,630929
-0,650583	4,633538
-0,366887	4,634190
-0,500583	4,635494
-0,608192	4,637125
-0,549496	4,638429
-0,213626	4,641690
-0,458191	4,642016
-0,321235	4,643972
-0,820149	4,645929
-0,588626	4,645929
-0,448409	4,649190
-0,226669	4,648212
-0,660366	4,651146
-0,712540	4,651146
-0,673409	4,653755
-0,624496	4,654733
-0,640800	4,655712
-0,852757	4,659299
-0,304930	4,659625
-0,419061	4,661255
-0,709279	4,663538
-0,741888	4,662886
-0,399496	4,664516
-0,885366	4,667451
-0,582105	4,668103
-0,794062	4,669081
-0,683192	4,670386
-0,732105	4,671690
-0,624496	4,673646
-1,058193	4,676581
-0,966888	4,676581
-0,878844	4,678212
-0,771235	4,680820
-1,162541	4,680494
-0,842975	4,682777
-0,849496	4,683103
-0,692974	4,685060
-1,045149	4,687668
-0,679931	4,687342
-0,901670	4,689625
-1,077758	4,692233
-0,950584	4,693864
-1,306019	4,694842
-0,957105	4,696146
-1,217975	4,698103
-0,865801	4,698103
-1,146236	4,701364
-1,609281	4,701038
-1,100584	4,704299
-1,579933	4,704625
-1,283193	4,705603
-1,195149	4,708538
-1,524498	4,709842
-1,423411	4,711147
-1,677759	4,711473
-1,025584	4,714407
-1,596237	4,714407
-1,667976	4,717016
-1,667976	4,718647
-1,697324	4,719299
-1,912542	4,720277
-1,837542	4,722233
-1,906020	4,723538
-2,147325	4,724516
-2,062542	4,726147
-2,512543	4,727777
-2,444065	4,728429
-1,570150	4,731364
-2,108195	4,732668
-2,685370	4,733320
-2,140803	4,734625
-2,238630	4,736581
-2,313630	4,737234
-2,447326	4,740820
-2,036455	4,741799
-2,264717	4,743103
-2,421239	4,744407
-2,545152	4,745386
-2,277760	4,747668
-2,294064	4,747994
-2,196238	4,750603
-2,033194	4,751581
-2,359282	4,752560
-1,925585	4,754842
-2,121238	4,756799
-2,277760	4,756473
-2,098412	4,757777
-2,267977	4,759734
-2,264717	4,761364
-2,369065	4,762994
-2,545152	4,765603
-2,183195	4,766255
-2,160369	4,768212
-2,264717	4,768212
-1,971238	4,769842
-2,339717	4,770821
-2,444065	4,773755
-2,111455	4,774081
-2,463630	4,775060
-2,652761	4,777668
-2,163629	4,778321
-2,163629	4,779625
-1,853846	4,782234
-2,007107	4,783864
-2,251673	4,783212
-2,329934	4,784516
-2,284282	4,788429
-2,342978	4,788429
-2,157108	4,789408
-1,879933	4,792016
-2,065803	4,794625
-2,078847	4,792994
-2,294064	4,797234
-2,424499	4,797560
-2,117977	4,798538
-2,313630	4,799190
-2,391891	4,801473
-2,558195	4,804408
-2,532108	4,805386
-1,837542	4,807016
-2,369065	4,807668
-2,691891	4,809625
-2,026673	4,810277
-2,033194	4,814190
-2,049499	4,814190
-2,173412	4,816473
-2,486456	4,815821
-1,941890	4,817451
-2,277760	4,820712
-2,091890	4,822668
-2,271238	4,821690
-2,186456	4,823321
-2,147325	4,825277
-2,029934	4,827886
-2,339717	4,828538
-2,463630	4,830821
-2,525587	4,830495
-2,153847	4,833755
-2,424499	4,835386
-2,414717	4,837016
-1,987542	4,836038
-2,492978	4,838321
-1,994064	4,841255
-2,506021	4,840603
-2,284282	4,842234
-2,163629	4,843538
-2,192977	4,846799
-2,417978	4,846473
-1,808194	4,849408
-2,281021	4,851690
-1,977759	4,852669
-1,935368	4,852669
-2,303847	4,854951
-2,398412	4,856908
-2,532108	4,857886
-2,320151	4,859842
-1,974499	4,861147
-2,078847	4,861147
-2,401673	4,863755
-2,173412	4,865712
-2,519065	4,866038
-2,391891	4,867995
-2,398412	4,869951
-1,827759	4,870277
-2,134282	4,874190
-2,359282	4,874842
-2,281021	4,874516
-2,056021	4,877451
-2,095151	4,876799
-2,219064	4,880386
-2,108195	4,880060
-2,258195	4,882342
-2,290804	4,884625
-2,117977	4,885929
-1,742976	4,887234
-2,375586	4,887886
-2,515804	4,889190
-2,137542	4,890495
-2,316891	4,891799
-2,639717	4,892451
-2,157108	4,896038
-2,271238	4,895712
-2,222325	4,897343
-2,232108	4,898973
-2,095151	4,900603
-2,310369	4,903538
-2,571239	4,903864
-2,258195	4,904843
-2,108195	4,906799
-2,078847	4,909082
-2,672326	4,910386
-2,212543	4,912016
-2,147325	4,912995
-1,892977	4,914299
-2,039716	4,916908
-2,362543	4,917234
-2,069064	4,918864
-2,075586	4,919843
-2,290804	4,921147
-2,232108	4,923430
-2,238630	4,925386
-2,091890	4,925386
-2,101673	4,927016
-2,512543	4,928647
-2,098412	4,930603
-2,160369	4,931256
-1,648411	4,933864
-2,284282	4,934843
-2,026673	4,937451
-2,417978	4,938756
-1,964716	4,940386
-1,912542	4,939408
-2,212543	4,942669
-2,567978	4,942995
-2,056021	4,943973
-2,206021	4,945930
-2,382108	4,947234
-2,232108	4,949843
-2,160369	4,951147
-2,261456	4,951147
-2,483195	4,953756
-2,101673	4,956038
-2,261456	4,956364
-1,906020	4,957995
-2,241890	4,958647
-2,029934	4,961908
-2,219064	4,961908
-2,323412	4,963538
-2,897326	4,965821
-2,349499	4,966473
-2,176673	4,968756
-2,225586	4,970060
-2,183195	4,969734
-2,108195	4,972995
-2,310369	4,975277
-2,545152	4,976582
-2,431021	4,978212
-2,473413	4,978212
-2,515804	4,979843
-2,241890	4,981147
-2,254934	4,983430
-2,346238	4,983756
-2,329934	4,986364
-2,594065	4,988647
-2,300586	4,989625
-2,284282	4,989951
-2,241890	4,991908
-2,029934	4,993538
