6,881534	0,986900
6,950404	0,986900
7,238404	0,987226
7,520144	0,987878
8,478059	0,989835
7,576492	0,990161
7,654753	0,992118
7,163274	0,995052
7,275970	0,996683
7,178926	0,997987
7,504492	0,999292
7,210230	1,000270
7,347970	1,002226
7,692318	1,002879
7,169535	1,004509
7,335448	1,005161
7,347970	1,007444
7,604666	1,009726
7,952145	1,009726
7,526405	1,011357
7,366752	1,012661
8,080493	1,013966
8,525015	1,015596
7,460666	1,019183
7,739275	1,019183
7,394926	1,021792
7,466926	1,022444
7,557709	1,023096
8,055449	1,024726
7,792492	1,026357
7,585883	1,028966
7,986580	1,030596
7,961536	1,031574
7,657883	1,032879
7,554579	1,034509
7,692318	1,034835
7,460666	1,037118
7,426231	1,039074
8,114928	1,040705
7,157013	1,040379
7,589014	1,042987
9,147973	1,044618
7,729883	1,046248
7,767449	1,047879
7,667275	1,048857
7,338578	1,051466
6,721881	1,052118
8,509363	1,053422
8,362232	1,055053
7,626579	1,055705
8,381015	1,057009
7,692318	1,059618
7,585883	1,060270
7,551448	1,062226
8,377885	1,063857
7,504492	1,063531
7,898927	1,066466
8,362232	1,067770
8,130580	1,069400
7,902058	1,070053
7,661014	1,071357
7,883275	1,072661
7,783101	1,075596
7,523274	1,075922
7,620318	1,077226
8,456146	1,079835
8,077362	1,080487
7,839449	1,082444
7,908319	1,084074
7,773710	1,086031
7,939623	1,086031
8,496841	1,087661
8,262058	1,089618
8,271450	1,091574
8,315276	1,093205
7,942753	1,093857
8,024145	1,094835
7,604666	1,095813
8,349711	1,098096
8,002232	1,099074
8,531276	1,099727
7,191448	1,102009
8,546928	1,104292
8,816146	1,106248
8,352841	1,106574
8,381015	1,109835
9,476669	1,108857
8,640842	1,112118
8,675277	1,114074
8,694059	1,114400
8,734755	1,114074
8,559450	1,116683
8,334058	1,119292
8,481189	1,118966
8,493711	1,122879
8,105536	1,124183
8,525015	1,123531
8,243276	1,125814
8,578233	1,126466
7,754927	1,129727
8,215102	1,130379
8,778581	1,131683
9,082234	1,134292
8,725364	1,137553
8,374754	1,137553
8,193189	1,138205
8,725364	1,139183
8,662755	1,141466
8,975799	1,143096
8,662755	1,142770
8,584494	1,146031
8,960147	1,145379
8,690929	1,148966
8,719103	1,148640
9,144843	1,151574
9,035277	1,152879
8,766059	1,155488
9,439104	1,155488
8,712842	1,156140
9,110408	1,159401
8,969538	1,160053
9,135451	1,160379
9,295104	1,161357
9,173017	1,163314
9,426582	1,164944
9,307626	1,167553
9,576843	1,168531
9,814757	1,169509
9,504843	1,171140
9,038408	1,171466
8,966408	1,175053
9,482930	1,176683
9,927453	1,177009
9,392147	1,177988
9,257539	1,179944
9,576843	1,181575
9,382756	1,183205
9,548670	1,186792
9,864844	1,185488
9,683278	1,187770
9,570583	1,187770
9,651974	1,191357
10,318758	1,192009
10,515976	1,192988
10,678759	1,194618
11,048151	1,196575
10,829020	1,196575
10,231106	1,200488
10,321888	1,201792
10,634932	1,204075
10,281193	1,204401
10,371975	1,206683
9,927453	1,207009
10,190410	1,208966
10,494063	1,209944
10,778933	1,210596
11,057542	1,212553
10,331280	1,213857
10,487802	1,215814
10,469019	1,216140
10,428323	1,218749
10,944846	1,220379
10,985542	1,221357
10,168497	1,222009
10,506584	1,224944
10,875976	1,225596
10,713193	1,225596
10,337541	1,229183
10,328149	1,230162
10,813368	1,233096
10,249888	1,231466
10,569193	1,234075
10,162236	1,235705
10,816498	1,236683
10,872846	1,238640
10,315628	1,240922
9,999453	1,243531
11,185890	1,243205
10,772672	1,244836
10,553541	1,246140
9,933714	1,247444
10,559802	1,249401
10,184149	1,252988
10,428323	1,250705
10,268671	1,254292
10,365715	1,254618
10,807107	1,256575
10,634932	1,258205
10,212323	1,259183
10,224845	1,261466
10,860324	1,260814
10,428323	1,263423
10,553541	1,266031
10,725715	1,266031
10,353193	1,268314
10,685020	1,269618
10,907281	1,270923
10,406410	1,273205
11,317369	1,272879
10,829020	1,275488
11,029368	1,277770
10,907281	1,278096
10,816498	1,280053
10,603628	1,281683
11,026238	1,282988
11,148325	1,283966
11,530239	1,285596
10,872846	1,286575
11,790065	1,288205
11,182760	1,290488
10,494063	1,291466
11,586586	1,294727
10,910411	1,295705
10,807107	1,295379
11,439456	1,296683
11,724326	1,299292
11,314238	1,299292
11,896500	1,302879
12,021718	1,302227
11,905891	1,303531
12,193892	1,305814
11,655456	1,307770
12,074935	1,308749
11,696152	1,309727
11,865196	1,312988
11,846413	1,313314
12,322240	1,314292
11,724326	1,317227
12,262762	1,318857
14,347635	1,318857
10,929194	1,320488
10,519106	1,323097
11,855804	1,324727
12,366066	1,324075
12,481893	1,326357
12,607110	1,327336
11,984152	1,330270
12,356675	1,330597
11,783804	1,332227
12,510066	1,333531
12,585197	1,335162
12,528849	1,336792
12,707284	1,339075
12,300327	1,338749
12,331631	1,341357
12,081196	1,343640
12,053022	1,344944
12,603980	1,346575
12,735458	1,346575
12,629023	1,348857
12,525719	1,350488
12,785545	1,351140
12,012326	1,352444
13,039111	1,353423
13,395981	1,354401
12,275283	1,356031
12,341023	1,359292
12,557023	1,360597
12,726067	1,360923
12,851285	1,363857
12,804328	1,365162
13,029720	1,367444
13,608851	1,368097
13,170590	1,368749
12,895111	1,369727
13,987635	1,371031
13,467981	1,372662
13,383459	1,373966
13,170590	1,375923
14,115983	1,377227
13,467981	1,379510
13,968852	1,380814
14,250592	1,381792
13,668330	1,383749
13,458590	1,385379
13,987635	1,387662
14,209896	1,387010
14,460331	1,388640
14,429027	1,390271
14,331983	1,391575
14,522940	1,394836
15,092680	1,394836
15,105202	1,396140
14,964332	1,398097
15,117724	1,399075
15,512159	1,401684
15,036332	1,401684
15,117724	1,404618
15,721899	1,405597
15,205376	1,406575
15,753203	1,409510
15,361898	1,409510
15,371289	1,410814
16,047465	1,412771
15,803290	1,414075
15,765725	1,415705
16,288509	1,417988
16,169552	1,417988
16,445031	1,419292
15,853377	1,422227
16,501379	1,422879
16,398074	1,424836
16,038073	1,426140
16,119465	1,426792
16,316682	1,429075
16,294769	1,430379
16,404335	1,433314
16,266595	1,433640
16,200856	1,433966
16,448161	1,434945
16,150769	1,438205
15,571638	1,439836
16,701727	1,441792
16,601553	1,441792
15,734421	1,444075
16,122595	1,446032
16,147639	1,446358
16,056856	1,448314
16,025552	1,448640
16,413726	1,450923
16,398074	1,452227
16,301030	1,452879
16,347987	1,456140
16,254074	1,455162
16,410596	1,459075
16,526422	1,460053
16,229030	1,460705
16,557726	1,462988
16,895814	1,462988
16,507639	1,464292
17,093032	1,465597
17,337206	1,469510
17,390424	1,469510
17,277728	1,472119
17,355989	1,472119
18,003990	1,473097
18,025903	1,473749
18,310773	1,477662
18,176164	1,477010
18,745905	1,481249
18,617556	1,481901
18,517382	1,481901
18,157382	1,484510
19,328167	1,486140
19,062079	1,486792
19,750776	1,487771
18,583122	1,488749
18,965035	1,491684
19,619298	1,492010
20,023124	1,494293
19,885385	1,496575
20,035646	1,499184
20,110777	1,498858
20,689908	1,498858
20,317386	1,501140
20,185907	1,502119
20,680517	1,504401
21,181387	1,507010
21,159474	1,508314
21,046779	1,509619
20,580343	1,511249
21,710432	1,510923
21,973389	1,513532
21,472518	1,514184
21,225214	1,517119
21,566432	1,517119
21,851302	1,519075
22,064172	1,522010
21,485040	1,521684
21,372344	1,525271
21,337910	1,526575
21,860693	1,526901
21,109387	1,528532
21,747997	1,529836
20,981039	1,530488
20,633560	1,530814
19,976168	1,534075
20,611647	1,535053
20,126429	1,537010
18,971296	1,538967
19,872863	1,539945
19,090253	1,542553
19,453384	1,542553
18,764687	1,543206
18,723991	1,544510
18,755296	1,547771
18,442252	1,548749
18,094773	1,550706
17,784859	1,550706
17,966425	1,553967
17,900686	1,554945
18,226251	1,555923
17,769207	1,558206
17,584511	1,558858
17,208858	1,560162
17,005379	1,562119
17,218249	1,563423
18,029034	1,563749
17,440511	1,567336
17,590772	1,567010
17,631468	1,569293
17,565728	1,569293
17,809903	1,572227
17,252684	1,572880
16,930249	1,575814
17,490598	1,577119
17,656511	1,577445
17,362250	1,578749
17,650250	1,581684
18,129208	1,582662
18,063468	1,583314
17,465554	1,583967
18,044686	1,585597
18,329556	1,586901
17,578250	1,588206
18,126077	1,590488
18,373382	1,593097
18,695817	1,594727
18,342078	1,594401
18,207469	1,596032
18,435991	1,597662
18,617556	1,599293
18,918079	1,601575
18,702078	1,602554
19,087123	1,603206
18,993209	1,605488
19,534776	1,606141
19,271819	1,607119
18,517382	1,609401
19,218601	1,611032
19,325036	1,612662
19,656863	1,614945
19,519123	1,615271
19,368862	1,617228
19,944863	1,619836
19,647471	1,620162
19,525384	1,622119
19,694428	1,624728
19,384514	1,624401
18,930601	1,625380
18,918079	1,627988
19,080862	1,630271
18,877383	1,630923
19,193558	1,632554
18,914948	1,633206
18,351469	1,635162
18,379643	1,635815
17,891294	1,638097
17,694076	1,639401
17,659642	1,639728
17,847468	1,641032
17,262076	1,643641
16,673553	1,645597
17,543815	1,646575
16,955292	1,648532
16,764336	1,649510
16,398074	1,651467
16,460683	1,652771
16,219639	1,653749
16,191465	1,653423
16,282248	1,655706
16,094421	1,657662
15,950421	1,658967
15,831464	1,660923
16,451291	1,663532
16,150769	1,664836
15,919117	1,665162
15,959812	1,668423
15,881551	1,669075
15,609203	1,669402
15,906595	1,670380
15,725029	1,672336
15,994247	1,673315
15,862769	1,674945
15,602942	1,676902
16,175813	1,677880
15,840855	1,679510
16,216508	1,682119
16,097552	1,684075
16,394944	1,685054
16,063117	1,686358
16,301030	1,687662
16,110073	1,688967
16,779988	1,690597
16,582770	1,691576
16,761205	1,693206
16,504509	1,695162
16,623466	1,695489
16,845727	1,696467
16,989727	1,699402
17,017901	1,700706
17,165032	1,702010
17,052336	1,703315
17,299641	1,704619
17,340337	1,705923
17,565728	1,708206
17,537554	1,709836
17,365380	1,711793
17,850598	1,713097
17,690946	1,712771
17,863120	1,714728
17,928860	1,717336
17,722250	1,718315
17,543815	1,719293
18,179295	1,720271
18,104164	1,721249
18,107295	1,724510
17,913207	1,726467
17,797381	1,727119
18,044686	1,727771
17,941381	1,729402
17,669033	1,732663
17,734772	1,732336
17,922599	1,733641
17,750424	1,734945
17,741033	1,736902
18,057208	1,738206
17,778598	1,740163
17,612685	1,742119
17,747294	1,743750
17,343467	1,746358
17,568859	1,746358
17,606424	1,748315
16,714248	1,748315
17,127467	1,750271
17,484337	1,752228
17,409206	1,751902
17,816164	1,754184
17,913207	1,754836
18,295121	1,756467
18,266947	1,758750
18,132338	1,761358
18,404687	1,762337
18,705209	1,764293
18,173034	1,764293
18,526774	1,766576
18,871122	1,767880
18,473556	1,768532
18,517382	1,770815
18,680165	1,771467
18,467295	1,773097
19,137210	1,774728
19,731993	1,775706
19,519123	1,778967
20,408169	1,779945
19,519123	1,780923
19,750776	1,783206
20,796343	1,784837
19,475297	1,784837
19,760167	1,785489
20,552169	1,788424
21,413040	1,790380
21,231475	1,791032
21,309736	1,792989
21,600867	1,793641
21,807476	1,795924
21,998433	1,795271
21,904519	1,798206
22,251998	1,800163
22,799825	1,802119
22,737217	1,803750
22,530607	1,804402
22,665216	1,805380
24,311828	1,807337
21,848171	1,808641
22,104868	1,809945
22,784173	1,810924
23,870436	1,811576
23,563653	1,814184
23,244348	1,815163
22,890608	1,816793
22,752869	1,819076
23,206783	1,820054
23,266261	1,822011
22,837391	1,822663
22,781043	1,825271
22,831130	1,826250
22,499303	1,826902
21,707302	1,829184
21,701041	1,829184
21,253388	1,830489
20,595995	1,834402
20,552169	1,835054
20,273560	1,836358
19,284340	1,838315
18,858600	1,838315
18,451643	1,839619
17,869381	1,842228
17,121206	1,842228
17,453033	1,844837
16,939640	1,845489
16,379291	1,848750
15,139637	1,849076
15,505898	1,849728
14,754593	1,852337
13,417894	1,854293
13,793547	1,856250
13,777895	1,855271
13,308329	1,858858
13,339633	1,858532
13,599460	1,861467
12,557023	1,863424
12,769893	1,864076
12,387979	1,864728
12,137544	1,866032
11,893370	1,869619
11,771282	1,869619
11,223455	1,871902
11,333021	1,872228
10,941716	1,874185
11,148325	1,874837
10,428323	1,877119
11,016846	1,878750
11,117020	1,879076
10,663106	1,882663
10,459628	1,883641
10,187279	1,885272
9,974409	1,886576
10,284323	1,887880
10,509715	1,887880
9,789713	1,888858
10,002583	1,890489
10,077714	1,893098
9,733366	1,894402
9,943105	1,895706
9,836670	1,898641
9,451626	1,899619
9,592496	1,899945
9,545539	1,901902
9,949366	1,903859
9,370234	1,903532
8,731624	1,906141
9,601887	1,906793
9,833540	1,908098
8,731624	1,910380
8,935103	1,912989
8,985190	1,913315
8,869364	1,913967
9,182408	1,915924
9,107277	1,918532
9,069712	1,919185
8,916320	1,921793
8,593885	1,922119
8,618929	1,924728
8,728494	1,925380
8,838059	1,925706
8,575102	1,928315
8,434233	1,929619
8,525015	1,932228
8,211971	1,931902
8,290232	1,933859
8,387276	1,934837
8,233884	1,936141
7,614057	1,939076
7,936493	1,939402
8,211971	1,942011
7,626579	1,942337
8,055449	1,945272
7,751797	1,945598
7,435622	1,946576
7,623448	1,948859
7,629709	1,950815
6,847099	1,951793
7,758057	1,952772
7,235274	1,954076
7,260317	1,955706
6,731273	1,957011
7,282230	1,957989
7,347970	1,960924
7,357361	1,963206
7,047447	1,962228
6,709360	1,964837
6,715621	1,967120
7,019273	1,966467
6,915969	1,969728
6,731273	1,971033
6,264837	1,973315
6,662403	1,972989
6,721881	1,975598
6,847099	1,975272
7,106926	1,976250
6,346229	1,978206
6,480838	1,979837
6,649881	1,982446
6,471446	1,983098
6,568490	1,985706
6,449533	1,987011
6,634229	1,988315
6,314924	1,990598
6,483968	1,989946
6,365011	1,992228
6,274228	1,993859
6,258576	1,994185
6,509012	1,995815
6,430750	1,998750
6,055098	1,999076
6,267968	2,001033
6,847099	2,003315
6,662403	2,002989
7,113187	2,005272
6,446403	2,007554
5,804662	2,008859
5,723271	2,009837
5,848489	2,011794
6,224141	2,013750
5,820315	2,014402
5,879793	2,014728
6,437011	2,017337
6,230402	2,019294
6,471446	2,020598
5,973706	2,022554
6,346229	2,023859
6,127098	2,023533
6,214750	2,024185
6,427620	2,028098
6,161533	2,029076
5,795271	2,030380
6,293011	2,031685
6,105185	2,032663
5,923619	2,034294
6,267968	2,036902
6,314924	2,039185
5,688836	2,038859
6,527794	2,041141
5,776488	2,041794
6,336837	2,042772
6,030054	2,045707
5,829706	2,046685
5,209879	2,047663
6,077011	2,048315
6,111446	2,049946
6,089532	2,051250
6,073880	2,055163
5,563618	2,055815
6,149011	2,055815
6,061358	2,056141
5,864141	2,059076
6,001880	2,061359
6,030054	2,062663
5,648140	2,064294
6,073880	2,064946
6,142750	2,065598
6,083272	2,068859
5,835967	2,071141
5,770227	2,071141
6,064489	2,073098
6,302402	2,075054
6,120837	2,074728
6,080141	2,078315
6,008141	2,079946
5,557358	2,078641
5,804662	2,080924
6,117706	2,084185
5,886054	2,085163
6,130228	2,085489
5,989358	2,085815
5,882923	2,089728
5,826575	2,090055
5,670053	2,092663
5,757706	2,092337
6,108315	2,094946
6,042576	2,096902
5,726401	2,098207
6,552838	2,098859
6,089532	2,100163
5,817184	2,100815
5,826575	2,102446
5,773358	2,104402
5,810923	2,107337
6,120837	2,108315
6,045706	2,107989
5,895445	2,110272
5,886054	2,112228
5,989358	2,114185
6,058228	2,114837
5,983097	2,116468
5,945532	2,118424
6,033185	2,120055
5,723271	2,121359
5,851619	2,120381
5,557358	2,123968
5,601184	2,123968
6,327446	2,126902
6,202228	2,127881
6,177185	2,129511
6,483968	2,131794
5,441531	2,133098
6,045706	2,133098
6,008141	2,136359
6,233533	2,137337
6,530925	2,138315
6,030054	2,138968
6,036315	2,140272
6,293011	2,143859
6,092663	2,144511
6,033185	2,144837
6,305533	2,147772
6,195967	2,149076
5,792141	2,151359
6,512142	2,150381
6,427620	2,152663
6,120837	2,153968
6,170924	2,155924
6,437011	2,156576
5,967445	2,158533
6,061358	2,161142
6,098924	2,161142
6,161533	2,161794
6,246054	2,164729
6,221011	2,166685
6,208489	2,168642
6,230402	2,169620
8,903799	2,169946
4,937530	2,171250
6,221011	2,173207
6,095793	2,174185
5,729532	2,175489
6,365011	2,176468
6,293011	2,179076
6,258576	2,180381
7,085013	2,182011
6,706229	2,183642
5,954923	2,184294
6,105185	2,185598
6,258576	2,187881
6,236663	2,188859
6,330576	2,190490
6,477707	2,192446
6,411968	2,193750
6,286750	2,194403
6,671794	2,196685
6,565359	2,199294
5,914228	2,198968
6,809534	2,200272
6,659273	2,202555
6,098924	2,204185
6,530925	2,205816
6,433881	2,206794
6,559099	2,207772
6,709360	2,210055
7,172665	2,212337
6,699968	2,212337
6,496490	2,214946
6,020663	2,215598
6,728142	2,216903
6,415098	2,219511
6,856490	2,219185
6,574751	2,221468
6,552838	2,223424
7,438752	2,224729
6,602925	2,224729
6,962925	2,227990
6,615446	2,229620
6,637360	2,230272
6,962925	2,232555
6,793882	2,232555
6,634229	2,233207
6,812664	2,235163
7,169535	2,236794
6,903447	2,238098
6,797012	2,238750
6,671794	2,242011
7,028665	2,242990
6,865882	2,245272
7,034926	2,246903
6,972317	2,248207
6,746925	2,248859
6,437011	2,249511
6,778229	2,251142
6,771969	2,253098
7,423100	2,255381
7,194578	2,256359
7,000491	2,257664
6,750055	2,258316
6,471446	2,260924
7,166404	2,261903
7,003621	2,264185
7,423100	2,264837
6,671794	2,266142
7,113187	2,268424
7,232143	2,270381
7,122578	2,270055
7,244665	2,272337
7,225882	2,274294
7,407448	2,274294
7,085013	2,278207
7,598405	2,277555
6,934751	2,279511
7,579622	2,281794
7,498231	2,282446
7,448144	2,285055
7,563970	2,285381
7,861362	2,286359
7,373013	2,288642
7,163274	2,288642
7,726753	2,292229
7,332317	2,292229
7,075621	2,294185
7,717362	2,295816
7,473187	2,296794
8,309015	2,299729
8,099275	2,299403
7,711101	2,301359
7,567100	2,302664
7,767449	2,305598
8,318406	2,306577
7,651622	2,307881
7,373013	2,307881
7,873884	2,309511
7,667275	2,312772
7,779970	2,313098
8,058580	2,315707
8,593885	2,314729
8,039797	2,318316
7,898927	2,320272
8,077362	2,318968
7,842579	2,321251
8,021014	2,323207
7,980319	2,325490
7,930232	2,326142
8,525015	2,327772
7,995971	2,328098
8,443624	2,330381
8,468667	2,331685
8,105536	2,332664
8,653363	2,335925
8,546928	2,335272
8,575102	2,339185
7,366752	2,338533
8,506233	2,340164
8,553189	2,342772
8,365363	2,343751
8,675277	2,345381
8,640842	2,345381
8,434233	2,346685
8,737885	2,348642
8,565711	2,351251
8,440493	2,352555
8,838059	2,352881
8,947625	2,358425
8,647103	2,356468
9,194930	2,358425
8,550059	2,358425
8,975799	2,362012
9,138582	2,362664
8,678407	2,363968
8,982060	2,366577
9,097886	2,366251
8,991451	2,368207
9,298234	2,369512
9,141712	2,370490
9,677018	2,372120
9,827279	2,375055
9,420321	2,375055
9,263799	2,376686
9,714583	2,379620
9,495452	2,380925
9,733366	2,382229
9,432843	2,382555
9,639452	2,385490
9,977540	2,386468
10,124671	2,388425
9,727105	2,389403
9,961888	2,390381
9,958757	2,391686
10,168497	2,393642
10,638063	2,394294
9,821018	2,396577
10,334410	2,396903
9,849192	2,398533
10,259280	2,401468
10,434584	2,401794
10,763281	2,403099
10,537889	2,405707
10,716324	2,405707
10,387628	2,408316
10,591106	2,409620
10,537889	2,409946
10,550411	2,412229
11,220325	2,414512
10,728846	2,414186
11,098238	2,417446
11,336151	2,417446
11,220325	2,420381
11,010585	2,421033
11,483282	2,422664
11,179629	2,422990
11,204673	2,425925
11,511456	2,425925
11,411282	2,427881
11,523978	2,429186
11,790065	2,429838
11,420673	2,432120
11,552152	2,434403
11,376847	2,434729
11,996674	2,436033
11,736848	2,439294
12,287805	2,440273
11,912152	2,441903
11,417543	2,443533
12,269023	2,444838
12,497545	2,445816
12,557023	2,447120
12,237718	2,448751
12,269023	2,451360
12,550762	2,452012
12,422414	2,453316
12,322240	2,454620
12,431805	2,455599
12,600849	2,456577
13,117372	2,459186
12,231457	2,460490
12,754241	2,461468
12,932676	2,463751
13,624503	2,465055
12,979633	2,466360
13,333372	2,467990
13,189372	2,469947
13,565025	2,469620
13,101720	2,472881
13,458590	2,473860
13,399112	2,475816
13,533721	2,476142
13,984504	2,478099
14,197374	2,480055
13,903113	2,481034
14,169200	2,482338
13,558764	2,484294
14,504157	2,484294
14,538592	2,487229
14,341374	2,487881
14,954941	2,490490
15,045724	2,491142
15,383811	2,493099
15,167811	2,493751
14,914245	2,495055
14,660679	2,498316
15,590420	2,497012
15,621725	2,500273
15,731290	2,500273
15,825203	2,503207
15,931638	2,503207
15,981725	2,504838
16,097552	2,507773
16,388683	2,508099
15,959812	2,511360
16,867640	2,510708
16,698596	2,512012
16,748683	2,514947
17,271467	2,516577
16,701727	2,516903
17,290250	2,518208
17,283989	2,520490
17,149380	2,521794
17,246423	2,521794
17,778598	2,524729
17,885033	2,525055
17,565728	2,527664
17,841207	2,529621
18,680165	2,530599
18,586252	2,532881
18,498600	2,532555
18,805383	2,536142
19,168514	2,536142
18,583122	2,537447
18,570600	2,539077
18,745905	2,540055
18,817905	2,541686
19,638080	2,543316
19,544167	2,544621
18,914948	2,544947
18,974427	2,548860
18,908687	2,548860
19,378254	2,549512
20,132690	2,551468
19,894776	2,552447
19,522254	2,555708
20,079472	2,556360
19,998081	2,557012
19,631819	2,560599
19,879124	2,560599
20,145212	2,562229
19,803994	2,564512
20,461386	2,565816
20,918430	2,566142
21,228344	2,568751
21,369214	2,570055
20,921561	2,569729
21,879476	2,572012
22,255129	2,573968
22,020346	2,574295
22,014085	2,576577
22,386607	2,578534
23,131652	2,578534
22,524347	2,580816
22,903130	2,583425
22,978260	2,582773
23,310087	2,586360
23,801566	2,587664
24,152176	2,587012
24,296176	2,589947
24,577916	2,592229
24,061393	2,593208
25,160178	2,594838
25,642266	2,595490
24,753220	2,597447
25,745570	2,598425
25,623483	2,600056
26,540702	2,601034
26,058614	2,602664
26,465572	2,603316
27,126095	2,605925
27,949400	2,605925
27,351486	2,607229
27,385921	2,609186
27,877400	2,610816
27,630095	2,612447
28,647489	2,614077
28,350097	2,614729
28,832185	2,618969
29,661752	2,620599
28,584880	2,619947
28,960533	2,621903
29,746273	2,624512
30,481927	2,624512
30,215840	2,624838
29,376881	2,627447
30,256535	2,628425
30,544536	2,632012
30,553927	2,632012
30,547666	2,632338
30,669754	2,635599
31,565060	2,635599
30,707319	2,638534
30,303492	2,639186
30,888884	2,641143
30,741754	2,642773
30,845058	2,643099
30,760536	2,644730
30,256535	2,646034
30,328535	2,647338
30,015491	2,648969
30,200187	2,650925
29,448882	2,653208
29,035663	2,655490
28,897924	2,654512
29,273577	2,657447
28,694445	2,658425
28,660011	2,659730
28,550445	2,660056
28,650619	2,662012
28,271836	2,664621
28,509749	2,665925
27,761574	2,667230
28,850967	2,668208
28,772706	2,670490
29,160881	2,672447
28,894794	2,673099
28,325053	2,674077
28,935489	2,676034
28,609923	2,677338
28,825924	2,678643
29,295490	2,679947
29,627317	2,681577
29,724360	2,683534
29,317403	2,684186
29,927839	2,685490
30,400536	2,687447
30,362970	2,689077
30,516362	2,691360
30,397405	2,692338
30,823145	2,694621
31,295842	2,693643
31,599494	2,697556
31,364711	2,697556
31,637060	2,699838
32,601235	2,699838
32,275670	2,700817
32,613757	2,703425
32,516714	2,706360
33,227324	2,707012
33,590455	2,709295
33,844020	2,709947
34,119499	2,711577
34,598457	2,712230
34,751848	2,714512
34,820718	2,715491
35,108719	2,716143
35,687850	2,718751
36,119851	2,719077
36,351504	2,721034
36,683330	2,722012
36,404721	2,724947
36,914983	2,727230
37,606810	2,726251
37,603680	2,727556
38,348725	2,730491
38,051333	2,731469
38,386290	2,733425
38,426986	2,736034
39,087509	2,735708
38,467682	2,737012
39,162639	2,737664
39,272205	2,740925
39,438118	2,741578
39,779336	2,742882
39,998467	2,744838
40,280207	2,746795
40,173772	2,747447
40,026641	2,749404
39,303509	2,750708
40,239511	2,752012
39,682293	2,753969
39,406814	2,754621
39,813771	2,755599
39,848206	2,757230
39,685423	2,758208
40,054815	2,760817
39,769945	2,762121
40,064206	2,762773
40,389772	2,764730
40,621425	2,765382
40,524381	2,767338
40,680903	2,768643
41,153600	2,771578
41,785949	2,771904
42,036384	2,773534
42,208558	2,775817
42,621776	2,776143
43,034995	2,777773
43,407517	2,779078
43,470126	2,780708
44,352910	2,781686
44,769259	2,783969
45,395347	2,785925
45,601956	2,787230
45,667695	2,789512
46,353262	2,790165
47,060741	2,790491
47,211003	2,792447
48,009265	2,793099
48,519527	2,794730
49,064224	2,798317
49,583877	2,799295
49,815529	2,800925
50,463531	2,802556
51,027010	2,804512
51,687533	2,804186
52,341795	2,805165
52,992927	2,806795
53,014840	2,808425
54,094842	2,810382
54,201277	2,812339
55,090322	2,813969
54,686495	2,813969
55,832237	2,816904
56,489629	2,818534
56,041976	2,819186
57,043717	2,820165
57,303544	2,821795
57,629110	2,824404
57,939023	2,824404
58,142502	2,826686
58,743546	2,826360
58,436763	2,828317
57,892067	2,830926
58,339720	2,831252
57,942154	2,833534
58,201980	2,833534
57,885806	2,835817
57,284761	2,837447
56,614847	2,838752
56,608586	2,841686
56,564760	2,842991
55,340757	2,843969
54,004059	2,844947
53,766146	2,847230
53,640928	2,848860
50,948749	2,849513
50,163008	2,851795
49,120571	2,852773
47,918482	2,854730
46,109087	2,856686
44,590824	2,857665
43,817605	2,858317
42,715690	2,860926
40,543164	2,860273
39,948380	2,863534
39,228379	2,864839
38,229768	2,865491
36,482982	2,866143
36,846113	2,869078
36,273243	2,869730
36,248199	2,871034
34,986631	2,872339
34,254108	2,875600
33,186628	2,876904
33,120889	2,877882
33,217932	2,879513
32,717062	2,880491
32,053408	2,882447
32,122278	2,884078
32,078452	2,884404
31,715321	2,885382
30,989058	2,887991
31,120537	2,889295
30,676014	2,891252
30,009230	2,892556
30,334796	2,894513
30,121926	2,894187
30,269057	2,895817
30,078100	2,897447
29,755665	2,899078
29,298620	2,900382
29,996709	2,902013
29,915317	2,904621
28,991837	2,904295
28,760185	2,907230
29,589751	2,908208
29,636708	2,909513
29,664882	2,911143
30,100013	2,912121
29,956013	2,914404
29,110794	2,915382
29,724360	2,915056
29,552186	2,916687
29,624186	2,920600
29,956013	2,921578
29,624186	2,922556
29,345577	2,923860
29,815143	2,925165
29,699317	2,927774
30,156361	2,928752
29,689926	2,929404
29,545925	2,931687
29,652360	2,933317
29,380012	2,935274
29,636708	2,934621
28,819663	2,935926
29,317403	2,938534
28,888533	2,938534
28,841576	2,942121
28,550445	2,942774
28,390793	2,945056
28,328184	2,945382
27,792878	2,947013
27,166790	2,947991
27,288877	2,950274
26,609572	2,951578
26,146267	2,953861
25,942788	2,953534
25,279134	2,954839
25,003656	2,956795
24,377568	2,958426
24,521568	2,960056
23,382087	2,962339
22,925043	2,962991
23,028348	2,965600
22,768521	2,965274
22,424172	2,968208
21,942085	2,968861
22,377216	2,971143
22,032867	2,971795
21,453736	2,972774
20,912170	2,974730
20,952865	2,976034
20,902778	2,977991
21,372344	2,979295
20,915300	2,979621
20,448864	2,981252
21,096866	2,984187
20,145212	2,985165
20,314255	2,987121
20,098255	2,988100
19,941733	2,988752
20,126429	2,990382
20,120168	2,992665
20,483299	2,992991
19,747646	2,995600
20,063820	2,996252
20,245386	2,997882
20,448864	2,999839
20,373734	3,002448
20,395647	3,001795
20,386256	3,003100
20,395647	3,004404
20,602256	3,007339
20,774430	3,009295
20,423821	3,010274
20,689908	3,010600
20,865213	3,013861
21,112518	3,014839
20,930952	3,016795
20,758778	3,016469
20,849561	3,018426
21,128170	3,021035
21,200170	3,022013
21,729215	3,022665
21,422431	3,023643
21,369214	3,025600
21,679128	3,026904
22,198781	3,027882
21,888867	3,029839
22,245737	3,032122
22,223824	3,032448
22,226955	3,034078
22,461738	3,036035
21,979650	3,038317
22,111128	3,038317
22,856173	3,040926
22,943826	3,042230
23,247478	3,043861
22,777912	3,043861
23,510435	3,046143
23,951828	3,047448
24,152176	3,048752
23,435305	3,050382
23,569914	3,052991
23,951828	3,054296
23,964349	3,053969
24,042610	3,056252
24,393220	3,058861
24,505916	3,060491
24,988003	3,060165
24,509046	3,062774
24,884699	3,063100
25,714266	3,066035
24,778264	3,065709
25,532700	3,068643
26,096180	3,069622
25,936527	3,070600
26,324702	3,072230
26,706615	3,074839
26,716007	3,076796
27,799139	3,075817
27,445399	3,079730
27,392182	3,080056
28,303140	3,080383
29,041924	3,082665
28,973055	3,083643
28,753924	3,085274
29,755665	3,086578
30,062448	3,088535
30,081231	3,088209
31,026624	3,092122
31,064189	3,093426
30,794971	3,095056
31,633929	3,096361
31,946973	3,097665
32,576192	3,097991
32,717062	3,099948
33,145932	3,102230
34,103847	3,102883
34,510804	3,103861
34,341761	3,105491
35,152545	3,108100
35,071153	3,109404
35,872546	3,110709
36,379677	3,111035
36,576895	3,112665
37,109070	3,113317
37,234288	3,116252
37,609941	3,116904
38,317420	3,118535
38,480203	3,120165
38,896552	3,121796
39,146987	3,123752
39,125074	3,125709
39,453770	3,126361
39,798119	3,128317
40,264555	3,130274
40,286468	3,129622
40,493077	3,132230
40,455511	3,132883
40,640207	3,135165
40,555686	3,135491
40,665251	3,138426
40,214467	3,140383
40,502468	3,140057
40,198815	3,143970
39,049943	3,144296
39,713597	3,145274
39,384901	3,145274
37,954289	3,147883
37,675680	3,150165
36,952548	3,150817
36,360895	3,153752
35,503154	3,153100
34,983501	3,156035
33,884716	3,155709
32,375844	3,158317
31,752886	3,160274
30,259666	3,160926
29,076359	3,162557
27,821052	3,164187
26,938268	3,164513
25,639135	3,166144
24,530959	3,169078
23,901741	3,169078
23,256870	3,171361
22,161215	3,173970
21,109387	3,174622
20,633560	3,174948
19,998081	3,177557
19,597384	3,177883
18,720861	3,180491
17,997729	3,181144
17,143119	3,183426
16,955292	3,184404
16,488857	3,185709
16,332335	3,187013
15,280507	3,189296
15,599812	3,189622
14,795288	3,191904
14,141026	3,192557
14,050243	3,194839
14,244331	3,197448
13,658938	3,197448
13,317720	3,198752
12,441197	3,200709
12,619632	3,201361
12,701023	3,203970
12,619632	3,205274
12,115631	3,206252
11,580326	3,206578
11,395630	3,209187
10,847802	3,210491
10,894759	3,211470
10,991803	3,214405
10,681889	3,215709
10,763281	3,216035
10,312497	3,217665
10,760150	3,219948
10,240497	3,221905
9,677018	3,223535
9,536148	3,223861
9,304495	3,225165
9,367104	3,226470
9,495452	3,229731
9,003973	3,230383
8,963277	3,230709
9,003973	3,232013
9,088495	3,234622
8,744146	3,234948
8,575102	3,236252
8,384146	3,240165
8,384146	3,239839
8,049188	3,242448
8,318406	3,243100
8,249537	3,243752
8,165015	3,246687
7,783101	3,247339
7,629709	3,249296
8,080493	3,249622
7,980319	3,252231
7,798753	3,253209
7,188317	3,253861
7,066230	3,256796
7,648492	3,258100
7,056839	3,258426
7,078752	3,260057
7,466926	3,262013
7,219622	3,263318
6,559099	3,264948
6,543446	3,265926
6,549707	3,266579
6,505881	3,269187
6,596664	3,269839
6,530925	3,271470
6,771969	3,273752
5,964315	3,275709
6,621707	3,276035
6,271098	3,277339
6,149011	3,280600
5,691966	3,280274
6,142750	3,283861
6,468316	3,283535
6,058228	3,284187
6,014402	3,286470
6,133359	3,288752
5,560488	3,289731
5,998750	3,291687
6,055098	3,292992
5,864141	3,292666
5,554227	3,295274
5,973706	3,296905
5,889184	3,297557
5,551097	3,300492
5,516662	3,300492
5,845358	3,302448
4,915617	3,306035
5,219270	3,304731
5,835967	3,306687
5,807793	3,307666
4,931269	3,310274
5,829706	3,310926
5,729532	3,311905
5,501010	3,314839
5,438401	3,316144
5,438401	3,316470
5,031443	3,318753
5,328835	3,320057
5,022052	3,320709
5,272487	3,322013
5,544836	3,322992
5,335096	3,326253
6,170924	3,327231
5,610575	3,329187
4,590051	3,331470
5,000139	3,332122
5,419618	3,333100
5,147270	3,335057
5,626227	3,335709
5,378922	3,337340
4,981356	3,340926
5,598053	3,340926
4,743443	3,340926
5,072139	3,345166
4,743443	3,346144
4,815443	3,346470
5,181705	3,346796
5,059617	3,347774
5,090922	3,352013
5,159792	3,352666
5,122226	3,353644
5,353879	3,354948
5,344488	3,355600
4,796660	3,358535
4,790400	3,359840
4,921878	3,361470
5,047096	3,361796
4,480486	3,363100
4,552486	3,365383
5,018922	3,367013
4,921878	3,369622
4,934400	3,367992
5,072139	3,370274
4,192485	3,372883
4,662051	3,375166
4,806052	3,376144
5,000139	3,376144
4,799791	3,378100
5,281879	3,380709
5,153531	3,380709
4,709008	3,382666
4,442921	3,383644
5,372662	3,385600
4,377181	3,387883
4,277007	3,388209
4,696486	3,390818
4,662051	3,391144
4,408486	3,392448
4,859269	3,394405
4,705878	3,396687
4,971965	3,397340
4,658921	3,399296
4,558747	3,399948
4,746573	3,400927
4,302051	3,402883
4,705878	3,404187
5,316314	3,405818
4,702747	3,407122
4,342746	3,409079
4,580660	3,410383
4,950052	3,413970
4,571269	3,413318
4,195616	3,415601
4,311442	3,416253
4,962574	3,417557
4,536834	3,419188
4,280138	3,420166
4,483616	3,421796
4,345877	3,425383
4,330225	3,424405
4,687095	3,427666
4,370920	3,428644
4,533703	3,430601
4,646399	3,431579
4,577530	3,431253
4,868661	3,433209
4,511790	3,434840
4,248833	3,435166
4,267616	3,437448
4,311442	3,440383
4,655791	3,441361
4,709008	3,443318
4,311442	3,443970
4,205007	3,446579
4,104833	3,446905
4,774747	3,447883
4,226920	3,449514
4,815443	3,450492
4,834226	3,452122
4,424138	3,453753
4,527442	3,456688
4,881182	3,456035
4,755965	3,459296
4,095442	3,458970
4,211268	3,462231
4,765356	3,462557
4,430399	3,464840
4,871791	3,465166
4,142398	3,467448
3,995268	3,468753
4,086050	3,469405
4,308312	3,471688
4,527442	3,472666
4,640138	3,472992
5,103444	3,475927
4,461703	3,477557
4,436660	3,478209
4,189355	3,480166
4,242572	3,481796
3,910746	3,483753
4,061007	3,483427
4,536834	3,486688
4,558747	3,487666
4,856139	3,488644
4,120485	3,490601
4,079789	3,491579
3,757354	3,493535
4,461703	3,495166
4,655791	3,497775
4,727791	3,498101
4,258225	3,499079
4,323964	3,501035
3,641528	3,502014
3,841876	3,502992
4,671443	3,504622
4,208138	3,505927
4,336486	3,506579
4,208138	3,508209
3,957702	3,510492
4,536834	3,512122
3,810572	3,514405
4,192485	3,513427
4,549356	3,516036
4,367790	3,517014
4,292659	3,519622
4,298920	3,520601
4,032833	3,521253
3,998398	3,523862
4,161181	3,525818
4,292659	3,527122
4,571269	3,529079
4,017181	3,530057
4,145529	3,531688
4,427268	3,532340
3,907615	3,534296
4,630747	3,536905
4,424138	3,537557
4,217529	3,537883
4,627617	3,538862
4,345877	3,541470
4,593182	3,543753
4,399094	3,544405
4,120485	3,545709
4,505529	3,548644
4,608834	3,548970
4,286399	3,550601
4,608834	3,552231
4,446051	3,554188
4,057876	3,553536
3,929528	3,555166
3,995268	3,557775
4,395964	3,558427
4,142398	3,559405
4,198746	3,561362
4,530573	3,561688
4,101703	3,564296
3,957702	3,565927
4,057876	3,567557
4,367790	3,568862
4,649530	3,570818
3,863789	3,571796
3,356658	3,572775
4,574399	3,575710
4,990748	3,577666
4,802921	3,577014
4,643269	3,579297
4,489877	3,579297
4,286399	3,582557
4,142398	3,584514
4,098572	3,583862
4,004659	3,586470
3,541354	3,588427
3,585180	3,589405
3,973354	3,590710
4,442921	3,592340
4,317703	3,594623
4,568138	3,596579
5,325705	3,596253
4,395964	3,597557
3,616484	3,599514
4,552486	3,600818
4,151790	3,601797
4,298920	3,603101
4,358399	3,605057
4,611964	3,607340
4,715269	3,608644
4,226920	3,609623
4,323964	3,611905
4,411616	3,612231
4,430399	3,613536
4,399094	3,614840
4,505529	3,616144
4,637008	3,618753
4,148659	3,620384
4,377181	3,622666
4,327094	3,622992
4,380312	3,624297
3,873180	3,626579
4,223790	3,627231
4,442921	3,628862
4,220659	3,629840
4,799791	3,632449
4,843617	3,633753
4,455442	3,634079
3,960833	3,636688
4,699617	3,638318
4,881182	3,638318
4,017181	3,640927
4,195616	3,642558
4,442921	3,643536
4,358399	3,645492
4,421008	3,645492
4,427268	3,647775
4,120485	3,648101
4,358399	3,652340
4,245703	3,652340
4,389703	3,652992
4,956313	3,654949
4,389703	3,656579
4,361529	3,658536
3,989007	3,659840
4,417877	3,661144
3,810572	3,662123
4,170572	3,665058
4,621356	3,666036
4,746573	3,666036
4,690225	3,667666
4,333355	3,669623
4,111094	3,670927
4,151790	3,673210
4,374051	3,674840
4,289529	3,676797
4,367790	3,678101
4,179964	3,677775
4,849878	3,680384
4,145529	3,681688
4,242572	3,683971
4,943791	3,684297
4,467964	3,685601
5,288140	3,687884
4,427268	3,689840
3,945181	3,691145
3,732311	3,690818
4,245703	3,692123
4,555616	3,695058
4,286399	3,696362
4,399094	3,696688
4,311442	3,698971
4,997009	3,699949
4,342746	3,702558
4,323964	3,704514
4,502399	3,706145
4,045355	3,704840
4,771617	3,707449
4,258225	3,708753
5,094052	3,710058
4,984487	3,713319
4,662051	3,713319
4,621356	3,714949
4,561877	3,716905
4,718399	3,718536
4,217529	3,718536
3,701006	3,720492
4,511790	3,722775
4,173703	3,723427
5,065878	3,725710
4,643269	3,726362
4,806052	3,728319
4,427268	3,728645
4,812313	3,729949
4,903095	3,731579
4,496138	3,733536
4,712139	3,734840
4,665182	3,735819
4,953182	3,739079
4,458573	3,740710
4,236312	3,740384
5,137878	3,742992
5,078400	3,742992
4,611964	3,745275
3,960833	3,747884
4,499269	3,747884
4,755965	3,750166
4,577530	3,751471
4,226920	3,752123
5,050226	3,754079
4,809182	3,756036
4,893704	3,757666
4,251964	3,758971
4,918748	3,760601
5,144139	3,760601
4,755965	3,763536
4,123616	3,765493
4,608834	3,765166
4,881182	3,767449
4,508660	3,768753
4,546225	3,769732
5,341357	3,773319
4,493008	3,772666
5,125357	3,775601
4,699617	3,776253
4,305181	3,776906
4,305181	3,779188
5,450923	3,779514
5,097183	3,782123
4,846747	3,782775
4,568138	3,785384
5,197357	3,786688
4,555616	3,787340
4,978226	3,789949
5,040835	3,789949
4,583790	3,793210
4,461703	3,792884
4,787269	3,795819
4,978226	3,795819
5,222400	3,797775
4,831095	3,800710
4,586921	3,800710
4,802921	3,802993
4,874921	3,802667
4,787269	3,805275
4,530573	3,806580
4,868661	3,809188
4,918748	3,810819
4,981356	3,812123
5,003269	3,812775
4,658921	3,814080
5,134748	3,815710
4,831095	3,816036
4,533703	3,818645
5,285009	3,818645
5,482227	3,820927
5,153531	3,822232
4,715269	3,824514
4,796660	3,824840
5,391444	3,826145
4,696486	3,827775
4,896835	3,830384
4,984487	3,831688
5,219270	3,832667
5,228661	3,834623
4,718399	3,836580
5,018922	3,836906
4,968835	3,838862
4,990748	3,840493
5,300661	3,841145
5,119096	3,842775
5,081531	3,844406
5,012661	3,847014
4,993878	3,847014
5,037704	3,848971
5,028313	3,850275
4,727791	3,851580
5,513531	3,852884
5,372662	3,854514
5,663792	3,857123
4,549356	3,857449
4,884313	3,858754
5,535444	3,860058
5,147270	3,862667
5,259966	3,863971
5,144139	3,865927
5,238053	3,867884
5,047096	3,866906
5,187966	3,869841
5,547966	3,870167
5,300661	3,872449
5,194226	3,873754
5,851619	3,876036
5,429009	3,876362
4,824834	3,877667
5,018922	3,879297
5,134748	3,880275
4,853008	3,883536
5,159792	3,883862
5,429009	3,883862
5,948663	3,887449
5,497879	3,887123
4,853008	3,890710
5,003269	3,890710
4,827965	3,892667
5,676314	3,893645
5,792141	3,894949
5,676314	3,897232
5,119096	3,897558
5,234922	3,900493
5,219270	3,901471
5,078400	3,901797
5,776488	3,904732
5,638749	3,906688
5,983097	3,906036
5,704488	3,909623
5,767097	3,909949
5,576140	3,911580
5,344488	3,912232
5,738923	3,914188
5,710749	3,916471
5,344488	3,916797
5,826575	3,918754
5,835967	3,921036
5,839097	3,921688
5,742054	3,922015
5,613705	3,925928
6,055098	3,925602
5,416488	3,925928
6,299272	3,928210
5,854749	3,929515
6,008141	3,931471
6,005011	3,933754
6,681186	3,934406
5,200487	3,935710
5,566749	3,936036
6,139619	3,939623
6,236663	3,940275
5,810923	3,942558
6,308663	3,945167
5,735793	3,944515
5,773358	3,946145
5,391444	3,948428
6,640490	3,949080
6,458924	3,950710
6,421359	3,951362
5,582401	3,952993
6,361881	3,955275
6,822056	3,955275
5,691966	3,958210
5,801532	3,958210
6,587273	3,961145
6,452664	3,962776
6,264837	3,964406
6,045706	3,965058
6,055098	3,966036
6,120837	3,967667
6,314924	3,970276
5,970576	3,970602
6,152141	3,972884
6,393185	3,974189
6,092663	3,976797
6,070750	3,977449
6,208489	3,978428
6,468316	3,979080
6,305533	3,981036
6,014402	3,982993
6,258576	3,985276
5,779619	3,986254
6,233533	3,986580
6,026924	3,989515
6,111446	3,990819
5,920489	3,991145
5,501010	3,993754
6,277359	3,994080
6,227272	3,995384
6,264837	3,998319
5,798401	3,999623
5,804662	4,000602
6,020663	4,001254
5,979967	4,002232
6,161533	4,003863
6,552838	4,006797
5,810923	4,007776
6,390055	4,010058
5,889184	4,009406
6,158402	4,011363
6,164663	4,012341
6,336837	4,014623
6,289881	4,016906
6,800143	4,019189
5,976837	4,019515
6,221011	4,019841
6,333707	4,021797
6,170924	4,023428
6,674925	4,025384
6,170924	4,026689
6,202228	4,027993
6,161533	4,028645
6,850230	4,031254
5,936141	4,031254
5,920489	4,033863
6,518403	4,035493
6,524664	4,035819
7,401187	4,038754
6,562229	4,040058
6,252315	4,041037
6,703099	4,043319
6,631099	4,043645
6,170924	4,044623
6,737534	4,046906
6,365011	4,046580
6,900317	4,049189
6,937882	4,051797
6,452664	4,053102
6,894056	4,054406
6,956665	4,055710
6,890925	4,057667
7,441883	4,058645
7,016143	4,060276
6,199098	4,061906
6,474577	4,063863
6,815795	4,065167
7,022404	4,066145
6,509012	4,066145
6,571620	4,069406
6,684316	4,070384
6,637360	4,071689
7,166404	4,073645
7,764318	4,074297
6,621707	4,076580
7,085013	4,076906
6,202228	4,077558
6,609186	4,079189
7,009882	4,081797
6,421359	4,082776
6,703099	4,084080
6,803273	4,085058
6,900317	4,087015
6,703099	4,088645
7,047447	4,090602
6,440142	4,091580
6,915969	4,092884
6,850230	4,095167
6,966056	4,095819
6,922230	4,097450
6,969186	4,098428
7,329187	4,100384
7,088143	4,102667
6,881534	4,102993
5,835967	4,105276
6,512142	4,105928
7,360491	4,108863
7,053708	4,108537
7,191448	4,110167
7,313535	4,112124
7,059969	4,114406
7,585883	4,115711
7,044317	4,116363
7,316665	4,117341
7,382404	4,119624
7,131969	4,120276
7,776840	4,123537
7,160143	4,124189
7,191448	4,125819
7,373013	4,127450
7,116317	4,128102
7,523274	4,129732
7,466926	4,132341
6,909708	4,133645
7,294752	4,134298
7,848840	4,135602
7,554579	4,137558
7,923971	4,137558
7,736144	4,139189
7,836318	4,140819
7,808144	4,141798
7,507622	4,144406
7,848840	4,145385
7,197708	4,147667
7,920840	4,148972
7,758057	4,149624
7,538927	4,152232
7,717362	4,153537
7,792492	4,155819
8,415450	4,156472
8,024145	4,158102
7,661014	4,160058
7,949014	4,161363
8,183797	4,160385
8,352841	4,162667
8,593885	4,165276
7,995971	4,166254
8,465537	4,168537
8,283971	4,170493
8,622059	4,171145
7,648492	4,172124
8,014754	4,173102
8,058580	4,174406
7,933362	4,176037
7,989710	4,178319
8,268319	4,179298
8,077362	4,180928
8,900668	4,183211
8,327798	4,185167
8,108667	4,184189
8,064841	4,186146
8,318406	4,188754
7,639101	4,189406
8,396667	4,190385
8,027275	4,192015
8,036667	4,193319
8,559450	4,195928
7,995971	4,196254
8,575102	4,199189
8,268319	4,199189
8,174406	4,201798
8,039797	4,202450
8,265189	4,203754
8,133710	4,205385
8,321537	4,205711
8,612668	4,207993
8,136841	4,209950
8,067971	4,210928
8,155623	4,212885
8,409189	4,214515
9,219973	4,215819
8,690929	4,218428
8,352841	4,219406
8,387276	4,220059
8,487450	4,220711
8,725364	4,223972
8,900668	4,224624
8,625189	4,226254
8,374754	4,226580
8,957016	4,227885
9,119799	4,230493
8,878755	4,231472
8,575102	4,231798
8,766059	4,234733
9,260669	4,237015
9,370234	4,237667
9,107277	4,238320
9,198060	4,240276
9,019625	4,242559
9,279452	4,243537
9,160495	4,245167
9,677018	4,246146
9,320147	4,249080
9,351452	4,249080
9,702061	4,250059
9,626931	4,251363
9,097886	4,254298
9,645713	4,254298
9,955627	4,255602
9,376495	4,256907
10,002583	4,259515
9,561191	4,260167
10,328149	4,261798
9,608148	4,264407
9,689539	4,265059
9,808496	4,266363
10,659976	4,267993
10,127801	4,270602
10,018236	4,270928
9,958757	4,271580
10,130932	4,274189
9,936844	4,275493
10,115279	4,276798
10,087105	4,277776
10,268671	4,280059
10,656846	4,280059
10,140323	4,283972
10,202932	4,282994
10,409541	4,285602
9,842931	4,286907
10,371975	4,287559
10,353193	4,288537
10,506584	4,292450
9,251278	4,293754
9,210582	4,293428
9,946235	4,296363
9,620670	4,297341
9,683278	4,300276
10,143453	4,300276
10,569193	4,302559
10,882237	4,303537
10,077714	4,303863
10,312497	4,306146
10,694411	4,307124
10,631802	4,309081
11,267282	4,310711
10,782063	4,311363
10,844672	4,314950
10,929194	4,313646
10,747628	4,315276
10,760150	4,317885
10,700672	4,318863
10,744498	4,321146
11,041890	4,321798
11,079455	4,324081
11,129542	4,325711
11,405021	4,326037
11,545891	4,327015
11,533369	4,329624
11,533369	4,330928
11,564673	4,331581
11,536499	4,333211
11,846413	4,335168
11,420673	4,337450
11,918413	4,336798
12,190762	4,339733
11,667978	4,340385
11,984152	4,343646
12,021718	4,342668
12,294066	4,344624
12,231457	4,346255
12,685371	4,348211
12,234588	4,348863
12,553893	4,351146
13,179981	4,351798
13,007807	4,353755
12,006066	4,354733
12,732328	4,356689
12,891980	4,358320
12,776154	4,359624
12,644675	4,361581
13,233198	4,363537
13,061024	4,364515
12,801197	4,365168
12,976502	4,367450
13,270764	4,368428
13,615112	4,370711
12,998415	4,371363
13,189372	4,373646
13,148676	4,373972
13,499286	4,375602
13,176850	4,377559
13,317720	4,377885
13,458590	4,380168
13,010937	4,381798
12,516327	4,383755
13,145546	4,383755
13,136155	4,385385
12,851285	4,387994
12,563284	4,388320
12,967111	4,390929
12,932676	4,390929
12,469371	4,393211
12,663458	4,394189
13,142416	4,395494
12,312849	4,397450
12,582067	4,398429
12,810589	4,400059
12,134414	4,402668
12,165718	4,403646
12,832502	4,404950
12,553893	4,407233
12,785545	4,408211
12,885719	4,410494
13,433547	4,411146
12,531980	4,412776
12,938937	4,413755
12,782415	4,414407
13,233198	4,417994
13,098589	4,418320
13,273894	4,419298
12,284675	4,421255
12,854415	4,423537
13,302068	4,422559
13,458590	4,424842
13,183111	4,426146
13,846765	4,428755
13,925026	4,429733
13,627634	4,431363
13,546242	4,432668
14,125374	4,434950
13,583808	4,435603
13,971982	4,437559
14,191113	4,438211
14,400853	4,439189
14,294418	4,441798
14,767114	4,443429
14,363287	4,444733
14,892332	4,445385
14,848506	4,447668
15,077028	4,449298
14,951810	4,449950
15,224159	4,451581
14,698245	4,453863
15,080158	4,454842
15,217898	4,456146
15,559116	4,458103
15,493377	4,459081
15,249202	4,459733
15,286767	4,461363
15,994247	4,463646
15,377550	4,464950
15,790768	4,465276
15,869029	4,468537
15,537203	4,468537
15,771986	4,471472
15,928508	4,471798
15,731290	4,474081
15,969204	4,474733
16,050595	4,476037
15,966073	4,478320
15,881551	4,480277
15,540333	4,481255
15,640507	4,481581
15,411985	4,484842
15,487116	4,486146
15,815812	4,486146
15,665551	4,487450
15,236680	4,490059
14,929897	4,492016
14,895462	4,492342
15,339985	4,493972
14,688853	4,494950
14,397722	4,496907
14,998767	4,498211
14,591810	4,499516
15,036332	4,500494
14,770245	4,503429
15,155289	4,505059
14,995636	4,506037
15,026941	4,507994
14,792158	4,507016
15,280507	4,510603
15,030071	4,510603
15,646768	4,512559
15,546594	4,515494
15,593551	4,516798
15,509029	4,517124
14,773375	4,518429
16,801901	4,520711
15,959812	4,521364
15,471463	4,522668
16,207117	4,523972
16,589031	4,524624
16,326074	4,526255
15,186593	4,528537
15,966073	4,530168
16,513900	4,531146
16,517031	4,533103
16,598422	4,534407
17,149380	4,536037
17,409206	4,537668
16,970945	4,540603
17,021032	4,541255
17,424859	4,541255
17,706598	4,542885
17,327815	4,543864
17,499989	4,547451
17,559467	4,549081
18,129208	4,550059
17,935120	4,550385
17,941381	4,552342
19,134079	4,554298
18,601904	4,555277
18,661383	4,555929
18,836687	4,557233
18,435991	4,558211
18,072860	4,561146
18,792861	4,562777
18,605035	4,564407
18,683296	4,565711
18,955644	4,566038
18,958775	4,568972
18,893035	4,568972
19,102775	4,571255
18,752165	4,573211
18,705209	4,574516
18,695817	4,576146
18,379643	4,577777
18,655122	4,578755
18,645730	4,578755
18,291991	4,581364
18,079121	4,581690
17,725381	4,584951
17,168162	4,584951
17,290250	4,586255
16,848857	4,587885
16,119465	4,590494
16,213378	4,591472
16,025552	4,592125
15,646768	4,594407
15,073898	4,595385
15,102071	4,596690
14,666940	4,598320
13,871808	4,599951
13,943808	4,601581
13,511808	4,603212
13,292677	4,604842
12,832502	4,607125
13,017198	4,607777
13,073546	4,607777
12,898241	4,611364
12,262762	4,612342
11,865196	4,613972
12,453719	4,615277
11,799456	4,617233
11,887109	4,617559
11,815109	4,619842
11,871457	4,620168
11,592847	4,621472
11,608500	4,622451
11,004324	4,624407
11,523978	4,625712
11,420673	4,627668
11,486412	4,628972
10,816498	4,630603
11,636674	4,633212
11,129542	4,634842
11,104499	4,635494
11,248499	4,636799
11,007455	4,638429
10,897889	4,640386
10,929194	4,641364
10,785194	4,642668
11,383108	4,642994
11,229716	4,646581
10,963629	4,647559
11,026238	4,648212
11,007455	4,650494
10,894759	4,650494
10,803976	4,651472
11,217194	4,654733
10,753889	4,656690
10,782063	4,656690
10,882237	4,657342
10,725715	4,659299
10,829020	4,661255
11,054412	4,663538
10,907281	4,664516
10,703802	4,666146
10,700672	4,667451
10,785194	4,667451
11,035629	4,670386
10,728846	4,672016
10,146584	4,673646
10,484671	4,674625
9,204321	4,677233
10,443976	4,675277
11,063803	4,674625
10,935455	4,680820
10,647454	4,681799
9,426582	4,682777
10,165366	4,683103
9,993192	4,686364
9,755279	4,687994
9,689539	4,690277
9,320147	4,691581
9,323278	4,692886
8,938234	4,693212
9,157364	4,694190
8,800494	4,695494
8,362232	4,696799
8,136841	4,698755
8,058580	4,699733
7,357361	4,701690
7,585883	4,703320
7,548318	4,705277
7,908319	4,706255
6,962925	4,707886
6,987969	4,709516
7,006752	4,709842
6,890925	4,710820
7,357361	4,714081
6,721881	4,715060
6,480838	4,716038
6,324316	4,717342
6,509012	4,719951
6,333707	4,721581
6,271098	4,721907
6,750055	4,723538
5,745184	4,724516
5,895445	4,727777
6,005011	4,729081
5,845358	4,728755
5,751445	4,730712
5,983097	4,731690
5,954923	4,733320
5,444662	4,735929
5,494749	4,736255
5,945532	4,736907
5,876662	4,740494
5,444662	4,741473
5,181705	4,741799
5,325705	4,744407
5,742054	4,745060
5,551097	4,747016
5,244313	4,747668
4,878052	4,750929
5,200487	4,751581
5,569879	4,752886
4,921878	4,754842
5,491618	4,756147
5,285009	4,757451
5,454053	4,758755
4,774747	4,760712
5,450923	4,761038
4,921878	4,762994
5,125357	4,765277
4,918748	4,765929
4,843617	4,767886
4,859269	4,768864
4,962574	4,769842
5,062748	4,771799
4,975096	4,772777
4,968835	4,775060
4,690225	4,776038
4,953182	4,777668
5,100313	4,778973
4,884313	4,779625
4,677704	4,782234
5,206748	4,782560
5,422749	4,785494
5,162922	4,786147
4,831095	4,788103
4,596312	4,789408
4,618225	4,792016
4,565008	4,792342
4,981356	4,793647
4,724660	4,795929
4,433529	4,796581
4,508660	4,798864
5,103444	4,798538
4,521182	4,801147
4,608834	4,802451
3,967094	4,803755
4,602573	4,806038
5,072139	4,807668
4,818573	4,808321
4,198746	4,808973
4,533703	4,810929
4,831095	4,812234
4,568138	4,814842
4,518051	4,815168
4,815443	4,816799
4,543095	4,817777
4,718399	4,820712
4,154920	4,821364
4,690225	4,823321
4,405355	4,823321
4,101703	4,825277
4,201877	4,826255
4,649530	4,829190
4,752834	4,829842
4,630747	4,833103
5,100313	4,832777
4,671443	4,835712
3,766745	4,835712
4,323964	4,837668
4,367790	4,837995
4,258225	4,841582
3,917007	4,841582
4,511790	4,843864
4,599443	4,843864
4,558747	4,846473
4,508660	4,846799
4,806052	4,849734
3,735441	4,850060
4,768486	4,852342
4,539964	4,854299
4,514921	4,855929
4,217529	4,856582
4,355268	4,858538
4,493008	4,859190
4,421008	4,860821
3,901354	4,861473
4,511790	4,863103
4,092311	4,864734
4,449181	4,865386
4,167442	4,867669
3,960833	4,870277
3,891963	4,871908
4,990748	4,871582
4,245703	4,874190
3,942050	4,874842
4,571269	4,876473
4,370920	4,878756
4,217529	4,880712
4,752834	4,881364
4,546225	4,882995
4,333355	4,885277
4,217529	4,884625
4,251964	4,886256
4,217529	4,888864
4,411616	4,890495
4,687095	4,892451
4,092311	4,891799
4,330225	4,896038
4,333355	4,895060
4,311442	4,896690
4,417877	4,897669
4,101703	4,900929
4,446051	4,901908
4,323964	4,902560
4,258225	4,904190
4,239442	4,906147
4,270746	4,907451
4,349007	4,909734
4,405355	4,909734
4,493008	4,912016
4,129877	4,914625
4,223790	4,915277
4,158050	4,916908
4,408486	4,918538
4,414747	4,919190
4,082920	4,921147
4,668312	4,921147
4,045355	4,923756
4,161181	4,924734
4,405355	4,925386
4,424138	4,928321
4,690225	4,928647
4,179964	4,929625
4,421008	4,932560
4,383442	4,933538
4,277007	4,935169
4,136137	4,937125
4,173703	4,938430
4,255094	4,940386
4,424138	4,941038
4,267616	4,942669
3,982746	4,943321
4,367790	4,945277
3,932659	4,947234
4,518051	4,947886
4,032833	4,950169
3,751093	4,951147
4,183094	4,952125
4,248833	4,954408
3,857528	4,956364
4,884313	4,955712
4,887443	4,959299
3,888833	4,960930
4,208138	4,960604
4,345877	4,963538
4,649530	4,963538
4,580660	4,966147
3,973354	4,966147
3,660310	4,968430
4,158050	4,969408
4,358399	4,971690
4,417877	4,972669
4,292659	4,974625
4,120485	4,975277
4,277007	4,976256
4,752834	4,978212
4,239442	4,979843
4,017181	4,981799
4,364660	4,983104
4,098572	4,983430
3,769876	4,986038
3,960833	4,987669
4,799791	4,987995
3,629006	4,989625
3,569528	4,992234
4,395964	4,993864
4,082920	4,995495
4,098572	4,995495
4,361529	4,996799
4,467964	4,998756
4,549356	5,001364
4,273877	5,001038
4,414747	5,002669
4,076659	5,004625
4,201877	5,006582
3,942050	5,007234
4,067268	5,010169
3,935789	5,010169
4,298920	5,012451
3,913876	5,013756
4,176833	5,014408
4,868661	5,016691
4,555616	5,017017
4,014050	5,019625
3,791789	5,021582
3,798050	5,022560
4,214398	5,023538
4,082920	5,025169
4,014050	5,024517
3,860659	5,027125
3,848137	5,029408
4,380312	5,032017
4,427268	5,032995
4,136137	5,032995
4,258225	5,035278
4,045355	5,035930
3,776137	5,037560
4,286399	5,040495
4,167442	5,041147
4,051615	5,042451
4,101703	5,044408
3,951441	5,044734
4,101703	5,046365
3,819963	5,047343
4,239442	5,050278
3,675963	5,050930
3,716658	5,053538
4,004659	5,054191
4,874921	5,055821
