3,798050	0,987226
4,095442	0,987878
4,107963	0,986248
3,985876	0,987226
3,466223	0,987878
3,387962	0,989835
3,895093	0,991139
4,054746	0,993096
3,935789	0,993096
4,133007	0,995379
4,073529	0,997661
3,891963	0,998965
3,904485	1,000270
3,860659	0,999944
4,590051	1,002552
3,475614	1,005161
3,500658	1,006792
3,854398	1,007770
3,785528	1,008748
3,610223	1,010379
3,638397	1,012335
3,970224	1,013966
3,904485	1,014292
3,932659	1,016900
4,029702	1,016900
3,766745	1,017879
3,835615	1,019183
4,239442	1,021466
3,967094	1,024726
4,392834	1,024400
3,366049	1,025705
3,632136	1,027335
3,757354	1,030270
3,644658	1,030270
3,641528	1,033531
3,813702	1,034509
3,754224	1,035161
3,794919	1,036139
3,938920	1,037444
4,145529	1,039726
3,747963	1,040705
3,600832	1,042987
3,766745	1,044292
3,901354	1,046574
3,917007	1,047879
3,935789	1,048857
4,267616	1,048531
3,935789	1,050487
3,829354	1,052118
3,791789	1,053748
3,522571	1,056683
3,497527	1,057009
4,026572	1,057335
3,907615	1,059292
3,247092	1,060922
3,954572	1,063857
3,726050	1,065161
4,048485	1,065161
4,070398	1,066466
3,810572	1,068748
3,838746	1,071357
3,879441	1,071683
3,760485	1,072661
1,656828	1,075596
4,511790	1,076248
4,677704	1,079183
4,286399	1,078857
4,336486	1,081140
4,001528	1,082118
3,901354	1,083096
3,607093	1,085053
3,954572	1,085053
4,067268	1,088966
3,857528	1,088640
3,635267	1,091248
4,020311	1,091900
3,516310	1,093531
3,607093	1,094183
3,610223	1,095487
3,754224	1,098096
3,625876	1,099400
3,660310	1,100379
3,722919	1,102661
3,550745	1,103314
4,076659	1,106574
3,804311	1,107879
3,819963	1,108531
3,851267	1,109509
3,935789	1,110487
3,948311	1,112118
3,866919	1,115053
4,198746	1,114400
3,832485	1,117661
3,466223	1,119618
3,957702	1,119618
3,619615	1,120922
3,597702	1,124509
3,782398	1,125814
3,801180	1,125487
3,873180	1,128422
4,026572	1,128748
3,641528	1,129727
4,073529	1,132009
3,701006	1,132335
3,898224	1,135270
3,848137	1,134944
3,666571	1,138205
3,766745	1,139835
3,704137	1,141466
3,704137	1,141140
3,794919	1,142770
3,866919	1,145053
4,026572	1,147009
3,923267	1,147009
3,413006	1,149944
3,973354	1,150596
3,945181	1,152227
3,832485	1,153857
3,641528	1,155488
3,381701	1,157118
3,938920	1,157118
3,979615	1,159074
3,741702	1,161031
4,233181	1,162009
3,785528	1,163640
3,522571	1,164618
3,766745	1,164944
3,644658	1,168531
4,574399	1,169509
4,076659	1,172118
3,569528	1,173096
4,305181	1,174075
4,120485	1,175705
3,863789	1,176683
3,823093	1,177661
4,145529	1,180270
4,323964	1,180922
4,655791	1,182227
3,891963	1,184509
4,743443	1,184835
4,120485	1,188096
4,349007	1,189727
5,228661	1,189727
4,937530	1,191357
5,009530	1,193966
4,799791	1,194618
5,090922	1,196575
5,297531	1,196575
5,369531	1,199509
5,250574	1,200488
5,513531	1,201792
5,338227	1,203422
5,369531	1,203422
5,519792	1,205053
5,519792	1,206357
5,610575	1,209618
5,632488	1,211248
5,713880	1,211575
5,632488	1,213531
5,538575	1,214835
5,435270	1,216466
5,053357	1,217770
5,460314	1,220379
5,350748	1,221357
5,501010	1,222009
5,269357	1,225596
4,921878	1,225922
5,043965	1,226249
5,238053	1,228205
5,069009	1,227879
4,946922	1,230814
4,856139	1,233096
4,868661	1,234727
4,530573	1,235705
4,076659	1,236357
3,885702	1,239292
3,788658	1,239944
3,654050	1,240596
3,863789	1,241901
3,848137	1,244183
3,560136	1,245814
3,976485	1,247770
3,773006	1,249727
3,475614	1,250053
4,042224	1,252009
3,923267	1,253314
3,960833	1,254944
3,722919	1,254944
3,666571	1,258531
3,616484	1,259509
3,757354	1,259183
4,086050	1,263096
3,682223	1,262770
3,632136	1,263749
3,816832	1,267009
3,948311	1,266357
3,807441	1,269618
3,854398	1,272227
3,769876	1,271901
3,810572	1,271901
3,788658	1,273205
4,035963	1,276466
3,866919	1,278423
4,004659	1,279401
3,951441	1,281683
4,042224	1,283314
4,446051	1,283640
4,277007	1,285270
4,098572	1,285270
4,054746	1,287879
4,361529	1,289836
4,511790	1,290488
4,552486	1,292444
4,618225	1,293749
4,624486	1,294401
4,709008	1,296683
4,784139	1,299618
4,975096	1,300923
5,238053	1,301249
4,827965	1,303205
5,209879	1,303205
4,997009	1,305488
5,197357	1,306466
5,043965	1,307444
5,081531	1,309727
4,790400	1,311357
5,206748	1,313640
5,579271	1,315270
4,953182	1,314944
5,134748	1,317227
4,971965	1,317879
5,272487	1,320488
4,937530	1,322444
4,853008	1,322444
4,765356	1,324075
4,802921	1,326031
4,458573	1,327010
4,643269	1,328966
4,536834	1,329618
4,799791	1,330597
4,618225	1,333531
4,239442	1,335488
4,358399	1,336466
4,317703	1,338749
3,957702	1,339401
3,866919	1,340053
3,782398	1,341357
3,848137	1,342662
3,635267	1,344292
3,438049	1,346575
3,722919	1,346901
3,597702	1,350488
3,769876	1,349836
3,719789	1,353423
3,675963	1,353097
3,766745	1,356031
4,004659	1,355379
3,819963	1,357662
3,794919	1,358640
3,644658	1,360271
3,638397	1,362879
3,866919	1,363857
3,895093	1,365814
3,726050	1,366466
3,469354	1,367771
4,167442	1,370053
3,701006	1,370379
3,898224	1,372336
3,751093	1,373314
3,738571	1,375597
3,807441	1,375923
4,107963	1,379184
4,217529	1,380488
4,057876	1,380488
4,518051	1,382444
3,967094	1,383423
4,909356	1,386358
5,122226	1,386358
5,169183	1,389292
4,868661	1,389944
5,141009	1,391249
5,886054	1,392553
5,582401	1,393858
5,757706	1,395814
5,698227	1,397118
5,522923	1,399075
6,083272	1,400053
5,804662	1,402662
6,271098	1,402010
6,324316	1,405597
6,978578	1,405271
6,753186	1,406575
6,656142	1,409510
6,462055	1,410814
6,671794	1,411466
6,653012	1,413423
6,731273	1,414727
6,314924	1,417010
6,411968	1,418314
6,800143	1,419292
6,261707	1,420271
5,738923	1,422879
6,499620	1,423532
6,264837	1,423858
6,045706	1,427118
6,001880	1,429727
6,167793	1,430053
5,933010	1,431032
5,926750	1,432988
5,319444	1,434292
5,328835	1,436575
5,122226	1,436575
4,555616	1,438532
4,295790	1,439510
4,023442	1,440814
4,079789	1,442771
3,544484	1,443097
3,638397	1,446032
3,963963	1,446032
3,193875	1,447662
4,421008	1,448314
3,848137	1,450923
3,917007	1,453532
4,092311	1,454184
3,456832	1,456466
4,242572	1,456792
4,086050	1,458749
3,901354	1,459401
2,899613	1,460379
3,594571	1,462010
3,913876	1,463966
4,452312	1,466575
3,816832	1,467227
3,891963	1,468858
3,804311	1,470814
3,810572	1,470814
3,832485	1,473097
4,023442	1,474401
4,273877	1,476684
3,588310	1,476358
4,583790	1,478314
4,749704	1,481249
4,968835	1,481249
5,062748	1,483858
5,450923	1,484510
6,402577	1,485814
6,149011	1,488749
7,163274	1,488097
7,870753	1,490706
7,830058	1,491684
8,280841	1,493966
8,587624	1,493966
8,753538	1,496249
9,467278	1,496901
9,517365	1,497879
9,717713	1,500488
9,911801	1,501793
10,397019	1,504727
10,913542	1,505379
10,794585	1,506684
10,844672	1,508640
11,085716	1,510597
11,580326	1,511901
11,401890	1,512227
11,445717	1,514836
11,786935	1,514836
11,113890	1,516793
10,985542	1,518423
11,066933	1,520706
10,418932	1,521358
10,011975	1,523640
10,428323	1,523314
10,215453	1,526575
10,440845	1,527880
10,102758	1,529510
10,046410	1,529510
9,661365	1,532119
9,163625	1,532445
8,762929	1,535053
7,970927	1,537010
7,125708	1,537988
7,376144	1,538640
6,174054	1,539945
5,006400	1,541575
4,946922	1,542553
4,107963	1,545162
3,722919	1,546140
3,669702	1,547445
3,738571	1,549401
3,763615	1,549401
3,563267	1,552010
3,422397	1,554293
4,508660	1,554945
3,710397	1,556901
4,480486	1,557227
3,926398	1,559184
4,161181	1,561140
4,248833	1,561793
3,832485	1,563097
3,538223	1,564727
3,240831	1,596032
4,007789	1,568640
3,785528	1,568640
3,804311	1,570923
3,841876	1,572880
4,483616	1,574184
4,186224	1,575488
3,660310	1,575488
3,832485	1,576467
4,518051	1,579401
4,743443	1,580054
4,367790	1,583641
5,128487	1,585271
5,357009	1,585597
6,174054	1,585923
6,565359	1,587880
7,404318	1,590488
7,153882	1,590814
6,712490	1,593423
7,986580	1,593423
8,330928	1,596032
8,265189	1,597336
8,647103	1,598314
8,734755	1,600923
9,085364	1,601575
8,828668	1,603532
9,501713	1,602880
9,561191	1,606467
9,636322	1,606467
10,027627	1,607771
9,332669	1,610706
10,080844	1,610380
9,414061	1,612336
9,445365	1,613314
9,410930	1,617880
10,559802	1,617880
10,040149	1,620162
9,561191	1,620488
9,226234	1,621793
9,025886	1,622445
8,906929	1,625380
8,969538	1,625380
8,991451	1,629293
8,453015	1,627988
8,700320	1,631575
8,518754	1,631901
8,271450	1,634836
7,639101	1,634184
7,116317	1,636793
6,609186	1,637119
6,299272	1,639401
6,164663	1,640380
5,097183	1,642662
4,295790	1,642336
4,007789	1,644293
4,267616	1,646249
4,067268	1,647228
3,857528	1,648858
3,281527	1,650815
3,591441	1,651793
4,048485	1,653749
4,111094	1,655054
3,569528	1,657010
4,007789	1,657010
3,428658	1,660923
3,744832	1,660923
3,635267	1,663858
2,777526	1,665162
3,973354	1,665488
4,446051	1,667119
3,851267	1,667119
4,017181	1,671358
3,866919	1,671358
3,738571	1,671684
3,697876	1,673967
3,341005	1,675597
4,161181	1,675923
4,067268	1,679836
3,901354	1,679510
4,518051	1,681467
4,718399	1,684075
4,940661	1,683749
4,950052	1,685054
5,122226	1,688315
5,335096	1,687989
5,097183	1,692228
5,438401	1,692228
5,742054	1,692880
5,898576	1,694184
6,039445	1,696793
6,174054	1,698097
6,321185	1,699402
6,242924	1,700054
6,865882	1,701684
6,721881	1,704293
6,721881	1,704293
6,302402	1,707880
7,094404	1,707880
6,966056	1,709836
7,138230	1,711141
7,457535	1,713097
6,956665	1,713097
6,978578	1,714728
6,797012	1,717336
7,182056	1,717663
6,812664	1,720923
6,784490	1,721576
6,653012	1,721576
6,471446	1,724510
6,430750	1,725815
6,643620	1,726141
6,490229	1,727119
6,174054	1,730380
6,346229	1,730054
6,380663	1,733967
5,914228	1,734619
5,782749	1,735597
5,291270	1,737880
5,341357	1,739510
5,253705	1,739184
4,361529	1,742119
4,521182	1,743750
4,098572	1,745706
3,647789	1,746032
3,594571	1,747663
3,362919	1,748967
3,619615	1,750597
3,744832	1,752554
3,704137	1,751576
3,923267	1,754184
3,550745	1,754836
3,879441	1,757119
3,929528	1,758750
4,089181	1,760054
2,151438	1,761684
3,031092	1,764293
3,907615	1,765271
3,585180	1,765597
6,158402	1,768858
4,755965	1,768532
4,054746	1,770489
4,045355	1,771467
4,073529	1,774076
3,885702	1,774402
4,136137	1,776032
4,389703	1,778967
4,671443	1,778967
5,331966	1,779945
6,355620	1,782554
6,462055	1,784184
7,150752	1,784837
8,077362	1,786793
8,628320	1,788750
8,402928	1,789728
9,132321	1,790706
9,655105	1,793315
9,877366	1,792337
10,857194	1,795271
10,778933	1,798206
11,273542	1,797554
11,489543	1,799510
12,259631	1,800815
12,481893	1,803097
12,963980	1,803424
13,261372	1,806032
13,427286	1,807663
13,921895	1,807989
13,940678	1,810924
14,413374	1,812228
14,660679	1,813858
14,022069	1,813532
14,535462	1,814511
14,125374	1,817771
13,959461	1,818424
13,884330	1,819728
13,524329	1,822011
13,734069	1,823315
13,017198	1,823967
12,531980	1,826576
11,902761	1,826250
12,381718	1,829184
12,331631	1,829184
12,315979	1,830815
11,502065	1,832445
10,778933	1,833750
10,346932	1,836032
9,786583	1,837337
8,931973	1,839293
8,168145	1,840271
7,182056	1,841576
6,330576	1,843858
4,727791	1,845815
3,779267	1,846141
3,638397	1,847771
3,945181	1,847445
3,560136	1,850054
3,857528	1,852663
3,810572	1,853967
3,713528	1,853967
4,258225	1,856576
3,873180	1,857554
3,453701	1,858532
3,923267	1,860815
3,942050	1,862445
3,541354	1,863098
3,857528	1,865054
3,769876	1,866685
3,510049	1,868315
4,017181	1,869293
4,277007	1,870924
3,488136	1,872554
3,923267	1,874511
3,791789	1,874837
3,935789	1,878098
3,181353	1,878750
4,092311	1,880706
3,741702	1,882989
3,369179	1,882663
4,374051	1,883967
3,866919	1,884293
4,292659	1,887880
4,455442	1,889185
4,486747	1,890163
4,220659	1,890815
3,866919	1,892445
4,380312	1,894076
4,774747	1,895380
4,458573	1,896359
4,374051	1,897011
4,364660	1,900272
5,504140	1,902228
4,690225	1,904185
4,946922	1,903859
4,452312	1,906141
4,662051	1,907119
4,593182	1,908098
4,596312	1,909076
4,915617	1,911359
4,762226	1,912663
4,746573	1,914293
4,662051	1,914619
4,856139	1,917554
5,097183	1,919837
4,693356	1,919837
4,906226	1,920815
4,549356	1,922446
4,762226	1,926359
4,802921	1,926032
4,129877	1,927011
4,527442	1,930272
4,943791	1,930272
4,217529	1,933206
4,405355	1,934511
4,352138	1,934185
5,263096	1,935815
5,169183	1,938424
4,392834	1,939402
4,508660	1,942011
4,170572	1,942011
3,538223	1,945272
4,486747	1,943967
3,826224	1,945924
4,161181	1,947880
3,428658	1,950489
3,303440	1,952119
3,413006	1,951793
3,647789	1,953424
3,766745	1,955054
3,826224	1,956685
4,139268	1,959619
3,773006	1,960272
3,829354	1,961250
4,167442	1,962228
3,816832	1,963533
3,976485	1,966467
3,860659	1,967120
3,212657	1,968098
3,641528	1,968750
4,051615	1,972663
3,801180	1,972989
4,042224	1,973967
3,751093	1,975598
3,654050	1,977228
3,754224	1,977880
3,494397	1,981467
3,929528	1,981793
3,879441	1,983098
4,198746	1,984402
3,463093	1,985706
4,502399	1,988315
3,935789	1,987663
3,422397	1,990272
3,816832	1,992228
3,917007	1,993533
4,201877	1,995489
3,967094	1,995815
4,048485	1,996467
3,967094	1,999728
3,963963	2,000054
4,042224	2,001359
3,704137	2,003315
3,744832	2,005272
4,154920	2,007880
3,741702	2,006576
4,339616	2,009185
4,308312	2,009837
3,497527	2,011794
3,738571	2,014728
3,982746	2,015707
3,788658	2,016359
4,261355	2,017337
4,258225	2,019620
3,976485	2,021250
3,444310	2,022880
4,261355	2,023533
4,042224	2,024837
3,857528	2,026467
3,841876	2,028424
3,876311	2,030707
3,957702	2,031685
4,145529	2,032663
3,585180	2,032989
3,553875	2,035598
4,392834	2,037554
4,424138	2,039185
4,195616	2,038859
3,854398	2,041467
3,575788	2,043424
3,034222	2,045054
3,603962	2,047011
4,070398	2,048315
4,054746	2,050598
3,240831	2,050924
3,826224	2,051250
4,680834	2,052228
4,054746	2,053859
3,519441	2,056141
3,804311	2,056794
4,198746	2,058750
3,560136	2,061359
3,863789	2,062663
3,938920	2,063315
3,763615	2,063641
3,992137	2,065598
3,757354	2,068207
3,895093	2,069837
3,769876	2,071468
3,857528	2,071794
3,434919	2,073098
3,879441	2,075707
4,236312	2,076685
3,682223	2,077989
3,697876	2,078641
3,707267	2,080924
3,819963	2,081902
3,992137	2,083207
3,738571	2,086141
3,716658	2,085815
3,951441	2,088098
4,314573	2,088750
3,985876	2,090707
3,826224	2,093968
3,938920	2,093315
4,001528	2,096250
4,568138	2,097881
4,217529	2,099511
3,917007	2,101468
4,089181	2,100815
3,801180	2,104076
4,089181	2,105381
3,679093	2,106359
3,726050	2,108315
4,079789	2,108642
3,466223	2,108968
4,154920	2,112555
3,632136	2,113859
4,079789	2,114185
4,061007	2,115163
3,773006	2,117120
3,669702	2,118424
4,518051	2,120381
4,117355	2,121685
4,220659	2,123315
3,823093	2,124620
3,967094	2,126250
3,337875	2,128533
3,685354	2,129185
3,823093	2,129837
3,923267	2,131468
3,757354	2,133098
3,926398	2,134402
4,342746	2,137011
3,819963	2,137011
3,826224	2,137989
4,136137	2,140598
3,854398	2,142229
4,421008	2,143533
3,791789	2,145489
4,273877	2,146794
3,823093	2,148424
4,267616	2,150055
3,566397	2,151685
4,615095	2,152989
3,816832	2,154620
3,679093	2,155272
4,277007	2,156576
4,167442	2,158207
3,891963	2,159185
3,948311	2,162120
3,895093	2,161468
3,669702	2,163750
4,176833	2,164402
3,866919	2,167663
3,801180	2,167989
4,076659	2,170924
3,917007	2,171250
3,845006	2,172881
4,380312	2,175489
3,823093	2,176794
4,092311	2,176794
3,181353	2,178750
4,267616	2,180055
4,662051	2,182011
3,506919	2,182663
4,342746	2,184620
4,552486	2,187881
3,885702	2,186250
4,245703	2,188859
3,557006	2,190816
3,967094	2,192446
3,917007	2,192772
3,863789	2,194729
3,942050	2,195707
3,531962	2,196685
4,161181	2,198642
4,655791	2,199620
4,133007	2,201903
4,158050	2,204185
4,527442	2,204185
3,804311	2,206142
3,898224	2,208750
3,541354	2,208424
3,982746	2,211359
3,557006	2,211685
3,942050	2,212663
4,208138	2,215924
4,270746	2,216903
4,139268	2,217881
4,261355	2,219185
3,835615	2,220490
3,929528	2,222446
3,466223	2,224403
4,086050	2,224729
4,039094	2,227011
4,596312	2,227663
3,841876	2,230598
3,801180	2,231250
3,898224	2,233533
4,032833	2,234185
3,845006	2,234511
3,773006	2,236468
4,082920	2,237772
4,461703	2,240381
3,735441	2,242337
4,179964	2,243968
3,572658	2,244946
4,586921	2,245272
4,286399	2,246250
3,425527	2,248533
4,183094	2,250816
4,111094	2,251794
3,785528	2,253424
4,070398	2,254403
4,311442	2,257337
3,870050	2,257337
4,198746	2,258642
4,104833	2,261251
3,957702	2,260924
3,935789	2,263533
4,045355	2,264837
4,214398	2,266794
3,995268	2,266468
4,079789	2,268424
3,650919	2,269729
4,289529	2,271359
4,017181	2,273968
4,289529	2,274946
4,042224	2,275598
3,998398	2,276903
3,810572	2,280164
3,942050	2,281142
4,280138	2,282772
3,960833	2,282772
3,920137	2,285381
4,452312	2,287011
3,832485	2,287664
3,970224	2,290924
4,230051	2,290598
3,722919	2,292555
4,164311	2,292555
4,154920	2,294838
4,039094	2,296468
3,794919	2,297772
3,917007	2,298751
3,694745	2,301033
3,682223	2,302990
4,483616	2,304294
4,724660	2,306577
3,998398	2,306251
3,882572	2,307555
4,270746	2,309511
3,995268	2,311468
4,145529	2,313098
3,973354	2,314403
4,352138	2,315381
3,967094	2,317664
3,920137	2,318316
3,848137	2,321251
3,926398	2,319946
4,133007	2,321903
3,838746	2,323533
3,985876	2,327120
3,851267	2,326794
3,910746	2,328098
4,292659	2,329729
4,004659	2,332990
3,857528	2,333642
3,970224	2,334620
4,521182	2,335925
4,098572	2,338207
4,230051	2,338207
3,679093	2,339838
4,035963	2,342446
4,239442	2,343425
4,133007	2,344403
3,898224	2,346359
4,142398	2,347664
4,017181	2,348316
3,970224	2,350272
4,305181	2,352555
4,208138	2,353859
4,095442	2,354838
3,938920	2,357120
4,142398	2,358425
3,816832	2,358425
4,067268	2,359729
4,032833	2,362664
3,992137	2,363642
4,001528	2,364294
4,039094	2,365599
4,045355	2,367881
4,258225	2,370490
3,816832	2,371794
4,164311	2,371794
3,954572	2,374077
4,101703	2,375381
3,979615	2,376359
4,208138	2,378968
4,035963	2,380599
4,270746	2,380599
4,117355	2,381903
4,111094	2,385164
4,314573	2,385490
4,339616	2,387772
4,367790	2,388751
4,370920	2,390707
4,743443	2,392012
4,821704	2,393968
3,782398	2,393316
3,932659	2,396577
4,317703	2,396903
4,308312	2,399512
4,302051	2,399838
4,280138	2,402446
4,079789	2,402120
4,129877	2,405381
4,571269	2,406033
4,536834	2,407990
4,668312	2,407664
4,518051	2,410925
4,530573	2,413207
4,076659	2,413207
4,195616	2,415164
4,608834	2,416468
4,637008	2,419077
4,846747	2,419403
4,590051	2,420055
4,345877	2,422664
4,349007	2,424620
4,133007	2,425273
4,467964	2,425599
4,389703	2,427881
4,655791	2,429512
4,543095	2,431468
4,258225	2,431468
4,458573	2,434077
4,721530	2,434729
4,486747	2,437012
4,370920	2,437338
4,051615	2,439620
4,308312	2,441251
4,640138	2,441251
4,818573	2,444838
4,561877	2,444512
4,111094	2,447447
4,107963	2,447773
4,273877	2,450381
4,117355	2,451360
4,189355	2,453642
4,104833	2,454294
4,067268	2,455599
4,439790	2,456251
4,430399	2,459512
3,807441	2,459838
4,320833	2,461468
3,459962	2,463751
4,126746	2,463425
3,989007	2,465707
4,082920	2,465707
4,139268	2,468316
4,136137	2,470599
4,004659	2,471903
5,729532	2,472555
3,347266	2,474838
4,145529	2,474838
3,992137	2,478425
4,139268	2,477447
3,845006	2,481360
3,938920	2,480381
4,345877	2,484294
3,960833	2,484294
4,314573	2,485925
4,518051	2,487881
3,932659	2,488860
4,558747	2,489512
4,674573	2,493099
4,508660	2,493425
4,721530	2,495381
4,727791	2,497012
4,896835	2,498316
4,527442	2,498968
4,971965	2,500599
5,022052	2,502555
5,200487	2,502555
4,815443	2,504186
5,172313	2,506468
5,137878	2,507773
5,441531	2,509077
5,419618	2,510055
4,608834	2,512990
5,225531	2,513968
5,419618	2,516577
5,842228	2,517229
5,081531	2,518534
5,641879	2,519512
5,632488	2,520816
4,953182	2,523425
5,209879	2,524077
5,187966	2,526034
6,158402	2,527012
5,335096	2,529621
5,256835	2,529621
5,601184	2,530599
5,228661	2,531577
5,219270	2,535490
5,607445	2,536142
5,134748	2,535490
5,062748	2,537447
5,369531	2,540708
4,946922	2,541360
5,266227	2,543642
5,194226	2,543642
4,727791	2,546577
4,652660	2,547229
4,696486	2,549512
5,119096	2,551142
4,871791	2,550490
4,430399	2,554077
4,496138	2,554729
3,766745	2,555382
4,123616	2,557012
4,311442	2,559295
3,932659	2,561577
4,236312	2,562229
4,342746	2,563534
4,502399	2,565490
4,208138	2,565490
3,976485	2,568751
4,070398	2,568751
3,963963	2,570055
3,963963	2,572012
4,057876	2,572338
4,236312	2,574621
4,258225	2,575925
4,161181	2,578534
4,042224	2,579838
4,295790	2,579512
3,891963	2,582121
3,960833	2,583425
4,539964	2,585055
4,217529	2,587012
4,568138	2,587990
4,599443	2,589621
4,918748	2,590273
5,726401	2,591903
6,020663	2,593860
6,555968	2,596142
7,178926	2,595490
7,178926	2,598751
7,773710	2,599403
7,510753	2,600708
7,291622	2,602990
8,509363	2,602990
8,302754	2,603969
8,866233	2,607882
9,079103	2,607556
9,229365	2,609512
9,579974	2,611469
9,655105	2,611469
10,058931	2,613425
9,958757	2,615708
10,541019	2,617338
10,703802	2,617338
10,594237	2,619621
10,469019	2,621251
10,397019	2,622556
10,753889	2,625164
10,976151	2,624186
10,829020	2,628751
10,490932	2,628099
10,456497	2,629403
10,043279	2,631360
10,155975	2,632338
9,902409	2,633969
9,802235	2,636903
9,795974	2,637556
9,498582	2,638860
8,468667	2,639838
9,777192	2,642121
9,276321	2,644730
9,122930	2,645056
8,806755	2,646360
8,393537	2,647338
7,914579	2,648643
7,532666	2,649947
7,398057	2,651903
6,543446	2,653860
6,164663	2,655816
4,993878	2,656469
4,640138	2,657447
3,697876	2,659403
3,757354	2,661034
4,001528	2,663316
4,098572	2,664621
4,151790	2,664621
3,910746	2,665599
3,866919	2,667882
4,129877	2,670817
3,816832	2,672121
3,344136	2,671469
4,621356	2,674077
3,967094	2,675056
3,826224	2,676686
4,067268	2,678317
3,773006	2,680599
3,816832	2,681251
3,816832	2,681903
4,035963	2,684512
4,092311	2,684838
4,086050	2,686795
4,145529	2,688751
4,320833	2,689077
4,655791	2,691686
4,831095	2,692338
4,896835	2,694621
5,547966	2,696904
5,851619	2,696904
6,186576	2,697882
6,806403	2,700817
7,288491	2,702121
7,085013	2,703425
7,301013	2,704404
7,347970	2,706360
7,977188	2,707012
8,312145	2,708643
8,590755	2,711904
8,355972	2,713208
9,110408	2,713860
8,643972	2,714838
9,739626	2,716795
10,440845	2,718751
9,414061	2,720056
9,830409	2,721034
9,914931	2,722338
9,883627	2,722991
9,821018	2,724295
9,705192	2,726577
10,888498	2,727882
10,447106	2,728860
10,155975	2,731469
12,672849	2,733099
10,299975	2,732773
8,293363	2,734404
9,207451	2,736360
10,037018	2,738643
8,669016	2,740599
8,722233	2,741578
9,029016	2,742882
8,875625	2,743534
8,825538	2,745491
8,528146	2,747447
8,036667	2,747447
8,033536	2,750056
7,307274	2,751034
7,294752	2,753643
6,762577	2,752991
6,490229	2,756578
5,554227	2,755599
5,763967	2,758534
5,053357	2,760165
3,920137	2,761469
4,120485	2,764404
4,082920	2,766034
3,616484	2,767012
6,837708	2,768643
5,726401	2,767338
1,083958	2,769621
2,777526	2,771578
3,832485	2,772556
4,374051	2,774186
3,791789	2,777121
3,779267	2,778751
4,151790	2,780056
4,023442	2,781034
4,117355	2,781360
4,111094	2,783969
4,749704	2,786252
4,427268	2,785925
4,896835	2,787556
5,009530	2,789512
6,255446	2,791795
7,357361	2,791795
8,825538	2,793099
10,218584	2,795708
12,040500	2,797012
13,433547	2,797338
14,347635	2,798643
15,462072	2,801578
16,238421	2,802230
16,839466	2,802230
18,094773	2,804839
18,949383	2,807447
19,694428	2,808752
20,689908	2,808752
21,838780	2,811686
22,668347	2,812012
23,654436	2,813969
24,512176	2,815273
25,294787	2,816578
25,814440	2,818208
26,133745	2,819512
26,487485	2,821795
26,856877	2,821795
27,401573	2,824078
27,520530	2,825708
27,119834	2,827991
27,401573	2,827991
26,866268	2,830599
26,540702	2,831904
25,495135	2,833534
25,338613	2,833534
24,687481	2,835491
24,502785	2,837121
23,976871	2,839078
23,620001	2,841360
23,222435	2,841360
23,213044	2,843317
22,583825	2,845273
21,973389	2,845273
20,890256	2,848208
20,464517	2,848860
18,914948	2,849839
17,781729	2,851795
16,113204	2,854404
14,394592	2,855708
12,838763	2,856686
10,409541	2,857665
7,401187	2,859295
5,310053	2,861252
4,392834	2,862882
4,032833	2,863860
2,924657	2,866143
3,547615	2,867121
3,735441	2,867773
4,446051	2,869404
3,582049	2,872013
3,444310	2,873643
4,176833	2,874295
4,086050	2,875926
4,139268	2,876904
3,904485	2,877882
3,300310	2,878534
3,553875	2,881795
4,176833	2,882773
3,898224	2,884730
4,035963	2,884404
3,751093	2,887339
3,503788	2,887665
3,741702	2,889621
4,255094	2,889947
4,421008	2,892230
4,696486	2,894187
4,862400	2,894513
5,244313	2,896469
5,807793	2,898100
6,405707	2,901034
6,941012	2,902013
6,887795	2,904295
6,984839	2,904947
7,992840	2,905273
7,952145	2,906904
8,230754	2,910491
8,218232	2,911469
8,794233	2,911143
8,747277	2,913100
9,273191	2,913426
9,410930	2,916360
9,354582	2,918317
11,035629	2,918317
9,404669	2,921578
9,482930	2,922230
10,998064	2,923534
11,254760	2,923860
10,672498	2,925165
11,019977	2,927447
10,807107	2,928752
10,653715	2,930708
10,672498	2,932991
10,080844	2,934295
10,043279	2,933969
10,797715	2,936904
10,149714	2,939187
9,727105	2,938208
9,304495	2,939839
9,226234	2,942774
9,601887	2,943100
9,104147	2,945708
8,916320	2,947339
9,858583	2,948317
9,501713	2,948643
9,163625	2,950926
8,493711	2,952882
7,595274	2,953861
7,623448	2,956143
7,241535	2,956143
6,909708	2,958752
6,305533	2,960382
5,250574	2,962665
4,345877	2,963317
4,342746	2,963969
4,311442	2,964295
3,888833	2,967556
3,785528	2,969839
3,967094	2,970491
3,610223	2,971469
4,045355	2,974078
4,104833	2,974404
4,818573	2,975056
4,198746	2,976687
3,115614	2,978643
3,666571	2,980926
3,381701	2,981578
3,419266	2,982882
3,870050	2,984513
4,145529	2,986469
3,879441	2,987774
3,857528	2,988752
4,242572	2,990056
4,449181	2,992665
3,854398	2,992991
3,704137	2,994295
5,144139	2,995600
3,597702	2,998535
3,726050	2,999513
4,349007	3,000165
4,302051	3,002121
4,868661	3,004404
5,429009	3,003752
4,467964	3,005382
4,668312	3,007013
5,059617	3,009948
4,176833	3,010274
5,015791	3,012230
4,646399	3,013535
4,953182	3,015165
5,313183	3,016795
5,209879	3,018100
5,535444	3,019404
5,591792	3,021687
5,695097	3,022665
5,638749	3,022991
5,529184	3,026578
5,194226	3,025926
5,598053	3,027230
5,435270	3,030491
6,374403	3,029187
5,272487	3,032122
4,583790	3,033752
5,591792	3,034730
5,695097	3,037013
4,903095	3,038317
5,563618	3,040274
5,504140	3,040274
5,454053	3,042556
5,579271	3,043861
6,684316	3,045491
6,596664	3,046795
5,779619	3,047774
5,438401	3,050056
5,053357	3,051687
5,469705	3,053317
5,122226	3,053969
3,960833	3,055274
4,590051	3,056578
4,993878	3,058209
4,618225	3,060165
4,583790	3,062122
4,483616	3,062774
3,860659	3,063426
4,095442	3,065709
3,967094	3,067991
4,223790	3,068317
4,389703	3,069948
4,223790	3,072882
4,154920	3,072882
4,314573	3,076143
4,061007	3,074839
4,001528	3,078752
4,242572	3,080056
4,133007	3,080709
4,220659	3,082339
4,574399	3,083317
4,226920	3,085600
4,349007	3,086578
4,399094	3,087556
4,549356	3,089839
4,449181	3,091143
4,705878	3,092122
4,161181	3,092774
4,749704	3,094730
5,103444	3,097339
5,594923	3,097991
6,333707	3,099296
9,032147	3,101252
8,643972	3,101904
9,921192	3,103209
11,107629	3,106143
11,921544	3,105817
12,434936	3,109078
13,017198	3,110056
13,590069	3,111361
14,278766	3,111687
15,130245	3,113970
15,765725	3,117230
16,582770	3,115926
17,158771	3,119513
17,947642	3,119839
18,313904	3,121796
19,143471	3,122448
19,619298	3,123752
20,138951	3,126035
20,235994	3,127013
20,376864	3,127339
20,558430	3,130926
20,802604	3,131904
20,761908	3,133535
21,334779	3,134839
21,275301	3,137448
20,702430	3,138752
20,420690	3,139404
20,254777	3,140383
19,838428	3,142991
19,171644	3,143317
19,112166	3,144296
18,219990	3,146252
18,251295	3,148535
17,794251	3,148535
17,972686	3,149513
17,834946	3,152774
17,365380	3,152122
16,642248	3,155383
15,875290	3,156687
15,092680	3,158317
14,219287	3,160274
13,427286	3,159296
11,883978	3,163535
10,788324	3,162557
8,994581	3,165165
7,526405	3,166144
4,912487	3,167774
4,114224	3,168752
4,020311	3,171035
4,076659	3,172665
4,261355	3,173644
4,158050	3,174948
3,891963	3,177231
4,195616	3,177231
3,816832	3,179187
3,929528	3,180491
4,236312	3,183426
3,444310	3,182774
4,023442	3,187013
4,048485	3,186361
4,524312	3,188970
4,014050	3,189622
4,067268	3,191578
3,829354	3,191578
4,201877	3,194839
3,685354	3,194839
3,675963	3,196144
4,461703	3,197122
3,657180	3,199078
3,923267	3,200383
3,738571	3,203318
4,455442	3,203970
3,773006	3,205274
4,323964	3,206252
4,571269	3,206578
5,053357	3,211470
4,405355	3,211144
4,092311	3,213426
4,195616	3,213752
3,707267	3,215383
3,444310	3,217665
4,145529	3,217339
4,117355	3,218970
3,854398	3,221578
3,810572	3,222231
4,139268	3,224513
3,945181	3,226796
4,305181	3,227122
4,117355	3,229405
4,280138	3,230383
4,971965	3,232339
3,801180	3,232991
3,782398	3,234296
3,741702	3,234948
3,904485	3,237231
4,302051	3,238535
4,668312	3,241796
3,754224	3,241796
3,372310	3,244405
4,646399	3,243752
4,574399	3,246035
3,917007	3,247665
4,305181	3,249622
3,879441	3,249622
4,054746	3,251905
4,283268	3,254839
3,942050	3,255818
4,261355	3,255818
3,413006	3,257774
3,851267	3,260709
3,901354	3,260709
4,474225	3,262013
4,746573	3,264622
3,901354	3,264622
3,657180	3,266579
4,117355	3,267557
4,499269	3,269187
3,481875	3,269839
4,433529	3,273100
3,970224	3,275057
3,866919	3,275709
3,970224	3,277339
3,879441	3,277665
4,220659	3,279296
3,832485	3,281579
3,967094	3,283861
3,722919	3,283535
4,286399	3,284839
3,081179	3,286796
3,788658	3,290057
3,813702	3,290383
3,970224	3,290709
3,810572	3,292992
3,798050	3,293970
3,845006	3,294622
3,741702	3,297557
4,004659	3,298535
3,726050	3,298861
3,851267	3,300492
3,143788	3,304405
4,092311	3,303753
3,006048	3,307013
3,644658	3,308318
3,801180	3,307992
2,909005	3,310926
4,017181	3,312883
4,593182	3,312557
4,286399	3,314187
3,375440	3,315492
3,469354	3,318426
3,428658	3,318753
3,766745	3,321361
3,200136	3,321035
4,327094	3,323318
3,757354	3,324622
3,816832	3,326905
4,148659	3,328861
3,885702	3,329840
3,563267	3,330818
3,478745	3,331470
4,258225	3,334079
3,560136	3,336035
4,133007	3,337666
4,555616	3,339296
3,456832	3,339948
3,522571	3,340926
3,816832	3,341905
3,719789	3,344840
4,026572	3,346144
3,422397	3,347774
4,111094	3,347448
3,935789	3,349079
3,525701	3,350383
4,173703	3,353644
3,704137	3,354622
4,142398	3,356579
4,154920	3,357883
4,048485	3,357883
3,970224	3,359840
3,726050	3,362448
3,970224	3,363427
3,810572	3,365057
3,807441	3,366035
4,311442	3,367340
3,644658	3,367992
3,575788	3,370927
3,873180	3,372231
4,148659	3,372883
3,904485	3,375492
4,370920	3,376470
3,979615	3,378100
3,309701	3,380057
4,017181	3,381361
4,101703	3,382014
3,109353	3,384622
3,331614	3,384622
3,650919	3,385927
3,913876	3,388861
3,704137	3,389187
3,694745	3,391144
3,275266	3,393427
3,438049	3,394405
4,186224	3,395057
3,879441	3,396687
3,682223	3,397340
3,992137	3,399622
3,456832	3,401579
3,428658	3,402557
4,392834	3,404187
3,747963	3,406470
2,874570	3,407774
3,685354	3,409079
3,835615	3,410383
3,672832	3,412014
3,675963	3,413970
4,455442	3,413318
3,347266	3,416253
3,635267	3,417557
3,870050	3,418535
4,133007	3,418861
4,111094	3,421796
3,726050	3,423427
3,816832	3,425057
3,541354	3,425057
3,485006	3,426035
3,682223	3,427666
4,061007	3,428644
3,494397	3,430927
3,747963	3,433535
3,362919	3,433861
3,685354	3,436144
4,211268	3,438427
4,245703	3,439405
3,910746	3,441035
3,888833	3,441688
2,965353	3,444296
4,298920	3,445275
4,223790	3,446253
4,051615	3,447557
3,691615	3,449514
3,654050	3,451144
3,779267	3,451796
3,475614	3,453101
3,503788	3,454405
3,932659	3,456361
3,798050	3,456688
3,691615	3,459622
3,766745	3,460275
2,805700	3,461579
5,238053	3,463535
4,198746	3,464840
4,017181	3,467122
3,691615	3,468753
3,510049	3,469079
3,610223	3,470057
3,544484	3,472340
4,164311	3,472666
4,389703	3,475927
3,644658	3,477231
3,766745	3,478862
3,516310	3,479188
3,438049	3,482122
3,901354	3,482775
4,067268	3,483427
3,231440	3,485383
4,035963	3,487340
3,763615	3,489622
3,779267	3,489949
3,735441	3,491253
3,694745	3,492557
3,845006	3,495818
3,735441	3,495166
3,654050	3,497775
3,992137	3,498427
3,935789	3,501362
3,632136	3,501362
3,619615	3,503318
3,895093	3,505601
3,625876	3,507231
3,910746	3,506905
3,159440	3,508536
3,960833	3,510166
3,807441	3,512449
3,747963	3,513427
3,907615	3,515057
4,179964	3,516036
3,932659	3,517340
3,757354	3,519949
3,735441	3,520927
3,929528	3,521905
3,635267	3,523862
3,657180	3,524840
3,660310	3,525818
3,575788	3,527449
3,794919	3,529079
3,954572	3,532014
3,917007	3,532340
3,760485	3,533318
3,710397	3,534623
3,788658	3,536579
3,854398	3,536905
3,600832	3,539840
3,735441	3,541796
3,891963	3,542123
3,701006	3,543101
3,898224	3,545057
4,042224	3,545709
3,688484	3,548318
3,804311	3,548644
3,823093	3,550927
3,845006	3,553210
3,582049	3,553862
3,804311	3,554840
3,882572	3,558427
3,572658	3,558427
3,932659	3,560057
4,032833	3,562014
3,716658	3,563318
3,616484	3,562666
3,459962	3,565275
3,782398	3,566579
3,979615	3,568862
3,585180	3,568862
3,701006	3,572123
3,782398	3,572775
3,472484	3,574079
3,691615	3,575710
3,647789	3,577014
3,672832	3,578970
3,945181	3,580275
3,669702	3,580601
3,675963	3,582557
3,813702	3,584188
3,760485	3,586797
3,701006	3,587123
3,669702	3,587449
3,992137	3,590383
3,666571	3,592014
3,704137	3,592666
3,450571	3,594297
3,816832	3,596905
3,722919	3,597884
3,857528	3,599188
3,491267	3,600818
4,029702	3,602123
3,491267	3,603427
3,798050	3,604731
3,610223	3,604731
3,888833	3,607666
3,891963	3,608970
3,654050	3,611579
3,754224	3,612884
3,751093	3,613210
3,741702	3,614840
3,901354	3,618101
3,466223	3,616470
3,525701	3,619731
3,719789	3,621688
3,845006	3,622666
3,707267	3,623644
4,023442	3,625275
3,560136	3,626579
3,779267	3,626905
4,104833	3,630492
3,603962	3,631471
3,685354	3,632775
3,841876	3,633427
3,854398	3,635384
3,697876	3,636688
3,234570	3,637666
4,067268	3,640275
3,769876	3,642231
4,014050	3,641905
3,982746	3,644188
3,794919	3,644840
3,935789	3,648101
3,870050	3,648753
3,603962	3,649731
3,547615	3,651688
3,807441	3,651688
3,982746	3,654297
4,145529	3,655601
3,560136	3,657231
4,029702	3,659188
3,309701	3,661144
3,522571	3,661797
3,995268	3,664405
3,644658	3,664405
4,010920	3,667014
3,816832	3,667014
4,023442	3,669623
3,754224	3,670275
3,732311	3,672558
3,610223	3,672884
3,917007	3,675492
3,841876	3,676145
4,079789	3,677775
3,744832	3,678753
3,860659	3,681688
3,682223	3,680710
3,957702	3,684297
3,391092	3,684623
3,519441	3,686905
3,888833	3,687884
3,600832	3,691145
3,710397	3,690492
3,757354	3,693753
3,888833	3,694732
4,176833	3,693753
4,061007	3,696036
3,231440	3,698318
3,635267	3,700927
3,134396	3,699949
3,256484	3,702884
3,801180	3,704514
3,791789	3,704840
3,713528	3,708101
3,729180	3,707449
3,632136	3,709732
3,228310	3,710710
3,807441	3,712014
3,907615	3,714949
3,713528	3,715275
3,826224	3,716905
3,791789	3,717884
4,558747	3,719840
3,666571	3,721797
3,616484	3,723101
3,525701	3,724732
3,967094	3,725384
4,424138	3,727666
3,478745	3,727992
3,215788	3,729623
3,447440	3,731579
3,938920	3,732232
3,735441	3,734514
4,014050	3,735819
3,531962	3,737449
4,010920	3,739732
4,223790	3,740058
3,804311	3,743319
3,682223	3,742992
4,004659	3,743645
3,603962	3,745275
4,414747	3,748862
4,014050	3,748210
3,666571	3,751145
3,650919	3,753427
3,500658	3,753101
4,051615	3,753753
3,701006	3,755710
4,543095	3,757014
3,832485	3,759949
4,039094	3,760275
3,594571	3,762232
3,582049	3,763536
3,488136	3,764840
4,023442	3,765166
3,848137	3,767775
4,179964	3,770710
3,544484	3,771036
3,447440	3,771362
4,258225	3,773971
3,472484	3,775275
3,506919	3,776579
3,716658	3,777884
3,998398	3,780166
3,979615	3,781797
4,183094	3,782123
3,638397	3,785058
3,829354	3,786036
3,697876	3,786362
3,691615	3,787993
3,528832	3,788971
3,607093	3,791906
3,707267	3,793536
3,722919	3,793210
3,891963	3,794514
4,007789	3,797775
3,644658	3,798427
3,716658	3,800384
3,854398	3,800710
3,278397	3,802340
3,600832	3,803319
3,923267	3,805275
3,585180	3,807232
3,037353	3,809188
3,801180	3,808862
3,766745	3,810819
3,735441	3,812123
3,719789	3,814732
3,848137	3,815058
3,193875	3,818645
4,345877	3,819949
4,317703	3,820275
4,061007	3,821580
4,136137	3,822558
3,995268	3,824840
3,287788	3,826145
4,195616	3,827449
3,948311	3,828101
3,888833	3,829080
3,907615	3,832667
3,785528	3,833971
4,048485	3,834297
3,697876	3,835927
3,963963	3,838210
3,594571	3,838862
4,223790	3,840493
4,170572	3,841797
3,979615	3,844732
3,538223	3,845384
3,669702	3,846362
3,995268	3,848319
3,967094	3,849949
3,998398	3,850275
4,236312	3,851906
3,726050	3,852884
3,845006	3,855819
3,625876	3,856145
4,120485	3,857449
3,754224	3,858754
4,026572	3,861036
4,198746	3,862667
3,973354	3,864623
3,738571	3,865601
3,798050	3,865601
4,277007	3,868862
3,660310	3,868862
4,051615	3,871471
4,133007	3,872449
4,148659	3,873101
4,042224	3,874406
4,611964	3,876688
3,269005	3,878319
3,510049	3,879623
3,704137	3,882558
4,230051	3,882558
4,017181	3,884188
4,045355	3,885493
3,995268	3,886471
3,942050	3,888101
3,666571	3,891362
3,610223	3,890384
3,835615	3,894297
4,161181	3,895275
4,035963	3,893971
3,851267	3,897558
4,023442	3,899188
3,566397	3,900819
4,051615	3,903101
4,004659	3,903101
3,675963	3,903428
3,926398	3,906036
4,126746	3,908971
3,907615	3,909623
3,870050	3,910928
4,042224	3,911906
4,129877	3,914188
4,277007	3,915819
4,032833	3,916145
4,107963	3,917449
3,929528	3,919406
5,031443	3,921362
4,205007	3,922015
3,798050	3,924297
4,133007	3,925275
4,709008	3,927558
4,605704	3,928536
4,057876	3,929841
4,452312	3,929841
4,358399	3,932449
4,205007	3,932775
4,289529	3,934732
4,386573	3,936362
4,317703	3,937341
4,352138	3,938645
4,552486	3,940928
4,421008	3,943862
4,508660	3,944515
4,561877	3,946471
4,292659	3,947449
4,377181	3,948428
4,565008	3,949406
4,380312	3,950384
4,821704	3,952341
4,574399	3,955275
4,533703	3,956254
4,680834	3,958536
4,402225	3,958862
3,970224	3,962123
4,158050	3,961797
4,367790	3,963428
4,277007	3,965384
4,799791	3,967015
4,530573	3,968645
4,596312	3,968971
4,330225	3,969297
4,489877	3,970602
4,305181	3,973536
4,539964	3,973862
4,342746	3,976471
4,205007	3,976145
4,355268	3,978428
4,192485	3,980058
4,223790	3,982015
4,151790	3,984297
4,010920	3,984623
4,089181	3,985928
4,076659	3,988536
3,888833	3,988863
3,957702	3,991145
3,992137	3,991797
3,917007	3,993754
4,104833	3,994732
3,713528	3,996689
4,117355	3,998645
4,173703	3,999949
4,161181	4,000276
3,716658	4,002232
3,735441	4,003210
4,208138	4,005493
4,305181	4,006797
3,782398	4,006797
3,425527	4,008754
4,070398	4,010710
3,857528	4,012667
4,777878	4,013971
3,791789	4,016254
4,771617	4,016254
4,474225	4,019189
4,433529	4,019515
3,938920	4,021797
3,788658	4,023428
3,895093	4,023428
4,289529	4,025710
4,330225	4,028645
4,449181	4,028319
4,261355	4,028971
4,070398	4,032232
4,364660	4,033863
4,230051	4,033863
4,245703	4,035493
4,496138	4,037776
4,749704	4,037450
3,848137	4,039406
4,336486	4,041689
4,289529	4,043971
4,743443	4,043645
4,893704	4,046254
4,417877	4,048863
4,621356	4,048210
4,624486	4,050493
4,502399	4,052124
4,017181	4,052450
4,975096	4,055710
4,308312	4,057015
4,211268	4,058971
4,827965	4,058319
4,593182	4,060928
4,029702	4,060928
4,277007	4,063863
4,702747	4,065167
4,818573	4,066145
4,223790	4,067776
4,721530	4,070384
4,242572	4,071363
4,424138	4,072341
4,621356	4,074624
4,399094	4,074624
4,546225	4,075928
4,217529	4,076906
4,518051	4,078537
4,649530	4,081797
4,530573	4,081797
4,251964	4,084406
4,158050	4,085384
4,079789	4,086037
3,932659	4,089297
3,779267	4,088971
3,888833	4,090928
3,932659	4,092558
4,079789	4,093537
4,001528	4,095819
3,942050	4,096145
4,333355	4,099080
3,948311	4,101037
4,026572	4,100058
4,317703	4,103319
4,076659	4,104624
4,158050	4,105602
4,095442	4,106580
4,057876	4,109189
4,039094	4,110167
4,061007	4,110493
3,866919	4,112450
4,045355	4,114406
4,383442	4,116363
4,148659	4,117667
4,248833	4,118319
4,079789	4,120276
4,386573	4,121906
4,217529	4,123537
4,129877	4,124189
4,283268	4,124841
4,067268	4,127124
4,320833	4,128754
4,624486	4,130711
4,035963	4,132993
4,251964	4,133319
4,433529	4,135602
4,655791	4,136254
4,771617	4,137885
3,826224	4,139189
2,326743	4,139841
6,252315	4,140819
6,255446	4,145058
4,668312	4,145385
4,552486	4,146363
4,374051	4,147667
4,602573	4,148319
4,978226	4,151254
4,802921	4,151254
4,377181	4,154189
4,402225	4,154189
4,821704	4,157124
4,702747	4,157450
4,518051	4,160711
4,399094	4,160058
4,896835	4,162993
4,752834	4,162993
4,937530	4,166254
4,305181	4,166254
4,721530	4,169189
4,790400	4,169841
4,380312	4,170819
4,662051	4,173102
4,640138	4,174406
3,973354	4,176037
4,593182	4,176363
4,774747	4,178972
4,352138	4,180276
4,205007	4,181580
4,658921	4,183211
4,314573	4,184515
4,355268	4,185493
4,123616	4,187124
4,039094	4,190059
4,148659	4,189080
4,311442	4,192667
4,026572	4,193319
3,450571	4,194298
3,976485	4,195928
3,985876	4,197232
4,455442	4,198211
3,685354	4,201798
4,010920	4,200819
4,133007	4,203428
4,104833	4,205059
4,042224	4,205711
4,217529	4,207667
3,794919	4,208319
4,179964	4,211254
4,514921	4,211254
4,574399	4,212233
7,166404	4,215493
4,730921	4,216472
1,134045	4,216798
2,370569	4,220059
3,832485	4,220711
4,114224	4,222667
4,092311	4,222993
4,421008	4,225276
4,339616	4,225928
3,913876	4,228211
4,142398	4,229841
4,546225	4,230820
4,680834	4,232450
4,270746	4,234406
4,461703	4,236363
4,831095	4,236689
4,793530	4,238646
4,687095	4,239950
4,467964	4,241254
4,643269	4,242559
3,766745	4,243863
5,056487	4,246472
5,776488	4,246798
4,533703	4,248102
5,178574	4,250059
4,067268	4,251037
3,594571	4,253320
5,331966	4,253972
5,047096	4,254950
4,627617	4,257559
4,984487	4,258537
5,294400	4,259515
4,467964	4,262776
4,699617	4,263102
4,621356	4,264407
4,925008	4,265711
4,358399	4,267015
4,646399	4,268320
4,480486	4,269950
4,881182	4,270276
4,552486	4,271580
4,931269	4,274841
4,458573	4,276146
4,702747	4,276798
4,261355	4,277776
4,777878	4,280385
4,377181	4,281037
4,599443	4,283320
4,017181	4,284298
4,630747	4,286254
4,568138	4,287885
4,446051	4,288863
3,973354	4,290494
4,148659	4,293428
4,104833	4,294080
3,434919	4,294080
4,104833	4,296363
4,042224	4,297994
4,230051	4,298646
4,151790	4,300928
4,355268	4,303537
4,151790	4,303211
4,646399	4,304841
3,989007	4,306472
4,480486	4,308102
4,317703	4,309407
4,001528	4,311689
3,951441	4,313646
4,145529	4,313972
3,970224	4,315928
3,992137	4,316907
3,935789	4,318211
4,255094	4,319189
4,201877	4,321146
4,107963	4,322776
4,424138	4,324733
4,186224	4,325385
4,251964	4,327668
4,311442	4,329298
5,025183	4,330276
4,781008	4,331254
4,834226	4,333211
4,968835	4,334841
4,768486	4,336146
4,928139	4,336798
5,438401	4,338102
5,134748	4,338754
4,925008	4,340385
5,278748	4,343646
5,150400	4,344298
5,961184	4,345602
5,382053	4,348537
5,491618	4,349189
6,117706	4,350494
5,776488	4,352450
5,770227	4,353102
5,682575	4,353755
5,382053	4,355711
5,547966	4,358320
6,020663	4,359298
6,174054	4,360928
5,873532	4,362559
6,145880	4,364515
6,073880	4,365168
5,723271	4,366798
5,729532	4,368428
6,073880	4,370385
5,782749	4,371037
5,244313	4,371363
5,857880	4,372994
5,579271	4,375928
5,331966	4,376907
5,544836	4,378211
4,812313	4,379189
5,231792	4,380168
5,228661	4,381798
5,607445	4,382776
5,751445	4,386037
7,203969	4,387668
4,233181	4,389624
4,333355	4,389624
4,496138	4,390929
4,421008	4,393863
4,233181	4,394189
4,323964	4,395820
4,452312	4,395820
4,273877	4,399081
4,208138	4,400385
4,167442	4,402015
4,226920	4,402342
4,051615	4,402994
4,117355	4,405276
4,295790	4,406581
3,954572	4,408211
4,042224	4,409189
4,305181	4,410494
4,377181	4,412124
4,170572	4,413102
4,042224	4,415711
4,311442	4,417994
4,082920	4,418972
4,010920	4,419624
4,145529	4,421255
4,518051	4,423211
4,355268	4,423863
3,751093	4,427450
4,179964	4,428102
4,455442	4,429733
4,699617	4,430711
4,915617	4,431363
5,187966	4,432994
5,106574	4,433972
5,072139	4,435929
4,890574	4,438211
5,034574	4,438211
5,795271	4,440820
6,371272	4,442124
5,814054	4,445059
5,785880	4,444733
6,208489	4,447016
6,239794	4,448320
5,933010	4,448320
6,214750	4,451255
6,659273	4,452233
6,296142	4,454516
6,571620	4,456146
6,496490	4,456798
6,249185	4,458103
6,471446	4,460059
7,257187	4,461037
7,122578	4,462016
6,646751	4,463320
6,008141	4,465276
6,959795	4,467885
5,879793	4,468863
6,352489	4,470494
6,352489	4,470494
5,958054	4,472776
6,064489	4,474407
6,255446	4,475059
6,590403	4,477342
6,534055	4,478646
6,599794	4,480603
5,864141	4,480929
5,810923	4,482559
5,729532	4,484190
5,519792	4,485494
5,457183	4,487450
5,313183	4,487450
4,918748	4,489081
4,618225	4,491363
4,277007	4,491690
4,511790	4,494950
4,386573	4,494950
4,452312	4,495929
4,095442	4,497885
4,323964	4,500494
4,383442	4,502450
4,608834	4,502777
4,179964	4,504081
4,658921	4,505059
3,929528	4,507016
3,898224	4,510277
4,652660	4,511255
3,895093	4,512885
3,904485	4,513864
4,101703	4,515168
4,386573	4,515494
4,010920	4,517124
3,713528	4,518429
3,331614	4,520711
4,637008	4,521037
4,051615	4,523320
4,849878	4,523972
4,734052	4,525603
4,427268	4,527233
4,286399	4,529842
4,618225	4,529516
4,856139	4,532124
4,730921	4,534733
4,226920	4,534733
4,615095	4,535711
5,466575	4,537994
6,474577	4,540603
6,468316	4,542559
6,847099	4,542559
7,113187	4,543537
7,081882	4,544842
7,466926	4,547451
7,203969	4,547451
7,833188	4,550711
8,114928	4,551364
8,299624	4,552342
8,346580	4,554298
8,377885	4,555277
8,559450	4,557233
8,744146	4,558538
9,126060	4,559190
8,910060	4,561146
8,615798	4,563103
9,110408	4,562777
9,157364	4,566038
9,429713	4,567016
9,147973	4,568646
9,013364	4,570277
9,013364	4,571581
8,885016	4,573538
8,481189	4,574516
8,490581	4,574842
8,208841	4,577451
8,149362	4,578103
8,174406	4,579081
8,193189	4,582016
8,606407	4,582342
8,265189	4,584951
8,171276	4,584951
7,999101	4,587233
7,639101	4,589190
6,837708	4,591146
6,775099	4,593103
6,825186	4,592451
6,299272	4,595059
5,648140	4,596690
5,022052	4,597342
4,853008	4,598320
4,120485	4,599298
3,891963	4,602233
3,819963	4,602559
4,251964	4,605494
4,793530	4,606146
4,283268	4,607451
4,086050	4,609081
3,995268	4,612016
4,101703	4,612016
4,255094	4,614625
3,920137	4,615603
4,086050	4,616907
4,107963	4,618538
4,599443	4,619516
3,970224	4,620494
3,985876	4,622451
4,035963	4,623755
4,427268	4,625712
4,032833	4,627342
4,211268	4,627342
3,979615	4,630603
3,945181	4,631907
4,183094	4,632885
4,007789	4,633538
4,242572	4,634842
4,176833	4,636146
4,508660	4,639081
4,734052	4,639081
4,611964	4,642016
4,881182	4,641690
4,968835	4,644299
5,416488	4,645929
5,463444	4,647233
5,247444	4,648212
5,159792	4,650820
5,538575	4,651146
5,529184	4,653103
5,958054	4,655059
5,294400	4,654733
5,585531	4,658320
5,842228	4,658646
6,023793	4,660277
5,973706	4,661255
5,942402	4,662559
5,954923	4,665820
6,077011	4,666146
6,183446	4,667125
6,321185	4,670059
6,083272	4,670059
6,333707	4,672342
6,089532	4,674299
6,289881	4,674951
6,036315	4,676581
6,386924	4,677886
5,851619	4,678212
5,826575	4,681799
5,551097	4,682451
5,807793	4,683103
5,770227	4,684733
5,673184	4,687994
5,510401	4,687994
5,450923	4,689625
5,682575	4,691255
5,272487	4,693212
5,385183	4,692886
5,288140	4,695820
5,094052	4,696799
4,868661	4,698429
4,834226	4,698755
4,192485	4,701364
3,766745	4,702994
4,151790	4,704299
4,042224	4,705277
3,679093	4,707886
4,032833	4,708212
4,230051	4,708864
3,979615	4,711147
3,366049	4,712451
3,375440	4,713755
4,057876	4,715060
4,073529	4,716690
3,910746	4,718320
3,701006	4,719299
4,079789	4,722886
3,901354	4,722886
3,823093	4,723864
3,716658	4,724842
3,616484	4,728103
4,154920	4,727777
4,255094	4,730712
4,042224	4,732016
3,926398	4,733973
4,261355	4,734951
4,111094	4,735277
4,001528	4,737560
3,866919	4,738212
4,286399	4,740820
4,067268	4,741147
4,154920	4,744407
4,101703	4,744407
4,208138	4,745712
3,942050	4,747016
4,327094	4,748973
3,654050	4,749625
4,076659	4,752886
4,345877	4,753538
3,998398	4,755494
3,826224	4,757125
4,017181	4,758103
4,054746	4,759081
4,095442	4,760060
4,784139	4,760712
4,358399	4,763647
3,679093	4,765929
4,017181	4,766907
4,086050	4,768538
3,513180	4,770494
4,061007	4,769516
4,086050	4,772451
4,280138	4,773429
3,970224	4,774081
4,032833	4,776038
3,882572	4,778973
4,095442	4,779951
4,148659	4,780929
4,042224	4,782560
3,466223	4,784516
4,082920	4,786147
4,223790	4,786147
3,741702	4,789081
4,126746	4,790060
3,409875	4,792342
4,549356	4,792342
4,082920	4,793973
3,992137	4,795603
3,635267	4,796581
4,161181	4,797560
4,092311	4,799516
3,982746	4,801473
4,073529	4,802777
3,591441	4,803755
3,954572	4,805712
3,804311	4,807016
4,176833	4,807995
4,098572	4,810603
3,823093	4,811581
4,023442	4,811581
4,317703	4,815168
4,223790	4,816799
3,938920	4,817777
3,769876	4,819081
3,729180	4,821038
3,904485	4,821690
3,879441	4,823321
3,870050	4,825603
4,314573	4,826582
3,719789	4,828212
3,920137	4,829190
3,938920	4,830168
3,882572	4,831799
4,048485	4,833755
3,904485	4,835060
3,917007	4,835712
3,829354	4,836690
3,444310	4,838973
3,719789	4,839299
3,719789	4,842886
4,389703	4,843212
3,760485	4,846473
3,976485	4,846799
3,766745	4,848755
4,123616	4,849082
4,333355	4,851364
3,888833	4,852016
4,114224	4,854625
3,938920	4,855603
3,851267	4,856255
4,176833	4,857560
3,879441	4,860169
4,061007	4,862777
4,220659	4,863755
4,317703	4,864734
3,516310	4,867016
3,760485	4,866690
3,932659	4,869299
4,471095	4,869625
3,954572	4,870603
3,378571	4,872234
3,860659	4,875169
4,173703	4,875495
3,582049	4,876799
3,932659	4,878756
3,870050	4,879082
4,395964	4,881364
4,023442	4,883973
3,898224	4,885277
3,735441	4,885929
3,675963	4,886908
4,142398	4,888864
3,804311	4,890495
4,270746	4,892125
3,816832	4,892125
4,226920	4,894734
4,302051	4,895712
3,597702	4,898321
3,904485	4,899299
4,812313	4,900277
4,001528	4,902234
3,265875	4,902560
3,585180	4,904516
4,687095	4,906147
3,779267	4,907451
3,732311	4,909734
3,322223	4,910712
3,929528	4,911690
3,954572	4,913321
3,985876	4,914951
4,070398	4,915930
3,472484	4,917886
3,741702	4,919190
4,176833	4,920495
3,866919	4,922777
3,901354	4,924408
4,073529	4,925712
3,888833	4,926038
3,954572	4,928973
4,183094	4,929625
4,054746	4,930603
4,349007	4,932234
3,891963	4,933538
4,380312	4,934843
4,374051	4,937451
4,073529	4,937125
3,829354	4,939734
3,823093	4,941364
3,744832	4,942669
3,926398	4,943647
4,092311	4,944951
3,716658	4,947886
4,014050	4,949190
3,669702	4,949843
3,788658	4,953103
4,496138	4,952125
3,722919	4,953756
3,913876	4,955386
3,945181	4,956690
3,901354	4,959625
4,242572	4,959625
3,707267	4,961582
4,345877	4,963538
4,026572	4,964517
3,901354	4,965169
3,841876	4,967451
3,325353	4,968756
4,054746	4,971038
4,314573	4,971364
4,042224	4,973321
4,195616	4,974951
3,989007	4,975930
3,951441	4,978212
4,142398	4,979191
3,697876	4,980169
3,854398	4,981799
3,779267	4,983430
4,032833	4,983756
3,616484	4,986364
3,841876	4,987343
4,035963	4,989951
3,616484	4,990277
3,747963	4,993212
4,017181	4,992886
4,045355	4,995169
3,938920	4,997451
3,929528	4,997777
4,076659	5,000060
3,650919	5,000386
4,067268	5,003321
3,810572	5,002995
3,481875	5,005930
3,575788	5,007234
4,198746	5,007886
3,657180	5,009517
3,607093	5,011473
4,004659	5,013104
4,145529	5,013104
3,895093	5,015712
4,048485	5,016691
3,979615	5,018973
