14,864158	0,986574
14,479114	0,987878
14,369548	0,987552
14,479114	0,988205
14,798419	0,988531
14,454070	0,990487
14,635636	0,990487
14,842245	0,991465
14,792158	0,993096
14,522940	0,997009
14,660679	0,996683
15,123985	0,998965
14,767114	1,000270
14,106591	1,001248
14,942419	1,004183
14,610592	1,006465
14,598071	1,005161
14,676332	1,006792
14,422766	1,009074
15,355637	1,010379
15,386942	1,012661
14,763984	1,014944
14,632505	1,015922
13,981374	1,015922
15,142767	1,019835
14,554244	1,020487
14,641897	1,022444
14,654418	1,023422
14,663810	1,024726
14,745201	1,026357
14,626244	1,027661
14,391461	1,028966
14,513549	1,029618
15,055115	1,030922
14,635636	1,034183
14,723288	1,035487
14,710766	1,036792
14,992506	1,037444
14,695114	1,039726
15,117724	1,040705
14,745201	1,041683
14,641897	1,044292
14,820332	1,046248
15,058245	1,047553
14,547983	1,048857
14,563636	1,050487
14,989376	1,050487
14,848506	1,053422
14,732679	1,055379
14,491636	1,056357
14,948680	1,056357
14,795288	1,058966
14,823462	1,059292
14,679462	1,062226
14,751462	1,063857
15,092680	1,064509
15,011289	1,066466
14,845375	1,068748
15,255463	1,068748
14,892332	1,069400
15,058245	1,072335
14,857897	1,073966
15,008158	1,074618
14,685723	1,078205
14,895462	1,078205
15,440159	1,078531
14,178591	1,080487
14,519809	1,082770
15,014419	1,085705
15,477724	1,084400
15,271115	1,086357
14,798419	1,089292
15,271115	1,091248
14,507288	1,091248
14,698245	1,092227
15,105202	1,095487
15,224159	1,095487
15,227289	1,096140
15,130245	1,098748
14,917375	1,101357
15,180332	1,102009
15,674942	1,103314
14,995636	1,104618
14,707636	1,107227
15,255463	1,106900
15,299289	1,109183
15,361898	1,110814
15,127115	1,111792
15,302420	1,113422
15,596681	1,116031
15,267985	1,117335
15,515290	1,118640
15,324333	1,119618
15,161550	1,121574
14,651288	1,122879
15,953551	1,124509
15,211637	1,124835
15,537203	1,128422
15,289898	1,127770
15,693725	1,130379
15,396333	1,130705
15,790768	1,134292
15,399463	1,134944
16,729901	1,135596
15,030071	1,137227
15,847116	1,139183
16,200856	1,141140
15,875290	1,141140
14,310070	1,142444
15,753203	1,144401
15,227289	1,145705
15,703116	1,148640
16,172682	1,148314
15,449550	1,150596
15,045724	1,151574
15,537203	1,154835
16,113204	1,155814
16,169552	1,156140
15,615464	1,159074
15,975464	1,158748
16,188334	1,161031
15,931638	1,161357
16,563987	1,163640
15,643638	1,165270
16,009899	1,167227
15,925377	1,167553
16,235291	1,170488
15,555985	1,169835
15,831464	1,173422
16,398074	1,173096
16,526422	1,176357
16,839466	1,177009
16,316682	1,178966
16,307291	1,179292
15,975464	1,181901
16,664161	1,182879
16,150769	1,184835
16,538944	1,186792
16,379291	1,186466
16,210248	1,189727
16,592161	1,190379
16,764336	1,192335
16,501379	1,193966
16,864510	1,193966
15,505898	1,197227
17,431119	1,197553
16,075639	1,199835
17,359119	1,200162
16,764336	1,201792
16,254074	1,203422
16,488857	1,204401
16,783118	1,207009
17,052336	1,207662
16,576509	1,208640
16,742422	1,211248
16,695466	1,211575
17,121206	1,214509
16,779988	1,214835
17,243293	1,216140
16,858249	1,218096
17,274597	1,220705
16,106943	1,221683
16,999119	1,222662
17,309032	1,223966
17,011640	1,227227
17,017901	1,227879
16,457552	1,227227
16,576509	1,231792
17,274597	1,231140
17,537554	1,232118
17,365380	1,235053
16,889553	1,237335
17,587641	1,236683
17,005379	1,239292
17,277728	1,241901
17,114945	1,241575
17,503120	1,243531
17,362250	1,244183
16,851988	1,246140
17,318424	1,247118
17,478076	1,250053
17,183815	1,251683
17,393554	1,252662
17,352858	1,252988
17,750424	1,255596
17,568859	1,256249
17,665902	1,257553
17,888164	1,259183
18,141729	1,261140
17,330945	1,263096
17,318424	1,264401
17,587641	1,267009
17,719120	1,267988
17,371641	1,267988
17,584511	1,269618
17,859990	1,272227
17,891294	1,273531
17,803642	1,274836
17,431119	1,275162
17,966425	1,278423
18,611296	1,279401
18,714600	1,281357
18,558078	1,280705
17,089901	1,284292
18,323295	1,283640
18,176164	1,286249
17,885033	1,287553
18,119816	1,287553
17,578250	1,291140
18,498600	1,293423
18,461034	1,292444
17,897555	1,294401
18,655122	1,296031
18,786600	1,296683
18,636339	1,300923
18,680165	1,300270
17,665902	1,303531
18,586252	1,302879
18,216860	1,305162
18,476687	1,306792
19,008862	1,307770
19,052688	1,310053
18,533035	1,312988
18,698948	1,312336
18,814774	1,313314
18,783470	1,316575
18,883644	1,317553
19,068340	1,319510
19,193558	1,320488
19,168514	1,320488
18,914948	1,321792
19,168514	1,324727
19,240514	1,325053
19,168514	1,327662
19,127818	1,329944
19,159123	1,330923
19,281210	1,333205
19,497210	1,334836
19,428341	1,334510
19,152862	1,335814
19,328167	1,337444
19,309384	1,339727
19,581732	1,339401
19,484689	1,341357
19,487819	1,343966
19,772689	1,343640
19,769559	1,345597
19,788341	1,347227
19,644341	1,349184
19,675645	1,351792
19,857211	1,352444
19,785211	1,353423
19,584863	1,354401
20,254777	1,356031
19,807124	1,357662
20,029385	1,359618
19,922950	1,360597
20,286081	1,360923
20,298603	1,363857
19,994950	1,366140
20,395647	1,367771
20,451995	1,368749
19,985559	1,369401
20,743126	1,372336
20,301734	1,373314
20,611647	1,373966
20,830778	1,375597
20,833909	1,378205
20,564691	1,378205
20,868343	1,380488
20,924691	1,381792
21,103126	1,383423
21,062431	1,385053
20,718082	1,386358
20,730604	1,387336
20,743126	1,388966
21,428692	1,390271
21,190779	1,391249
20,815126	1,393531
21,838780	1,393858
21,535127	1,395814
21,469388	1,398097
21,594606	1,398097
21,697910	1,400053
21,619649	1,401358
21,907650	1,402988
21,776171	1,404618
21,387997	1,405597
22,026606	1,407553
21,625910	1,411140
21,951476	1,411140
22,154955	1,412771
22,480520	1,412445
22,777912	1,415379
22,305216	1,417662
22,201911	1,419292
22,314607	1,417988
22,349042	1,420923
22,533738	1,421901
22,693390	1,424184
22,746608	1,425162
22,251998	1,427445
22,727825	1,428749
22,774782	1,430053
22,784173	1,431684
21,801215	1,432336
22,871826	1,435271
23,469740	1,435923
22,505564	1,438205
22,790434	1,438532
22,812347	1,440162
22,699651	1,442119
22,599477	1,441792
23,332000	1,443423
23,363305	1,445053
23,416522	1,447010
23,278783	1,447988
23,360174	1,448966
23,306957	1,451575
23,159826	1,453858
23,563653	1,454510
23,651305	1,456466
23,845393	1,456140
23,701392	1,458423
23,713914	1,460053
23,973741	1,462662
23,757740	1,463966
23,657566	1,464945
23,967480	1,466901
24,055132	1,467879
24,042610	1,470162
24,102089	1,470162
24,192872	1,473097
24,111480	1,472771
24,484003	1,475379
24,562264	1,475706
24,512176	1,477662
24,828351	1,477988
24,903482	1,480923
24,484003	1,482227
24,371307	1,483532
24,962960	1,484184
24,834612	1,486466
24,925395	1,487119
25,188352	1,489075
25,016177	1,491358
25,542091	1,492988
25,235308	1,494619
25,394961	1,494945
25,532700	1,496575
25,460700	1,498532
25,664179	1,500814
25,554613	1,501793
25,811309	1,502445
25,354265	1,504401
26,165049	1,505053
26,014788	1,507336
25,222787	1,508640
26,305919	1,511575
26,368528	1,512227
26,243310	1,512553
25,852005	1,515162
25,983484	1,515814
25,823831	1,518423
25,961571	1,519401
26,334093	1,520053
26,171310	1,521358
25,654787	1,523966
25,952179	1,523966
26,352876	1,527227
26,371658	1,528532
26,960181	1,528858
25,103830	1,531793
25,770614	1,532445
25,282265	1,534401
25,288526	1,536032
25,745570	1,537336
25,229047	1,538314
25,432526	1,540271
25,723657	1,540271
24,941047	1,543206
25,244700	1,542880
24,703133	1,546140
25,313569	1,547119
24,837742	1,547119
24,653046	1,549401
25,053743	1,551358
25,081917	1,552336
24,953569	1,554293
25,285395	1,556249
24,687481	1,557227
24,981743	1,558206
24,978612	1,561793
24,894090	1,561793
24,628003	1,562119
24,778264	1,563097
24,903482	1,566358
24,875308	1,569293
24,562264	1,567662
25,060004	1,570271
25,382439	1,570923
24,806438	1,573858
24,856525	1,574836
24,512176	1,576467
24,311828	1,577771
24,687481	1,578097
24,593568	1,581684
24,994264	1,582662
24,587307	1,583967
24,759481	1,583967
25,103830	1,586901
25,542091	1,589184
24,890960	1,588206
24,937916	1,589836
25,229047	1,593097
24,969221	1,593749
25,044351	1,594401
25,416874	1,597336
25,272874	1,597336
25,069395	1,599293
25,726788	1,600597
25,050612	1,601575
25,160178	1,604184
25,363656	1,606141
25,282265	1,606467
25,329222	1,607771
25,241569	1,609728
25,232178	1,610380
25,805049	1,611684
25,404352	1,613641
25,238439	1,615597
25,132004	1,617554
25,329222	1,616901
25,382439	1,620162
25,338613	1,621141
25,394961	1,622119
25,128873	1,625380
24,953569	1,627010
25,081917	1,627010
24,772003	1,629619
24,962960	1,629945
24,937916	1,632880
25,229047	1,632880
24,505916	1,633858
24,521568	1,637445
24,944177	1,636467
24,624872	1,638097
24,502785	1,639401
24,371307	1,642336
24,180350	1,643315
24,077045	1,644619
24,565394	1,646249
24,377568	1,647880
24,264872	1,648858
24,064523	1,649510
24,437046	1,652119
24,230437	1,652771
24,014436	1,654728
23,992523	1,656358
24,227306	1,658315
24,430785	1,659293
24,155306	1,660271
23,980002	1,663206
24,155306	1,665815
23,958088	1,664836
24,145915	1,666141
23,886088	1,669075
24,070784	1,670054
23,876697	1,672010
23,929914	1,673641
23,876697	1,673315
24,189741	1,675271
23,876697	1,676575
23,904871	1,678532
23,654436	1,680162
24,314959	1,680815
24,302437	1,683423
24,114610	1,683749
24,230437	1,686358
24,083306	1,688315
24,430785	1,688967
23,998784	1,689619
24,180350	1,692554
23,842262	1,693858
24,327480	1,693532
24,111480	1,696141
24,515307	1,698097
24,102089	1,698097
24,286785	1,700706
24,330611	1,701684
24,584177	1,702662
24,562264	1,703641
24,502785	1,706902
24,502785	1,707880
24,878438	1,709836
24,602959	1,711141
24,937916	1,712445
24,978612	1,713097
24,565394	1,715054
24,615481	1,716032
24,621742	1,718315
25,000525	1,720271
25,003656	1,719619
24,602959	1,722228
24,408872	1,722880
24,556003	1,725163
24,847134	1,725815
24,640525	1,728097
24,396350	1,729728
24,781394	1,729728
24,903482	1,731358
24,809568	1,734293
24,759481	1,735271
24,865916	1,736902
24,286785	1,738532
24,690612	1,740163
24,452698	1,740815
24,515307	1,743097
24,696872	1,744402
24,703133	1,744402
25,263482	1,748967
24,787655	1,749619
24,674959	1,748315
24,653046	1,751250
24,662438	1,753206
24,797047	1,752880
24,981743	1,754836
24,784525	1,758097
24,703133	1,757771
25,006786	1,760054
25,470091	1,762337
24,931656	1,762663
25,160178	1,763641
25,047482	1,766902
25,153917	1,767228
25,326091	1,768858
25,338613	1,772119
24,972351	1,774076
25,329222	1,773097
25,629744	1,775706
25,363656	1,775706
25,470091	1,777663
25,492004	1,780923
25,992875	1,781576
25,507657	1,781902
25,673570	1,785489
25,589048	1,785489
25,689222	1,787445
25,495135	1,789076
25,786266	1,790706
25,814440	1,790380
25,557744	1,793315
25,545222	1,794293
26,017918	1,795271
26,168180	1,796902
25,980353	1,797554
26,262093	1,798206
25,329222	1,802119
25,980353	1,802119
26,471832	1,803750
25,933397	1,805380
25,103830	1,806032
25,883310	1,808967
26,183832	1,811250
25,667309	1,812228
25,407483	1,813206
25,855136	1,813858
25,636005	1,814511
25,019308	1,817771
24,368176	1,818424
24,102089	1,820380
25,823831	1,822011
24,327480	1,822663
24,499655	1,825597
25,416874	1,827880
24,944177	1,828206
23,970610	1,829511
23,757740	1,829511
23,128522	1,830815
23,181739	1,834076
22,865565	1,835054
22,834260	1,836032
22,330259	1,838315
22,211302	1,838641
22,139302	1,841576
21,938954	1,842880
21,378605	1,842554
21,369214	1,845163
21,046779	1,847119
21,018605	1,847771
20,539647	1,849402
20,326777	1,851685
20,364342	1,851685
20,026255	1,852989
19,850950	1,854293
19,578602	1,855598
19,616167	1,859837
18,990079	1,858858
19,083992	1,861141
18,814774	1,863424
18,545556	1,863424
18,501730	1,866032
18,251295	1,868315
17,916338	1,868315
17,794251	1,870598
17,813033	1,872228
17,409206	1,872228
17,816164	1,874837
17,496859	1,876467
16,980336	1,877119
16,682944	1,878098
17,099293	1,880054
17,211989	1,882011
16,554596	1,883967
16,779988	1,883315
16,695466	1,887554
16,382422	1,887880
16,094421	1,888532
16,113204	1,891793
15,915986	1,891467
16,138247	1,892445
15,840855	1,895380
15,637377	1,896032
15,559116	1,897989
15,271115	1,899293
15,365028	1,900272
15,095811	1,901576
15,017550	1,902880
15,239811	1,903532
14,817201	1,906141
14,510418	1,908424
14,735810	1,909076
14,851636	1,911359
14,454070	1,912663
14,638766	1,912989
14,407114	1,914619
14,388331	1,916902
14,316331	1,917880
14,125374	1,918206
14,090939	1,921793
13,934417	1,921467
13,934417	1,923424
13,965721	1,925706
13,846765	1,927337
13,712156	1,927663
13,536851	1,929946
13,574416	1,931250
13,696504	1,932228
13,746591	1,935163
14,125374	1,934837
13,452329	1,937446
13,117372	1,939076
13,258242	1,939728
13,286416	1,941685
12,910763	1,942663
12,863806	1,944946
12,707284	1,945598
12,719806	1,948206
12,441197	1,949511
12,798067	1,949511
11,883978	1,950815
11,971631	1,952446
12,434936	1,953750
12,397371	1,956685
12,369197	1,957337
12,181370	1,958967
12,143805	1,961576
12,290936	1,961902
12,165718	1,962554
12,218936	1,964511
11,646065	1,966793
11,730587	1,967772
12,027979	1,968750
11,730587	1,971033
11,680500	1,971033
11,909022	1,973967
11,846413	1,974946
11,486412	1,976250
11,786935	1,977880
11,530239	1,978533
11,561543	1,980815
11,273542	1,982772
11,733717	1,983750
11,455108	1,985054
11,790065	1,986033
12,985893	1,989620
10,562932	1,988967
10,991803	1,991576
11,016846	1,992228
11,220325	1,993533
11,367456	1,994185
11,342412	1,997446
11,201542	1,997772
10,951107	1,998750
11,192151	2,000707
11,423804	2,002989
11,392499	2,003967
11,029368	2,005598
11,286064	2,007554
11,073194	2,009837
10,456497	2,010489
10,888498	2,010815
11,254760	2,013098
11,239108	2,013750
10,897889	2,015707
10,850933	2,016359
11,179629	2,018641
10,885368	2,020924
11,063803	2,021902
11,411282	2,022228
11,445717	2,024511
11,185890	2,027120
10,897889	2,027446
10,656846	2,029728
10,957368	2,031033
11,063803	2,031685
10,819628	2,033315
11,073194	2,035272
10,935455	2,036576
10,469019	2,037881
11,126412	2,039185
10,735107	2,042446
10,644324	2,041794
10,794585	2,043424
11,098238	2,046359
10,631802	2,046033
10,168497	2,049294
11,126412	2,049946
10,803976	2,050924
10,656846	2,053207
10,982411	2,053533
10,803976	2,056794
11,160847	2,056794
10,860324	2,058098
10,769541	2,060054
10,581715	2,061359
10,841542	2,061685
10,841542	2,064620
10,287454	2,066576
10,822759	2,066250
11,104499	2,068207
10,566063	2,071141
10,331280	2,071794
10,741367	2,074076
11,073194	2,073424
10,694411	2,076033
10,415802	2,078641
10,788324	2,079294
10,697541	2,079294
10,966759	2,080924
10,835281	2,084511
10,456497	2,082881
10,710063	2,085163
10,772672	2,088750
11,342412	2,088750
10,963629	2,091033
10,628672	2,091033
10,362584	2,093968
10,772672	2,093968
11,142064	2,097881
10,653715	2,096902
10,393889	2,098859
11,035629	2,099837
10,669367	2,102772
10,913542	2,104402
11,060672	2,103750
11,273542	2,105381
10,669367	2,107337
10,850933	2,108315
10,966759	2,110598
11,157716	2,111902
10,885368	2,114185
10,929194	2,115489
11,104499	2,116468
11,010585	2,119402
10,750759	2,120055
11,104499	2,120381
11,173368	2,121359
10,775802	2,124294
10,832150	2,125272
11,129542	2,126902
11,066933	2,129185
10,944846	2,130489
11,185890	2,130815
11,185890	2,132446
10,932324	2,133750
11,170238	2,134076
11,336151	2,137337
11,261021	2,137989
11,379977	2,139620
10,544150	2,139946
11,189020	2,142555
11,132673	2,143859
11,827630	2,146142
10,803976	2,148750
10,941716	2,148098
11,251629	2,151685
11,320499	2,151359
10,472150	2,153968
12,065544	2,154946
11,367456	2,154620
11,157716	2,156576
11,154586	2,159511
11,113890	2,160163
11,492673	2,161794
11,918413	2,162446
10,797715	2,165707
11,154586	2,166359
11,430064	2,168316
11,577195	2,169294
10,656846	2,169946
11,567804	2,171576
11,883978	2,174185
11,708674	2,176794
11,883978	2,177446
11,586586	2,177446
10,935455	2,178424
11,686761	2,181033
11,755630	2,182011
11,502065	2,184294
11,602239	2,184620
11,746239	2,185598
11,411282	2,187229
11,129542	2,189837
11,423804	2,191794
12,159457	2,192446
11,796326	2,193750
11,924674	2,194076
11,752500	2,196359
11,843283	2,199294
11,899631	2,200272
12,024848	2,200924
11,805717	2,201903
11,840152	2,204511
12,215805	2,206142
12,181370	2,207120
11,680500	2,207772
11,458238	2,210055
11,736848	2,211359
12,156327	2,211685
12,171979	2,215272
12,043631	2,217229
12,381718	2,216577
12,121892	2,217881
11,868326	2,220490
12,297197	2,222446
12,319110	2,223750
12,143805	2,224729
12,366066	2,225381
12,431805	2,226685
12,062413	2,227990
12,697893	2,230924
12,334762	2,232229
12,428675	2,233533
12,463110	2,233859
11,727456	2,235163
12,218936	2,238750
12,766763	2,240381
12,222066	2,241033
12,475632	2,241359
12,300327	2,242664
12,447458	2,245272
12,175109	2,246577
12,331631	2,246903
12,707284	2,249837
12,841893	2,249185
12,920154	2,251468
12,591458	2,252120
13,061024	2,255707
12,960850	2,257337
13,098589	2,257337
13,142416	2,259946
12,438066	2,262229
12,463110	2,263533
12,744850	2,263533
13,205024	2,264837
12,807458	2,266468
13,183111	2,267446
13,111111	2,269729
12,926415	2,272011
13,349025	2,273642
13,230068	2,274294
13,117372	2,274946
12,982763	2,275598
13,746591	2,278859
13,577547	2,280164
13,411633	2,282120
13,236329	2,282446
13,427286	2,284729
13,305198	2,284729
13,295807	2,287664
13,683982	2,289294
14,084678	2,290272
13,486764	2,292555
13,333372	2,292555
14,153548	2,294511
13,777895	2,294838
13,715286	2,297120
13,915634	2,298424
13,903113	2,299077
13,530590	2,301359
14,353896	2,302664
13,505547	2,305272
13,884330	2,305925
14,097200	2,308207
14,115983	2,308533
14,726419	2,309838
14,147287	2,311468
14,450940	2,313098
14,663810	2,314403
14,491636	2,316359
13,906243	2,318316
14,219287	2,319946
14,435288	2,321903
14,541723	2,322881
14,216157	2,323533
15,036332	2,325816
14,184852	2,326142
14,357027	2,329077
14,698245	2,328751
14,735810	2,331033
14,541723	2,331685
14,892332	2,334294
14,685723	2,334294
14,657549	2,335598
14,948680	2,338207
15,017550	2,339185
15,255463	2,342120
15,098941	2,342772
15,843986	2,344403
15,790768	2,347012
15,505898	2,346685
15,014419	2,348642
15,615464	2,350272
15,487116	2,352229
15,587290	2,353207
15,681203	2,352881
16,526422	2,355816
15,512159	2,358099
15,843986	2,357772
15,537203	2,360055
15,452681	2,361033
16,250943	2,362664
16,473205	2,365272
15,931638	2,366251
16,316682	2,367229
16,523292	2,369512
16,548335	2,371142
16,507639	2,372120
16,113204	2,374729
16,720509	2,374403
15,174072	2,376359
17,684685	2,378316
17,791120	2,379294
17,252684	2,381251
16,601553	2,382881
16,629727	2,384838
17,096162	2,386142
17,587641	2,385164
17,384163	2,387120
17,271467	2,388751
16,955292	2,391359
17,017901	2,392012
16,682944	2,393316
17,171293	2,394294
17,402945	2,395925
17,928860	2,397229
18,144860	2,399186
17,565728	2,400816
17,816164	2,402120
17,897555	2,403099
17,841207	2,405707
18,367121	2,406359
17,953903	2,407664
18,770948	2,409620
18,129208	2,410599
18,417208	2,412229
18,414078	2,414186
18,551817	2,413859
18,708339	2,417120
18,908687	2,419077
18,849209	2,419077
18,839818	2,422012
18,893035	2,421686
18,905557	2,423642
19,202949	2,425925
19,450254	2,426251
19,716341	2,428860
19,375123	2,429838
18,996340	2,431794
19,728863	2,433751
19,625558	2,433099
19,594254	2,435381
19,838428	2,437664
19,227992	2,438968
20,530256	2,440925
20,179646	2,440925
19,860341	2,443533
20,336168	2,445816
20,254777	2,447120
20,765039	2,448751
20,323647	2,450055
20,909039	2,450055
21,002952	2,451360
21,053039	2,454947
20,890256	2,455273
21,391127	2,457881
21,209561	2,457881
21,300344	2,460164
21,027996	2,461468
21,531997	2,461142
21,791823	2,463751
21,838780	2,465381
21,485040	2,466034
22,352172	2,467338
22,158085	2,469620
22,048520	2,469947
22,239476	2,470925
22,217563	2,473207
22,370955	2,476142
22,308346	2,476142
22,549390	2,479077
22,818608	2,480055
23,256870	2,482338
22,968869	2,482990
23,028348	2,483316
23,491653	2,484620
23,178609	2,485925
22,965739	2,488207
23,400870	2,490816
24,346263	2,491142
23,926784	2,492447
23,269391	2,494403
23,732697	2,497012
24,277393	2,496360
24,471481	2,497990
25,009917	2,499947
24,731307	2,501903
24,440176	2,503534
24,556003	2,503860
24,928525	2,505816
24,859655	2,506794
25,369917	2,509403
25,288526	2,510381
25,438787	2,511360
25,770614	2,512990
25,238439	2,513968
26,024179	2,515273
26,146267	2,517229
26,174441	2,518208
26,540702	2,520816
26,374789	2,522773
26,756703	2,523425
26,581398	2,524403
26,941399	2,526034
27,082268	2,528642
27,216877	2,529947
27,401573	2,529947
27,401573	2,531577
27,658269	2,534186
27,770965	2,535490
28,062096	2,536795
28,134096	2,539403
28,074618	2,540381
28,634967	2,541360
28,769576	2,541686
28,735141	2,543316
28,888533	2,545599
28,688184	2,545599
29,257925	2,548534
29,630447	2,550490
29,264186	2,551795
27,711487	2,553099
28,450271	2,553425
31,815495	2,555382
30,901406	2,558316
30,422449	2,558642
30,434970	2,560599
29,837056	2,561577
30,901406	2,563208
30,917058	2,563860
30,832536	2,565164
31,483668	2,566142
31,145581	2,568099
31,489929	2,570382
31,439842	2,571034
31,693408	2,572990
32,015843	2,575925
32,053408	2,577555
31,997060	2,576577
32,391496	2,577882
32,347670	2,580490
32,469757	2,582121
32,976888	2,583751
32,936193	2,585055
33,346280	2,585708
33,289932	2,587012
33,236715	2,588316
33,793933	2,591903
34,150804	2,592882
34,175847	2,593860
34,623500	2,594186
34,276021	2,595490
34,492022	2,599077
34,761240	2,600056
35,196371	2,602012
35,199501	2,602990
35,105588	2,602338
35,014805	2,605273
35,662807	2,607882
35,841242	2,608860
35,988372	2,608860
36,154286	2,611142
35,838111	2,613099
36,504895	2,613751
36,633243	2,616360
36,749070	2,616686
36,533069	2,617338
36,332721	2,619621
37,024548	2,620925
37,209244	2,622556
37,760202	2,623860
37,948028	2,624512
37,941767	2,626795
38,261072	2,628751
38,383160	2,628099
37,847854	2,631034
38,286116	2,632664
38,918465	2,633643
39,212726	2,635273
38,887161	2,636577
38,376899	2,638860
38,680551	2,641143
39,040552	2,642121
38,624204	2,643425
39,153248	2,644403
39,078117	2,645056
39,594640	2,647012
38,805769	2,649621
39,193944	2,650599
39,995337	2,652230
39,441249	2,652556
39,757423	2,654838
39,538292	2,656795
39,553944	2,658425
39,629075	2,658751
39,666640	2,660056
39,682293	2,662664
39,582118	2,662990
39,672901	2,663643
39,813771	2,666577
40,220728	2,668534
39,845075	2,669186
39,810641	2,670164
40,133076	2,671469
40,220728	2,673425
40,186293	2,676034
40,608903	2,676686
40,843686	2,678317
40,549425	2,679947
41,009599	2,681577
40,981425	2,681577
41,269426	2,684186
41,209948	2,686143
41,807862	2,685490
41,325774	2,687121
41,954993	2,689730
41,670122	2,690056
42,590472	2,691686
42,383863	2,694621
42,355689	2,694621
42,302471	2,695925
43,044386	2,699186
43,078821	2,700817
42,994299	2,700490
43,385604	2,702447
43,601604	2,705056
43,488909	2,704404
44,136910	2,708317
44,309084	2,709295
44,086823	2,709295
44,327867	2,710925
44,928911	2,713208
45,520565	2,714838
45,389086	2,716795
45,514304	2,718425
45,257608	2,718425
45,805435	2,719730
45,786652	2,722338
46,115348	2,723969
46,503523	2,724295
46,212392	2,727556
47,342481	2,726904
47,123350	2,729186
47,311177	2,730817
47,329959	2,733099
47,696221	2,733425
47,874656	2,735382
47,489612	2,735708
48,153265	2,738643
48,773093	2,740273
48,103178	2,740925
48,657266	2,742556
48,888919	2,743208
49,023528	2,746143
49,308398	2,745491
48,939006	2,748751
48,982832	2,748751
49,508746	2,750708
49,474311	2,751360
49,918834	2,754621
50,034660	2,755273
49,862486	2,757556
48,973441	2,759186
49,846834	2,760817
50,488574	2,761143
49,371007	2,761795
50,432226	2,764078
50,579357	2,765382
50,854836	2,766686
50,322661	2,767665
51,183532	2,769621
51,221097	2,770925
50,779705	2,772882
51,408924	2,773860
51,023879	2,776469
51,336924	2,776795
51,800229	2,779404
51,956751	2,781034
52,016229	2,782012
52,445100	2,782991
52,980405	2,785599
52,980405	2,785925
52,545274	2,787230
52,892753	2,789186
53,772407	2,789186
53,293449	2,791469
54,044755	2,793425
53,853798	2,795708
54,051016	2,795382
54,154320	2,798317
54,304581	2,799621
54,432930	2,801252
54,545625	2,801904
55,256235	2,803860
54,968235	2,804186
55,193627	2,807121
55,566149	2,807121
54,889974	2,809078
55,440931	2,810382
55,678845	2,812665
55,647541	2,813317
55,591193	2,815273
55,813454	2,816904
55,919889	2,817882
56,304933	2,819186
55,512932	2,820491
55,494149	2,822121
56,286150	2,824404
56,142150	2,826360
55,725802	2,826360
55,728932	2,829621
55,735193	2,829947
55,613106	2,831578
55,559888	2,832230
55,234322	2,834512
54,567538	2,834512
54,658321	2,837447
54,448582	2,838099
53,957103	2,840056
53,722319	2,840056
53,531363	2,843317
52,864579	2,843969
52,545274	2,845599
52,135186	2,846252
51,991186	2,847230
51,449619	2,849513
50,710835	2,851143
50,175530	2,851795
49,414833	2,855382
49,220746	2,855708
49,023528	2,857339
47,993613	2,858317
47,768221	2,860926
47,364394	2,862556
46,891698	2,863208
46,450306	2,865165
45,864913	2,864839
45,414130	2,868752
45,270129	2,868099
44,568911	2,871360
44,280910	2,872665
44,005431	2,874621
44,481258	2,876578
43,416908	2,876252
43,266647	2,878534
42,458994	2,879513
42,549776	2,880817
42,308732	2,882121
41,641948	2,883426
41,360209	2,884404
41,450992	2,886360
41,241252	2,888643
41,059686	2,887991
40,464903	2,890273
40,658990	2,892230
39,863858	2,894839
40,042293	2,894187
39,876380	2,896469
39,663510	2,898426
39,460031	2,898752
39,328553	2,902339
38,758812	2,901687
38,918465	2,904947
38,633595	2,904621
38,796378	2,906578
39,190813	2,908208
38,351855	2,910165
38,198464	2,911469
38,079507	2,913100
38,051333	2,914078
37,725767	2,914730
37,619332	2,917013
37,525419	2,917665
37,440897	2,918969
37,162288	2,922556
37,365766	2,922230
37,215505	2,924513
37,525419	2,925491
37,215505	2,927774
36,611330	2,928100
36,655156	2,929730
36,548721	2,932339
36,407851	2,932665
36,141764	2,935274
35,950807	2,935926
35,312197	2,938534
35,922633	2,939187
35,384197	2,940817
35,506285	2,941795
35,431154	2,943100
34,911501	2,944730
34,698631	2,947013
34,579674	2,947991
34,607848	2,948969
33,725064	2,951252
33,869064	2,952230
33,571672	2,953208
33,321237	2,955165
33,684368	2,957121
33,061410	2,957774
32,867323	2,960382
32,444713	2,961034
31,993930	2,961687
31,990800	2,963969
31,812364	2,965600
31,649581	2,967882
31,756016	2,968861
31,790451	2,970491
31,142450	2,971143
30,826276	2,972121
31,245755	2,973426
31,158102	2,976034
31,054798	2,976361
30,979667	2,977991
30,672884	2,978969
30,250274	2,981252
30,801232	2,983208
30,087492	2,983861
29,871491	2,986143
30,012361	2,986143
29,899665	2,988752
30,012361	2,991361
29,661752	2,991361
29,699317	2,992339
29,915317	2,995926
29,661752	2,995926
30,472536	2,996578
29,974796	2,997556
29,511490	3,001469
29,808882	3,001469
29,530273	3,002448
30,065578	3,004404
29,655491	3,005382
29,893404	3,006687
29,711839	3,009948
29,555317	3,011578
30,128187	3,011578
29,877752	3,013208
29,805752	3,016143
29,655491	3,016795
29,549056	3,017448
29,965404	3,019078
29,974796	3,020708
29,746273	3,021035
30,350449	3,022665
29,884013	3,025274
29,993578	3,025274
30,018622	3,027882
29,993578	3,028535
29,880882	3,029513
30,356709	3,033100
30,231492	3,032448
30,409927	3,035382
30,431840	3,037013
30,798102	3,037339
30,506971	3,038643
30,829406	3,040926
30,766797	3,043535
31,029754	3,044839
31,067319	3,043861
30,751145	3,047448
31,414798	3,049404
31,383494	3,050382
31,142450	3,051035
31,421059	3,052991
31,173754	3,054622
31,345929	3,054948
31,777930	3,057230
31,314624	3,058209
31,643321	3,060165
31,809234	3,061796
32,219322	3,063100
31,784190	3,064404
31,774799	3,066361
31,821756	3,067339
32,710801	3,069948
32,666975	3,070926
32,090974	3,072556
32,316365	3,074839
32,748366	3,073535
32,917410	3,076796
33,180367	3,076796
32,923671	3,077448
32,375844	3,080709
33,202280	3,081361
33,640542	3,083643
33,696890	3,083643
34,028716	3,085600
33,518455	3,088535
33,734455	3,089187
34,072543	3,091143
33,734455	3,091469
33,612368	3,093100
33,844020	3,094404
33,690629	3,095709
34,332369	3,098317
34,219673	3,099622
34,144543	3,101578
34,513935	3,101252
34,326108	3,103535
34,676718	3,104839
34,657935	3,107122
34,654805	3,109404
34,905240	3,109730
34,795674	3,110709
35,171327	3,111361
35,118110	3,112665
34,977240	3,116578
35,114979	3,117230
35,581415	3,118861
34,629761	3,120491
34,833240	3,120491
35,415502	3,122448
35,052371	3,123426
35,255849	3,125709
35,525067	3,126361
35,196371	3,127339
35,033588	3,130274
34,507674	3,131252
34,773761	3,131252
34,729935	3,134513
35,046110	3,134839
34,429413	3,137448
33,377585	3,138752
33,624890	3,140383
33,552889	3,141361
33,296193	3,142013
33,083323	3,143644
33,180367	3,145926
32,134800	3,147230
31,605755	3,148535
31,558799	3,149513
31,361581	3,151796
30,741754	3,153426
30,193927	3,155057
29,696186	3,156687
29,164011	3,157339
29,123316	3,157339
28,459662	3,159948
28,249923	3,161252
27,420356	3,162883
27,733400	3,164513
26,593920	3,166796
26,296528	3,167448
25,754961	3,169731
25,852005	3,171035
24,631133	3,172013
24,581046	3,172991
24,280524	3,175926
23,857914	3,176578
22,987652	3,178535
22,796695	3,179839
22,424172	3,180491
22,142433	3,182448
22,020346	3,184078
21,209561	3,186035
20,630430	3,185383
20,846430	3,188644
20,577212	3,189948
20,117038	3,191578
19,966776	3,192557
19,494080	3,193209
18,561209	3,194839
18,745905	3,197122
19,365732	3,197448
18,642600	3,200709
18,198077	3,201361
17,781729	3,201361
17,590772	3,203318
17,199467	3,205274
17,074249	3,207231
16,758075	3,208209
16,620335	3,209839
16,385552	3,210818
16,661031	3,213426
16,056856	3,214405
15,831464	3,216361
16,091291	3,217339
15,574768	3,218970
15,246072	3,220274
14,792158	3,221578
14,670071	3,223209
14,563636	3,225491
14,723288	3,226470
14,526070	3,226796
14,695114	3,229078
14,259983	3,230057
13,658938	3,231361
13,383459	3,232339
13,236329	3,234622
13,226937	3,235600
13,120502	3,238861
13,709025	3,238535
14,025200	3,240818
12,751110	3,241470
12,791806	3,243100
12,550762	3,244078
12,403632	3,245383
12,212675	3,248318
11,993544	3,247992
11,846413	3,249948
12,106240	3,251905
11,417543	3,253861
11,736848	3,254513
11,890239	3,256144
11,555282	3,258752
11,699282	3,260057
11,564673	3,260057
11,282934	3,262665
11,148325	3,263970
10,897889	3,265600
11,110759	3,265926
10,700672	3,266579
10,825889	3,268861
10,634932	3,269513
10,703802	3,273100
9,930583	3,273426
10,187279	3,276361
9,579974	3,277665
10,008844	3,279296
9,601887	3,280274
10,083975	3,280600
10,271801	3,282231
9,971279	3,284187
9,808496	3,285818
9,667626	3,287122
9,163625	3,289079
9,263799	3,290383
9,179278	3,291035
8,931973	3,293318
9,514235	3,294296
9,151104	3,296252
9,003973	3,297557
9,066582	3,297883
8,496841	3,300166
8,759798	3,301796
8,775451	3,302448
8,415450	3,305057
8,543798	3,307339
8,546928	3,307992
8,631450	3,308318
8,399798	3,309948
8,459276	3,311579
8,343450	3,313861
8,528146	3,315818
8,199450	3,316796
8,230754	3,319079
8,096145	3,320057
8,268319	3,320709
8,118058	3,322992
7,911449	3,324296
8,143102	3,325926
7,673535	3,326253
7,805014	3,327557
7,858231	3,330166
7,754927	3,330492
7,823797	3,332448
7,761188	3,334405
7,135100	3,334731
7,657883	3,336361
7,642231	3,338644
7,704840	3,339296
7,135100	3,342557
7,232143	3,343209
7,351100	3,343535
7,163274	3,346144
7,110056	3,347122
7,047447	3,347774
7,044317	3,348753
7,576492	3,351361
6,987969	3,353318
6,941012	3,353644
7,013012	3,354622
7,019273	3,356579
7,028665	3,358209
6,809534	3,361144
7,094404	3,360818
7,078752	3,362122
6,784490	3,363753
6,812664	3,366687
6,840838	3,367992
6,618577	3,367992
6,753186	3,369622
6,443272	3,372557
6,221011	3,372231
7,009882	3,374840
6,818925	3,375492
6,549707	3,377774
6,678055	3,379405
6,465185	3,380057
6,505881	3,382666
6,365011	3,383318
6,465185	3,383970
6,161533	3,387231
6,499620	3,388209
5,983097	3,388861
6,509012	3,389840
6,421359	3,393427
6,142750	3,392448
6,474577	3,395057
6,211620	3,396687
5,998750	3,397666
6,230402	3,398970
5,886054	3,401579
5,970576	3,402557
5,848489	3,402557
6,318055	3,405166
6,487098	3,407122
5,723271	3,407448
5,898576	3,409731
6,837708	3,411361
6,565359	3,413318
6,036315	3,412992
6,020663	3,414296
5,610575	3,416905
5,763967	3,418209
5,701358	3,420492
6,145880	3,422122
5,882923	3,423101
5,698227	3,423753
6,023793	3,426035
6,086402	3,428970
6,139619	3,428644
5,814054	3,430274
5,882923	3,430927
5,695097	3,432557
5,763967	3,433535
5,807793	3,435166
6,001880	3,436796
5,845358	3,439405
5,660662	3,440057
5,585531	3,442014
5,911097	3,443970
5,566749	3,442992
5,889184	3,445275
5,814054	3,447557
5,807793	3,449188
5,726401	3,450492
5,300661	3,452448
5,707619	3,453753
5,557358	3,456035
5,544836	3,457666
5,494749	3,457340
5,554227	3,459296
5,494749	3,459296
5,810923	3,463535
5,303792	3,462557
5,738923	3,464514
5,645010	3,466144
5,535444	3,467122
5,432140	3,469079
5,353879	3,470057
5,341357	3,472992
5,169183	3,474622
5,713880	3,474948
5,795271	3,476905
5,275618	3,477231
5,438401	3,480166
5,416488	3,480166
5,497879	3,481796
5,598053	3,483427
5,598053	3,485383
5,388314	3,487666
5,651271	3,487992
5,619966	3,490927
5,003269	3,490927
6,602925	3,492231
5,244313	3,493862
5,184835	3,495818
5,463444	3,498101
5,347618	3,498101
5,457183	3,500709
5,435270	3,500383
5,059617	3,503318
5,429009	3,503970
5,178574	3,505927
4,990748	3,506579
5,357009	3,508862
5,497879	3,509188
5,419618	3,510818
5,388314	3,512449
5,184835	3,513427
5,529184	3,516362
5,560488	3,516036
5,294400	3,518644
5,485357	3,519296
5,238053	3,521253
5,360140	3,523536
5,382053	3,525818
5,463444	3,527122
5,469705	3,527122
5,369531	3,528753
5,566749	3,531036
5,200487	3,532340
5,403966	3,532340
5,601184	3,534949
5,319444	3,536905
5,209879	3,538209
5,216139	3,539188
5,382053	3,540818
5,310053	3,541470
5,090922	3,544405
5,241183	3,545383
5,303792	3,547340
5,394575	3,547666
5,106574	3,550275
5,654401	3,550275
5,275618	3,551905
5,159792	3,553862
5,385183	3,556470
5,347618	3,557449
5,285009	3,558753
5,341357	3,560383
5,532314	3,561036
5,425879	3,562666
5,022052	3,562992
5,181705	3,565275
4,903095	3,566905
5,463444	3,569188
5,416488	3,569188
5,475966	3,570818
5,313183	3,573753
5,238053	3,573427
5,444662	3,577014
5,447792	3,577014
5,472836	3,578970
5,094052	3,579949
5,344488	3,582557
5,310053	3,582557
5,810923	3,583862
5,219270	3,585492
5,191096	3,586797
5,403966	3,589731
5,466575	3,590710
5,031443	3,591362
5,322574	3,593644
5,397705	3,593970
4,937530	3,595275
5,419618	3,598536
5,259966	3,599188
4,868661	3,600818
5,645010	3,601797
5,801532	3,604079
5,043965	3,605384
5,513531	3,605710
5,623097	3,608318
5,494749	3,609297
5,429009	3,611253
5,432140	3,613862
5,388314	3,613536
4,928139	3,615166
5,219270	3,616470
5,122226	3,617123
5,463444	3,618427
5,607445	3,620384
5,557358	3,621362
5,222400	3,624949
5,137878	3,626253
5,181705	3,625927
5,792141	3,629188
5,723271	3,629514
4,727791	3,630492
4,721530	3,634079
5,460314	3,634405
5,228661	3,635057
5,469705	3,635710
5,585531	3,639949
5,547966	3,640275
5,789010	3,640927
5,469705	3,642231
5,103444	3,644188
5,854749	3,644840
5,297531	3,646797
5,203618	3,649405
5,713880	3,649731
5,482227	3,650384
5,228661	3,653318
5,682575	3,655275
5,363270	3,656253
5,541705	3,656579
5,785880	3,659188
5,585531	3,661471
5,475966	3,661144
5,579271	3,662775
5,569879	3,664079
5,457183	3,666362
5,134748	3,666362
5,594923	3,667992
5,488488	3,669297
5,497879	3,671905
5,726401	3,673862
5,920489	3,674188
5,363270	3,676145
5,244313	3,677449
5,544836	3,679405
5,429009	3,680058
5,691966	3,681036
5,663792	3,682992
5,616836	3,684297
5,497879	3,685927
5,704488	3,686905
5,491618	3,688210
5,297531	3,691471
5,407096	3,693101
5,482227	3,693427
5,566749	3,693101
5,607445	3,696036
5,726401	3,698645
5,444662	3,700275
5,425879	3,700927
5,713880	3,702558
5,184835	3,703536
5,213009	3,704514
5,632488	3,707123
6,180315	3,709405
5,970576	3,711036
5,804662	3,710058
5,450923	3,713645
5,770227	3,712992
6,020663	3,715927
5,513531	3,717232
5,635619	3,719188
5,829706	3,720819
5,823445	3,720819
5,573010	3,721797
5,951793	3,724405
5,529184	3,726362
5,582401	3,727666
6,083272	3,728645
5,482227	3,729623
6,051967	3,731579
5,585531	3,732232
5,898576	3,732884
6,352489	3,734840
5,948663	3,737123
5,807793	3,739079
6,108315	3,740710
5,770227	3,742992
5,795271	3,744297
5,213009	3,744297
5,510401	3,745927
6,005011	3,746906
6,008141	3,748210
6,145880	3,750819
5,958054	3,752449
5,745184	3,753101
5,388314	3,755710
5,829706	3,756362
5,823445	3,758971
6,239794	3,758645
6,195967	3,760927
6,352489	3,762558
5,895445	3,762884
5,776488	3,764514
5,717010	3,766145
6,055098	3,767449
5,873532	3,770058
5,945532	3,771688
5,889184	3,771688
5,945532	3,774949
5,895445	3,774297
6,869012	3,777558
6,161533	3,778536
5,826575	3,780493
6,070750	3,779840
6,230402	3,782775
6,195967	3,783101
5,929880	3,784406
5,936141	3,786036
6,377533	3,787014
6,377533	3,790275
6,123967	3,790275
5,945532	3,793536
6,177185	3,794188
6,302402	3,796797
5,876662	3,798101
6,089532	3,799732
6,102054	3,801036
6,233533	3,801362
6,355620	3,803319
5,510401	3,804297
6,123967	3,805601
6,283620	3,807884
6,296142	3,808862
6,377533	3,810819
6,145880	3,812449
6,690577	3,813101
6,415098	3,814080
6,073880	3,816688
6,361881	3,817340
6,487098	3,819623
5,829706	3,820927
5,986228	3,821580
6,543446	3,823536
6,540316	3,824514
6,449533	3,825819
6,336837	3,826471
6,411968	3,829080
6,474577	3,831362
6,386924	3,831688
6,437011	3,833645
6,549707	3,835601
6,208489	3,836906
6,155272	3,837232
6,678055	3,839514
6,768838	3,839840
6,158402	3,842775
6,487098	3,844406
6,678055	3,844080
6,793882	3,846036
6,665534	3,847667
6,471446	3,848319
7,000491	3,849623
6,606055	3,850601
6,643620	3,852884
6,693708	3,856145
6,903447	3,857449
6,336837	3,859406
6,778229	3,860058
6,581012	3,861688
6,721881	3,861036
6,975447	3,862667
6,587273	3,863971
6,487098	3,867232
7,078752	3,867884
6,784490	3,869841
6,969186	3,872123
6,599794	3,872449
7,344839	3,873101
6,740664	3,876688
6,505881	3,877014
6,862751	3,878319
6,950404	3,879623
6,684316	3,882232
6,549707	3,882558
6,840838	3,884514
6,928491	3,885167
7,160143	3,887123
6,941012	3,889406
7,257187	3,891036
7,557709	3,891688
7,222752	3,892667
7,247796	3,893971
6,887795	3,895275
6,950404	3,896906
7,182056	3,899188
7,341709	3,900493
6,872143	3,901145
6,884664	3,903101
7,466926	3,903754
7,025534	3,905058
7,285361	3,907015
7,059969	3,910275
7,106926	3,909949
7,667275	3,910928
7,059969	3,913862
7,313535	3,915167
7,388665	3,916797
7,003621	3,918428
6,559099	3,919406
7,279100	3,919406
8,083623	3,922341
7,510753	3,923971
7,341709	3,924297
7,338578	3,925602
7,861362	3,928210
7,645362	3,929188
7,272839	3,930493
7,598405	3,931797
7,601535	3,932775
7,385535	3,935710
7,419970	3,936689
7,404318	3,938645
7,160143	3,938971
8,121189	3,939949
7,817536	3,942558
7,610927	3,943536
7,557709	3,946145
7,598405	3,946797
7,598405	3,947775
7,373013	3,949732
7,648492	3,950710
7,535796	3,952667
7,783101	3,953971
7,836318	3,954949
7,779970	3,956580
8,083623	3,958862
7,761188	3,959515
7,263448	3,961797
7,883275	3,962449
8,027275	3,964406
7,435622	3,964406
8,017884	3,967015
7,923971	3,968971
7,639101	3,970928
7,141361	3,970602
7,748666	3,972884
8,102406	3,975167
7,817536	3,977776
7,692318	3,978428
8,130580	3,978754
8,343450	3,979080
8,334058	3,982667
8,265189	3,981689
7,254056	3,984297
8,221363	3,986254
8,299624	3,987884
8,008493	3,988863
7,711101	3,990819
7,701709	3,992123
8,290232	3,992123
7,764318	3,995058
7,986580	3,996036
8,108667	3,997667
7,967797	4,000276
7,751797	3,999949
7,598405	4,002558
8,108667	4,004515
8,296493	4,004841
7,920840	4,004841
7,861362	4,007776
8,027275	4,008754
8,309015	4,011036
7,779970	4,012015
8,709711	4,013319
8,609537	4,015602
7,939623	4,016906
9,260669	4,018210
8,593885	4,019841
8,462407	4,021145
8,337189	4,023428
8,349711	4,025058
8,334058	4,025384
8,174406	4,027015
8,503102	4,028319
7,617188	4,030602
8,086754	4,032232
8,822407	4,033210
9,075973	4,033863
8,152493	4,034841
8,283971	4,037450
7,986580	4,038102
8,427972	4,041037
8,487450	4,040384
8,568842	4,043645
8,224493	4,044623
9,235625	4,044950
9,013364	4,047884
8,490581	4,049841
8,355972	4,049841
8,675277	4,051471
8,618929	4,053754
8,703451	4,054406
8,925712	4,055710
8,712842	4,057015
8,474928	4,059624
8,828668	4,059297
8,731624	4,060928
8,944494	4,062558
9,000842	4,065493
9,126060	4,066471
8,593885	4,068754
8,750407	4,068754
9,097886	4,071037
9,263799	4,071363
9,213712	4,073319
8,781712	4,074950
9,013364	4,076580
8,931973	4,076580
8,975799	4,081145
9,367104	4,080493
9,135451	4,082450
8,941364	4,082776
8,931973	4,084406
9,207451	4,086037
8,690929	4,087993
9,101016	4,090276
9,204321	4,090602
9,608148	4,092558
9,038408	4,094841
9,044669	4,095493
9,091625	4,096798
9,511104	4,099080
9,354582	4,100058
9,216843	4,102015
8,944494	4,102667
8,784842	4,105602
9,454756	4,104624
9,601887	4,108537
9,517365	4,107884
9,050929	4,109841
8,813016	4,111471
9,520496	4,112124
9,742757	4,115384
10,046410	4,115711
10,231106	4,117667
9,996323	4,119298
9,323278	4,119950
9,677018	4,120602
9,648844	4,122558
9,623800	4,124189
9,664496	4,125493
9,435974	4,128102
9,770931	4,129732
9,410930	4,130385
10,005714	4,132667
9,570583	4,133971
9,968149	4,135276
9,943105	4,136254
9,936844	4,136906
9,542409	4,139189
9,745887	4,139189
10,591106	4,142450
10,494063	4,144406
10,115279	4,144406
9,507974	4,147015
10,202932	4,147667
9,639452	4,149624
10,118410	4,150276
10,143453	4,152232
10,155975	4,154189
10,597367	4,154515
10,049540	4,157124
10,293714	4,158428
10,174758	4,158754
10,077714	4,161363
10,378236	4,162993
10,253019	4,162993
10,656846	4,165602
10,390758	4,166254
10,581715	4,169189
10,685020	4,169841
10,506584	4,171798
10,562932	4,173428
10,722585	4,173102
10,469019	4,176363
10,572324	4,176037
10,659976	4,179298
10,425193	4,178972
10,678759	4,181580
11,032498	4,182559
10,728846	4,184189
10,685020	4,186146
10,879107	4,186472
10,519106	4,188754
10,772672	4,189732
10,810237	4,191363
10,891629	4,193646
10,847802	4,194624
10,641193	4,195276
11,010585	4,197559
10,904150	4,198863
11,010585	4,200819
10,850933	4,200493
10,841542	4,203428
10,869716	4,204732
10,985542	4,206037
11,029368	4,207993
11,207803	4,209624
11,098238	4,210928
10,794585	4,211254
11,223455	4,212885
11,311108	4,215819
11,210934	4,215493
11,414412	4,217450
11,060672	4,220059
11,708674	4,221363
11,314238	4,221363
11,214064	4,223319
11,461369	4,224950
11,965370	4,226254
11,520847	4,227233
11,351803	4,230167
11,417543	4,232450
11,683630	4,233102
11,746239	4,234080
11,790065	4,233428
11,899631	4,236689
11,902761	4,239298
11,840152	4,238320
12,018587	4,240928
11,592847	4,242233
11,902761	4,243863
12,209544	4,245493
12,109370	4,247124
12,247109	4,248428
12,131283	4,250059
12,040500	4,251037
11,930935	4,252341
12,366066	4,254624
12,056153	4,254298
12,475632	4,256907
12,150066	4,258211
12,610241	4,260493
12,319110	4,260820
12,403632	4,262450
12,794937	4,263754
12,810589	4,265059
12,431805	4,266363
12,269023	4,269624
12,769893	4,269950
12,794937	4,271254
12,851285	4,274515
12,938937	4,274841
12,907632	4,276146
12,989024	4,277776
12,985893	4,278102
12,838763	4,281363
12,907632	4,281363
12,747980	4,282994
12,963980	4,283646
12,832502	4,286580
13,158068	4,286580
13,543112	4,289841
13,261372	4,290494
12,901372	4,292124
13,035981	4,293102
13,223807	4,294080
13,295807	4,296689
13,402242	4,298646
13,395981	4,298320
13,483634	4,300928
13,627634	4,301581
13,583808	4,302233
13,593199	4,303863
13,342764	4,306146
13,518068	4,307450
13,408503	4,308428
13,709025	4,310385
13,715286	4,312015
13,630764	4,312667
14,103461	4,314950
13,683982	4,316581
13,671460	4,318537
14,234939	4,318863
13,837373	4,320167
14,350766	4,321798
14,109722	4,323428
14,175461	4,325711
14,419635	4,327015
13,993895	4,327994
14,313200	4,328972
14,166070	4,330928
14,169200	4,333537
14,457201	4,334515
14,366418	4,336146
14,670071	4,336472
14,751462	4,337776
14,438418	4,339407
14,594940	4,343320
14,817201	4,342341
14,610592	4,345602
14,516679	4,346907
14,651288	4,348537
15,155289	4,348537
15,208506	4,349515
15,120854	4,350820
14,911115	4,352124
14,939289	4,355059
15,339985	4,356689
15,170941	4,357015
15,174072	4,358972
15,872160	4,360928
15,368159	4,361907
15,471463	4,363863
15,164680	4,365168
15,286767	4,367450
15,703116	4,367124
15,399463	4,369407
15,249202	4,370711
15,371289	4,372994
15,246072	4,374298
16,059986	4,375928
15,975464	4,376255
15,981725	4,378537
15,261724	4,378537
15,565377	4,379515
15,524681	4,380820
15,618594	4,384407
15,928508	4,385059
15,681203	4,387342
15,668681	4,387668
15,797029	4,389950
15,903464	4,391255
15,643638	4,392559
16,078769	4,394189
15,878421	4,394842
15,437029	4,396798
15,678073	4,398755
15,668681	4,400711
15,925377	4,401689
15,831464	4,402668
15,887812	4,405276
15,828334	4,405276
16,106943	4,406907
15,865899	4,409515
16,254074	4,410820
15,959812	4,411472
16,279117	4,412776
16,207117	4,415059
16,294769	4,415059
16,091291	4,418320
16,059986	4,419624
16,294769	4,420276
16,595292	4,420929
16,479465	4,424189
16,338596	4,425168
16,798770	4,426146
16,582770	4,428102
16,438770	4,428429
16,632857	4,431363
16,639118	4,432342
16,341726	4,432994
17,049206	4,433646
16,551466	4,435929
16,877031	4,437233
16,867640	4,439189
17,196336	4,441798
16,970945	4,441146
17,046075	4,442776
17,133728	4,444733
17,136858	4,446363
17,002249	4,447668
17,149380	4,449298
17,146249	4,450276
17,139988	4,452885
17,418598	4,453211
17,831816	4,455494
17,089901	4,457776
17,797381	4,458103
17,597033	4,458429
17,309032	4,460711
17,813033	4,462668
17,797381	4,464298
16,670422	4,465603
17,393554	4,466255
17,822425	4,469516
18,173034	4,470820
18,417208	4,471472
17,938251	4,472450
17,900686	4,475059
17,875642	4,476690
17,509380	4,475711
17,421728	4,478320
17,697207	4,480277
17,772337	4,479950
17,559467	4,484190
17,706598	4,485494
18,104164	4,485168
17,703468	4,487450
17,800511	4,489081
17,759816	4,490385
17,766077	4,491037
17,562598	4,491690
17,690946	4,494950
17,941381	4,494298
17,816164	4,497559
17,997729	4,499516
17,922599	4,499842
17,953903	4,502124
17,568859	4,503103
17,875642	4,505059
17,794251	4,505385
17,935120	4,508320
17,556337	4,509624
17,550076	4,510929
17,709729	4,512233
17,809903	4,513864
18,094773	4,516146
17,916338	4,516472
17,947642	4,518103
17,825555	4,520059
17,803642	4,519081
18,041555	4,521364
18,116686	4,522342
18,091642	4,524298
17,769207	4,525277
17,978947	4,526255
18,072860	4,529190
17,881903	4,531146
17,935120	4,532451
18,044686	4,533103
18,054077	4,534733
18,226251	4,535711
18,194947	4,538320
18,066599	4,541255
18,110425	4,540929
18,558078	4,542559
18,323295	4,543864
18,414078	4,545168
18,576861	4,547777
17,872512	4,547777
18,157382	4,549733
18,204338	4,551690
18,072860	4,552016
18,113556	4,554624
18,101034	4,554951
18,191817	4,556581
18,204338	4,558864
18,307643	4,558538
18,445382	4,562124
18,382773	4,563755
18,270078	4,563429
18,191817	4,565385
18,025903	4,567668
18,248164	4,570277
18,044686	4,570603
17,903816	4,573538
18,069729	4,574190
17,825555	4,574842
17,597033	4,576798
17,593902	4,576798
17,478076	4,578755
17,080510	4,580059
17,355989	4,581690
17,139988	4,583972
17,130597	4,584298
16,742422	4,587233
16,689205	4,587885
16,773727	4,590168
16,529552	4,590494
16,401204	4,592777
16,094421	4,592777
16,244682	4,595059
15,956682	4,595712
15,703116	4,596690
16,053725	4,599625
15,512159	4,600929
15,227289	4,602559
15,167811	4,603864
15,020680	4,605494
14,757723	4,605820
14,707636	4,608755
14,441548	4,609081
14,789027	4,611690
14,629375	4,611038
14,466592	4,613972
14,773375	4,615277
14,407114	4,616581
13,849895	4,617559
13,871808	4,619516
13,912504	4,621146
13,583808	4,623103
13,608851	4,623755
13,048502	4,626364
13,082937	4,626038
13,302068	4,629625
13,834243	4,629625
13,671460	4,631907
13,233198	4,631581
12,387979	4,634842
13,292677	4,635494
13,014067	4,636146
13,007807	4,638755
12,644675	4,640059
12,832502	4,642016
12,979633	4,643646
12,669719	4,644951
12,525719	4,645603
11,902761	4,646255
12,419284	4,648538
12,240849	4,649842
12,231457	4,652125
12,331631	4,652451
12,400501	4,655059
12,253370	4,655712
12,059283	4,657994
12,171979	4,659951
12,084327	4,660277
11,955978	4,661581
11,693021	4,663864
11,749369	4,665168
11,702413	4,666473
11,580326	4,666799
11,436325	4,669407
11,530239	4,670712
11,483282	4,671364
11,239108	4,673646
11,079455	4,675277
11,007455	4,677233
11,126412	4,678864
11,129542	4,680168
10,916672	4,680494
10,850933	4,682777
10,822759	4,683103
10,165366	4,684081
10,227975	4,687016
10,221714	4,688973
10,362584	4,687994
10,256149	4,690277
9,905540	4,692886
9,827279	4,693538
9,971279	4,695820
9,473539	4,697777
9,404669	4,698755
9,370234	4,700060
8,863103	4,702668
9,551800	4,702668
9,204321	4,703646
9,241886	4,705603
9,129190	4,708212
9,003973	4,707886
8,612668	4,709842
8,844320	4,711147
8,737885	4,712451
8,396667	4,715386
8,546928	4,716038
8,349711	4,718320
8,409189	4,718320
8,255797	4,720277
8,324667	4,720929
7,980319	4,723538
7,786231	4,725168
7,839449	4,725168
8,252667	4,726799
7,936493	4,728755
7,686057	4,731364
7,626579	4,732994
7,491970	4,733320
7,463796	4,734299
7,341709	4,736907
7,257187	4,738212
7,347970	4,738212
7,441883	4,740168
7,388665	4,742451
7,094404	4,744407
7,191448	4,745712
6,966056	4,746364
6,756316	4,747016
7,072491	4,749625
6,831447	4,750603
6,831447	4,751581
6,618577	4,753864
6,825186	4,754842
6,850230	4,756799
6,712490	4,757777
6,643620	4,759407
6,987969	4,760386
6,521533	4,761364
6,396316	4,763647
6,509012	4,765277
6,524664	4,766581
6,565359	4,767886
6,449533	4,769190
6,255446	4,770494
6,587273	4,772777
6,496490	4,775712
5,914228	4,775712
6,092663	4,777668
5,983097	4,778321
6,230402	4,780603
5,679445	4,779951
6,214750	4,783212
5,770227	4,783538
6,127098	4,786147
5,676314	4,787451
5,904836	4,789408
6,086402	4,791038
5,588662	4,791364
5,569879	4,792994
5,829706	4,794951
5,770227	4,795929
5,704488	4,795929
5,876662	4,799190
5,366401	4,799516
5,983097	4,802777
5,742054	4,803755
5,770227	4,806038
5,532314	4,806364
5,341357	4,808321
5,378922	4,808321
5,494749	4,810603
5,363270	4,812234
5,569879	4,812886
5,635619	4,814842
5,429009	4,816147
5,084661	4,817777
5,425879	4,819081
5,469705	4,819408
5,732662	4,821364
5,075270	4,822668
5,670053	4,824299
5,322574	4,825603
5,278748	4,827886
4,968835	4,828864
5,347618	4,830168
5,084661	4,832777
5,278748	4,833755
5,213009	4,833755
5,335096	4,836038
5,187966	4,837342
5,028313	4,838973
4,990748	4,840277
5,200487	4,841908
5,094052	4,843538
4,993878	4,845169
5,175444	4,846147
4,975096	4,848103
5,040835	4,848755
4,831095	4,852342
4,937530	4,852669
5,491618	4,854625
4,427268	4,856908
4,683965	4,856908
4,934400	4,859190
5,043965	4,859842
5,037704	4,860821
5,050226	4,862125
5,009530	4,865060
5,069009	4,867342
4,846747	4,868321
4,677704	4,868647
4,843617	4,871256
5,006400	4,871582
4,712139	4,872886
4,765356	4,874190
4,968835	4,875495
4,849878	4,876473
5,043965	4,878429
4,724660	4,881038
5,150400	4,881690
4,248833	4,882016
4,799791	4,884625
4,856139	4,887886
4,568138	4,887886
4,968835	4,890169
4,571269	4,890495
4,787269	4,891147
4,812313	4,893429
4,474225	4,895060
4,421008	4,897016
4,921878	4,896690
4,777878	4,899951
4,602573	4,899625
4,608834	4,902234
4,539964	4,902886
4,474225	4,903864
4,605704	4,906147
4,580660	4,907777
4,718399	4,909734
4,771617	4,912016
4,455442	4,912343
4,846747	4,913973
3,970224	4,915277
4,233181	4,917234
5,012661	4,918864
4,946922	4,919843
4,386573	4,920495
4,571269	4,921799
4,543095	4,922777
4,392834	4,925712
4,781008	4,927343
4,655791	4,928647
4,486747	4,928973
4,668312	4,930277
4,179964	4,932234
4,618225	4,934190
4,771617	4,935821
4,646399	4,936799
4,442921	4,938103
4,327094	4,940060
4,226920	4,942669
4,618225	4,943647
4,502399	4,943647
4,621356	4,946256
4,934400	4,946582
4,151790	4,949517
4,399094	4,950495
4,045355	4,951799
4,593182	4,953430
4,195616	4,955712
4,195616	4,955712
4,643269	4,957343
4,662051	4,957995
4,342746	4,958973
4,586921	4,962234
4,186224	4,963538
4,561877	4,964517
4,806052	4,965821
4,345877	4,968104
4,549356	4,970386
4,173703	4,969082
4,527442	4,972669
3,948311	4,974625
3,948311	4,973321
4,759095	4,975604
4,693356	4,977234
4,280138	4,978864
4,665182	4,980495
4,061007	4,982125
4,311442	4,985060
4,568138	4,985060
4,521182	4,985712
4,305181	4,988647
4,345877	4,989625
4,114224	4,989951
4,627617	4,992560
4,305181	4,993212
4,311442	4,994843
4,352138	4,995495
4,527442	4,998756
4,295790	5,000712
4,590051	5,001038
4,436660	5,003321
4,345877	5,004625
4,261355	5,004951
4,336486	5,006582
4,439790	5,007886
4,201877	5,009517
4,264485	5,011799
4,718399	5,013430
4,411616	5,013104
4,533703	5,016364
4,646399	5,017669
4,142398	5,018321
4,305181	5,020604
4,352138	5,022234
4,280138	5,022560
4,292659	5,024843
4,430399	5,026473
4,358399	5,027778
3,982746	5,028430
4,173703	5,029734
4,289529	5,032343
4,455442	5,034299
4,580660	5,034299
4,195616	5,036582
4,251964	5,036908
4,242572	5,040169
4,345877	5,040495
4,123616	5,042125
4,217529	5,043430
4,323964	5,044408
4,583790	5,045712
4,082920	5,047017
4,424138	5,049299
4,095442	5,050278
4,305181	5,052886
4,302051	5,054191
4,154920	5,053865
4,442921	5,056799
4,493008	5,058104
4,217529	5,059408
4,292659	5,060060
4,151790	5,063321
4,170572	5,062669
4,179964	5,065278
4,251964	5,065930
3,929528	5,068865
4,330225	5,069517
4,402225	5,071147
4,267616	5,072452
4,145529	5,074408
4,355268	5,075386
4,452312	5,076039
4,258225	5,078321
4,467964	5,078647
4,042224	5,081582
3,691615	5,082234
4,258225	5,084517
4,571269	5,085821
4,164311	5,087452
4,230051	5,087778
4,643269	5,090386
4,208138	5,091365
4,446051	5,092995
4,258225	5,094626
4,164311	5,095930
