-2,294064	0,987226
-2,411456	0,985270
-2,212543	0,986248
-1,987542	0,987878
-2,297325	0,986900
-2,059281	0,988205
-2,202760	0,990813
-2,267977	0,991792
-2,088629	0,994400
-2,003847	0,994400
-2,274499	0,995052
-2,192977	0,996357
-2,421239	0,999944
-2,199499	1,000270
-2,176673	1,001574
-2,512543	1,003205
-2,209282	1,004183
-2,065803	1,006465
-1,873411	1,006139
-2,235369	1,010052
-2,212543	1,009726
-2,153847	1,011357
-2,267977	1,014292
-2,264717	1,015922
-2,088629	1,016248
-2,450586	1,017226
-2,199499	1,019835
-2,590804	1,022444
-1,782107	1,022444
-2,277760	1,024726
-2,417978	1,027009
-2,329934	1,026683
-2,290804	1,029618
-2,329934	1,029618
-2,900587	1,030596
-2,104934	1,032879
-2,059281	1,033205
-2,082108	1,036139
-2,029934	1,035813
-2,457108	1,037770
-2,033194	1,041031
-2,329934	1,042335
-2,056021	1,043966
-2,150586	1,043313
-2,010368	1,045922
-1,954933	1,046248
-2,287543	1,049509
-2,427760	1,050487
-2,248412	1,052770
-2,431021	1,054400
-2,571239	1,055053
-2,470152	1,057335
-2,183195	1,056357
-2,007107	1,059292
-2,121238	1,059944
-2,183195	1,060922
-2,095151	1,064183
-2,535369	1,066140
-2,254934	1,067118
-1,945151	1,067770
-1,932107	1,069726
-1,997325	1,070053
-2,382108	1,072335
-1,990803	1,072661
-2,349499	1,074944
-2,258195	1,077226
-1,977759	1,078857
-2,313630	1,079509
-2,101673	1,079509
-2,307108	1,083096
-2,571239	1,085053
-1,879933	1,084727
-1,981020	1,087335
-2,160369	1,088966
-2,365804	1,090922
-2,007107	1,090922
-2,323412	1,090922
-2,669065	1,094183
-2,235369	1,097444
-2,303847	1,096792
-2,398412	1,098422
-1,811455	1,101357
-2,157108	1,102661
-2,310369	1,102661
-2,382108	1,105270
-2,199499	1,106574
-1,782107	1,106248
-2,313630	1,108531
-2,225586	1,109183
-2,212543	1,111466
-2,117977	1,113096
-2,140803	1,113422
-1,967977	1,115053
-1,987542	1,117009
-1,694063	1,118640
-2,003847	1,119944
-2,140803	1,123205
-1,938629	1,123531
-1,922325	1,123857
-1,817977	1,126466
-1,648411	1,127770
-1,935368	1,129401
-1,420150	1,129401
-1,694063	1,132661
-1,345150	1,133314
-1,795150	1,135596
-1,508193	1,136901
-1,857107	1,137227
-1,586454	1,139183
-1,482106	1,142118
-1,410367	1,143096
-1,534280	1,142770
-1,700585	1,146357
-1,469063	1,147988
-1,547324	1,146683
-1,677759	1,149944
-1,694063	1,150922
-1,671237	1,153205
-1,703846	1,153205
-1,377758	1,155161
-1,504933	1,157118
-1,139714	1,158096
-1,103845	1,159401
-1,716889	1,162009
-1,452758	1,162988
-1,051671	1,164292
-1,071236	1,166574
-1,488628	1,167553
-1,599498	1,169509
-1,583194	1,169835
-1,361454	1,170488
-1,886455	1,172444
-0,784279	1,174075
-1,821237	1,177009
-1,472324	1,176683
-1,351671	1,179618
-1,857107	1,181248
-1,090801	1,181901
-1,452758	1,181901
-1,521237	1,184183
-1,606020	1,185161
-1,742976	1,187444
-1,654933	1,189401
-1,257106	1,191357
-1,188628	1,192988
-1,381019	1,194292
-1,870151	1,194944
-1,619063	1,194944
-1,400584	1,197879
-1,592976	1,198205
-1,260367	1,200488
-1,257106	1,202770
-1,557107	1,204075
-1,547324	1,207009
-1,416889	1,207988
-1,651672	1,207335
-1,609281	1,209292
-1,501672	1,210270
-1,416889	1,213205
-1,201671	1,214835
-1,475585	1,214183
-1,142975	1,217444
-0,996236	1,217444
-1,381019	1,220379
-1,107106	1,220705
-1,195149	1,223966
-1,879933	1,225270
-1,544063	1,224292
-1,100584	1,226249
-1,006019	1,228857
-0,891888	1,229183
-0,992975	1,232444
-1,217975	1,233096
-1,221236	1,235705
-1,103845	1,235053
-1,286454	1,236357
-1,384280	1,239944
-1,094062	1,240270
-1,240802	1,242879
-1,381019	1,243531
-1,182106	1,244836
-1,521237	1,246140
-1,511454	1,247444
-1,077758	1,248422
-1,113627	1,250053
-1,224497	1,251683
-1,619063	1,253966
-1,240802	1,254292
-1,540802	1,257227
-1,465802	1,256575
-1,332106	1,259183
-1,276671	1,259836
-1,560367	1,261140
-1,557107	1,264401
-1,495150	1,264401
-1,537541	1,266031
-1,919064	1,268640
-1,478845	1,270270
-1,674498	1,270923
-1,599498	1,272227
-1,785368	1,272879
-1,641889	1,274183
-1,831020	1,275814
-1,547324	1,278096
-1,198410	1,280705
-1,208193	1,280053
-1,586454	1,281683
-1,733194	1,283314
-1,390802	1,284618
-1,237541	1,286575
-1,416889	1,287879
-1,752759	1,290488
-1,211454	1,290814
-1,224497	1,293423
-1,335367	1,295705
-1,465802	1,297010
-1,260367	1,296357
-0,983192	1,298314
-1,928846	1,299944
-1,302758	1,302553
-1,521237	1,303205
-1,240802	1,304510
-1,149497	1,305488
-1,019062	1,306140
-1,074497	1,308749
-0,653844	1,310379
-0,764714	1,310379
-0,715801	1,313314
-0,908192	1,315270
-1,032106	1,317227
-0,709279	1,316575
-0,758192	1,319183
-0,706018	1,322118
-0,973410	1,323097
-0,660366	1,322118
-0,761453	1,325053
-0,317974	1,325705
-0,432104	1,327010
-0,888627	1,329292
-0,474496	1,329618
-0,216887	1,332227
-0,542974	1,333857
-0,376669	1,334184
0,011375	1,337118
-0,347322	1,337770
-0,451670	1,338423
-0,728844	1,341357
-0,233191	1,342662
-0,533192	1,344292
-0,331017	1,346249
-0,562539	1,346249
-0,666887	1,349184
-0,373409	1,350162
-0,278843	1,351140
-0,833192	1,351792
-0,634279	1,353423
-0,608192	1,356684
-0,552757	1,357336
-0,549496	1,358640
-0,973410	1,359618
-0,842975	1,360923
-0,549496	1,363531
-0,415800	1,365488
-0,686453	1,365488
-0,569061	1,367118
-0,666887	1,369727
-0,846236	1,370379
-0,813627	1,370705
-0,392974	1,373966
-0,741888	1,375271
-0,842975	1,374292
-1,019062	1,377227
-0,595148	1,379836
-0,119060	1,379836
-0,631018	1,382771
-0,288626	1,382771
0,008114	1,385053
-0,044060	1,387336
-0,383191	1,387010
-0,435365	1,387988
-0,484278	1,390597
-0,252756	1,393205
-0,265800	1,393858
-0,141886	1,395162
-0,357104	1,395814
-0,076669	1,398749
0,389636	1,399401
0,422245	1,400053
0,167897	1,402010
0,226593	1,402988
0,882029	1,405271
1,100507	1,406575
1,374421	1,408205
1,305942	1,410162
1,671161	1,411792
1,958118	1,413423
1,961378	1,414075
1,697248	1,415379
2,000509	1,415705
2,303770	1,417662
2,163553	1,418966
2,659206	1,422227
2,179857	1,423205
2,509206	1,423532
2,130944	1,423858
2,245075	1,428423
2,463553	1,428097
2,192901	1,430379
2,241814	1,431358
2,189640	1,433314
2,245075	1,434618
2,773337	1,435597
2,391814	1,437553
2,140727	1,438205
2,499423	1,440814
2,668989	1,441792
2,466814	1,443749
2,417901	1,444075
2,339640	1,447010
2,251596	1,448640
2,170075	1,449292
2,245075	1,450923
2,382031	1,453205
1,843987	1,452227
2,143988	1,455814
1,524421	1,455488
1,739639	1,456466
1,951596	1,458749
1,609204	1,460053
1,596160	1,461032
2,036379	1,464292
2,157031	1,464619
2,101596	1,465597
1,905944	1,467879
1,909204	1,467879
1,821161	1,470814
2,078770	1,471140
1,772248	1,473749
2,538554	1,475053
2,512467	1,475706
1,821161	1,477988
2,202683	1,478966
2,046161	1,480597
2,029857	1,482227
2,783119	1,483206
2,320075	1,485162
2,052683	1,485814
2,251596	1,488749
2,316814	1,488749
1,847248	1,492336
2,157031	1,493966
2,636380	1,494619
2,962467	1,495271
2,427684	1,495923
2,473336	1,498532
2,907032	1,500488
3,640730	1,501140
3,167903	1,503749
3,510295	1,504727
3,118989	1,503749
3,572251	1,507010
3,722251	1,510271
3,761382	1,509619
3,816817	1,512880
4,058122	1,513206
3,608121	1,514836
3,493990	1,516140
3,285294	1,517445
3,634208	1,517771
3,957034	1,520053
3,976600	1,522662
3,627686	1,522988
3,914643	1,523640
3,311381	1,526249
3,399425	1,527880
3,158120	1,529184
4,107035	1,530488
3,914643	1,530488
3,937469	1,533423
3,810295	1,534401
3,696164	1,535706
3,177685	1,537662
3,167903	1,539619
3,063555	1,541249
3,467903	1,542227
3,242903	1,542553
2,965728	1,545162
2,939641	1,546467
2,626597	1,548097
2,509206	1,549401
2,871163	1,551684
2,548336	1,552336
2,297249	1,554293
1,876596	1,555597
2,033118	1,555597
1,974422	1,559184
1,410290	1,558532
1,459204	1,560488
1,107029	1,561140
1,537465	1,563423
1,341812	1,565054
1,071159	1,567010
1,217899	1,567336
1,018985	1,570597
1,302682	1,571249
0,950507	1,572554
1,113551	1,576467
1,054855	1,575488
1,240725	1,577119
1,168986	1,580054
1,433117	1,581032
1,472247	1,582010
1,468986	1,583641
1,208116	1,584619
1,550508	1,586249
1,374421	1,587227
1,390725	1,587880
1,729856	1,592119
1,609204	1,591793
1,674421	1,594075
1,615726	1,593423
1,866813	1,595706
1,707030	1,597336
1,778769	1,599293
1,785291	1,600923
2,313553	1,601901
2,033118	1,603858
2,114640	1,605162
1,791813	1,607771
2,248336	1,608423
2,603771	1,609401
2,430945	1,610706
1,576595	1,611032
2,186379	1,612662
1,459204	1,615271
2,137466	1,616901
1,795074	1,618532
2,297249	1,619184
1,853770	1,621467
1,710291	1,622771
2,157031	1,623749
1,932031	1,626032
1,896161	1,627336
1,260290	1,627336
1,883117	1,630597
1,925509	1,631575
2,183118	1,632880
2,108118	1,634184
1,537465	1,634836
1,429856	1,636141
1,677682	1,637445
1,478769	1,639401
1,354856	1,640054
1,543986	1,642336
1,074420	1,645597
0,891811	1,646249
1,084203	1,647880
1,035290	1,649836
1,221160	1,649510
0,930942	1,651793
1,077681	1,654402
0,872246	1,653749
0,738550	1,656358
0,167897	1,656032
0,611376	1,657662
0,246158	1,660271
0,399419	1,661575
-0,079930	1,662880
0,024418	1,665162
0,334201	1,667119
0,014636	1,668423
-0,047321	1,667771
0,109201	1,671358
0,288549	1,672010
0,268984	1,672989
0,229853	1,675271
0,833115	1,675597
0,386375	1,679184
0,833115	1,678532
0,549419	1,680162
0,937463	1,680815
1,279855	1,683097
1,413551	1,685706
1,579856	1,687010
1,618987	1,687010
2,170075	1,688641
2,372249	1,690271
2,532032	1,692554
2,773337	1,695162
2,757032	1,696467
2,812467	1,696793
3,011381	1,698749
3,353772	1,700054
3,458120	1,701358
3,503773	1,702662
3,464642	1,705597
3,930947	1,705597
3,813556	1,708206
3,878773	1,709184
3,797252	1,710162
3,986382	1,710489
3,836382	1,711467
4,032035	1,714076
4,279861	1,714402
3,970078	1,716032
4,338557	1,717663
4,149426	1,719293
4,550514	1,720923
4,136383	1,722880
4,045078	1,724836
4,328774	1,725163
3,846165	1,729076
3,989643	1,729402
4,322253	1,730380
4,351600	1,731358
4,243992	1,732989
4,367905	1,734619
4,315731	1,737228
4,090730	1,737228
4,175513	1,738532
4,139644	1,739836
4,452688	1,742119
4,025513	1,744402
4,142904	1,744728
4,038556	1,746684
4,061383	1,746358
4,204861	1,749619
3,816817	1,750597
3,793991	1,751250
3,523338	1,753532
4,035296	1,755489
3,807034	1,757771
3,376599	1,757445
3,855947	1,760054
3,705947	1,760706
3,252685	1,763641
3,604860	1,765271
3,565729	1,765923
3,418990	1,766250
3,164642	1,769184
3,301598	1,770489
3,718991	1,771793
3,330946	1,773750
3,937469	1,774402
3,653773	1,776684
3,575512	1,776684
3,278772	1,778967
3,699425	1,779293
3,451599	1,780923
3,751599	1,783858
3,409207	1,784837
4,077687	1,785163
3,598338	1,787445
3,422251	1,788750
3,252685	1,790054
3,291816	1,792663
3,529860	1,792663
3,321164	1,793967
3,529860	1,796902
3,738556	1,796576
3,572251	1,799184
3,829860	1,800815
3,379859	1,800815
3,004859	1,802445
3,526599	1,806032
2,776597	1,805054
2,929859	1,806684
3,193990	1,810271
3,451599	1,810271
3,435294	1,812880
2,851598	1,814184
3,262468	1,815489
3,112468	1,816793
3,392903	1,818424
3,220077	1,818750
3,282033	1,822663
2,933119	1,822663
3,151598	1,824619
3,105946	1,826576
2,714641	1,825924
2,884206	1,827880
2,776597	1,828858
2,942902	1,830815
2,261379	1,833098
2,695076	1,833424
2,326597	1,834402
2,199422	1,837011
2,280944	1,837337
2,137466	1,839293
1,664639	1,841250
2,085292	1,841902
1,710291	1,843858
1,348334	1,846141
1,322247	1,847445
1,573334	1,848098
1,482030	1,849402
1,064638	1,850380
0,917898	1,852663
1,113551	1,854619
0,852681	1,856250
0,598332	1,857880
-0,050582	1,857880
0,562463	1,861793
0,171158	1,863098
-0,516887	1,864402
-0,487539	1,864402
-0,692974	1,866685
-0,585366	1,868967
-0,924497	1,869619
-1,035366	1,871576
-1,028845	1,871576
-1,110367	1,873206
-1,198410	1,875489
-1,094062	1,875163
-1,097323	1,877445
-0,904931	1,878750
-1,328845	1,880380
-1,178845	1,881685
-1,103845	1,882989
-1,338628	1,884293
-1,022323	1,884945
-1,475585	1,888858
-1,182106	1,887880
-1,208193	1,889837
-0,950584	1,892772
-0,816888	1,894728
-1,263628	1,896032
-1,338628	1,896685
-0,781018	1,898967
-1,012540	1,900924
-1,025584	1,902880
-1,442976	1,902554
-0,653844	1,903532
-1,306019	1,906467
-1,459280	1,905489
-1,116888	1,907445
-1,570150	1,910054
-0,914714	1,911685
-0,963627	1,911359
-1,227758	1,913315
-1,244062	1,915598
-1,599498	1,917880
-1,188628	1,918206
-1,488628	1,920163
-1,038627	1,922772
-1,012540	1,921793
-1,038627	1,924402
-1,456019	1,925380
-1,367976	1,927011
-1,067975	1,929619
-1,319063	1,929293
-1,358193	1,930924
-1,009279	1,933532
-1,299497	1,933859
-1,025584	1,935489
-1,266889	1,936793
-1,729933	1,940054
-1,335367	1,940054
-0,686453	1,942011
-1,390802	1,943967
-1,456019	1,943641
-1,501672	1,945272
-1,358193	1,948206
-1,397324	1,950489
-1,041888	1,950489
-1,182106	1,951467
-1,804933	1,953424
-1,573411	1,953750
-1,338628	1,955706
-1,182106	1,958315
-1,508193	1,958641
-1,035366	1,961250
-1,433193	1,963533
-1,452758	1,963533
-1,292976	1,966467
-1,381019	1,966793
-1,426671	1,966793
-1,707107	1,969402
-1,739716	1,970380
-1,632107	1,972989
-1,902759	1,974293
-1,808194	1,975924
-1,475585	1,977228
-1,654933	1,978206
-2,131021	1,978206
-1,619063	1,980815
-1,514715	1,982772
-1,563628	1,983750
-1,837542	1,986033
-1,834281	1,987663
-1,814716	1,988967
-1,870151	1,990598
-1,700585	1,989620
-1,664715	1,993207
-1,583194	1,994185
-1,739716	1,994837
-1,948412	1,997120
-1,547324	1,999402
-1,579933	2,000054
-1,596237	2,002337
-1,469063	2,002989
-1,831020	2,003641
-1,726672	2,005272
-1,426671	2,007880
-1,599498	2,009185
-1,736455	2,010815
-1,338628	2,011141
-1,553846	2,014728
-1,837542	2,013750
-1,922325	2,016685
-1,977759	2,016685
-1,723411	2,019294
-1,645150	2,021576
-1,517976	2,022880
-1,589715	2,023859
-1,791890	2,024511
-1,716889	2,027120
-1,987542	2,029402
-1,974499	2,030380
-1,729933	2,030380
-1,573411	2,032011
-1,645150	2,033641
-1,906020	2,034620
-1,589715	2,037554
-1,517976	2,038207
-1,733194	2,039837
-1,788629	2,041467
-1,615802	2,041467
-1,765803	2,042446
-2,219064	2,045707
-1,739716	2,047989
-2,082108	2,048315
-1,938629	2,048315
-1,808194	2,052228
-1,684281	2,053207
-2,163629	2,054511
-1,827759	2,054837
-1,625585	2,057772
-1,570150	2,058424
-1,889716	2,059076
-1,756020	2,062663
-1,801672	2,063968
-1,919064	2,064946
-2,049499	2,065272
-2,036455	2,065924
-1,540802	2,069511
-1,332106	2,070815
-1,651672	2,071141
-1,599498	2,073424
-1,769063	2,075054
-1,690802	2,076033
-1,641889	2,076359
-2,342978	2,078641
-2,023412	2,080924
-1,302758	2,080924
-2,000586	2,083533
-1,583194	2,085489
-1,651672	2,086141
-1,906020	2,087772
-1,873411	2,088098
-1,808194	2,090055
-1,684281	2,091685
-1,834281	2,092337
-2,150586	2,096576
-2,026673	2,095598
-1,935368	2,098533
-1,785368	2,100815
-1,586454	2,101142
-1,954933	2,101468
-2,072325	2,102772
-1,778846	2,104728
-1,788629	2,105707
-2,003847	2,107663
-1,772324	2,109620
-1,684281	2,110598
-1,710368	2,112228
-1,596237	2,114837
-1,612541	2,115163
-1,798411	2,116794
-1,501672	2,118098
-1,599498	2,119402
-1,948412	2,122011
-1,638628	2,122989
-1,635368	2,123315
-1,632107	2,125924
-1,879933	2,126250
-1,798411	2,129185
-1,462541	2,129511
-2,056021	2,131794
-1,472324	2,133098
-2,170151	2,133750
-1,592976	2,136033
-1,899498	2,136685
-1,860368	2,138315
-1,853846	2,139946
-1,804933	2,142881
-1,795150	2,143533
-1,687542	2,144511
-1,984281	2,144511
-1,844064	2,147772
-1,857107	2,148424
-1,922325	2,151685
-1,954933	2,152337
-1,925585	2,153316
-1,981020	2,156576
-1,713629	2,155598
-1,570150	2,156902
-1,469063	2,160489
-1,645150	2,160163
-1,844064	2,160816
-1,645150	2,163424
-1,690802	2,163750
-1,416889	2,166359
-1,967977	2,167337
-1,808194	2,168316
-1,811455	2,172229
-1,635368	2,172229
-1,778846	2,173207
-1,667976	2,175816
-1,928846	2,175489
-1,922325	2,178750
-1,883194	2,179076
-1,997325	2,180055
-1,684281	2,182663
-2,088629	2,184620
-1,954933	2,183968
-1,883194	2,185924
-1,703846	2,188533
-1,958194	2,189511
-1,697324	2,190816
-2,082108	2,193750
-2,033194	2,193098
-1,899498	2,194729
-1,713629	2,197663
-1,465802	2,200272
-2,144064	2,198968
-2,065803	2,201576
-1,883194	2,203533
-1,641889	2,203859
-1,664715	2,206142
-1,824498	2,207772
-1,948412	2,209403
-1,795150	2,209729
-1,824498	2,212337
-1,844064	2,212337
-1,886455	2,215598
-2,131021	2,216903
-2,121238	2,216903
-1,902759	2,219185
-2,294064	2,221794
-2,225586	2,221794
-1,857107	2,222772
-1,964716	2,225381
-1,886455	2,226359
-1,583194	2,228316
-2,098412	2,228642
-1,844064	2,231250
-2,075586	2,230924
-1,840803	2,234185
-1,817977	2,234837
-1,648411	2,235816
-1,883194	2,237446
-1,831020	2,238750
-2,114716	2,240055
-2,192977	2,243316
-2,264717	2,242990
-1,720150	2,244294
-2,140803	2,245598
-1,736455	2,247881
-1,609281	2,248859
-1,866890	2,250490
-1,879933	2,251142
-2,127760	2,255055
-1,889716	2,255707
-1,589715	2,256359
-1,710368	2,258968
-1,739716	2,258968
-1,667976	2,261903
-1,726672	2,261577
-1,550585	2,263859
-2,104934	2,265816
-1,612541	2,267446
-1,791890	2,268098
-1,674498	2,269403
-1,971238	2,271359
-1,831020	2,272664
-2,101673	2,274294
-1,456019	2,275924
-1,899498	2,278533
-1,648411	2,278207
-2,016890	2,279837
-1,178845	2,282446
-1,899498	2,283424
-1,557107	2,284729
-1,521237	2,285707
-1,491889	2,286359
-1,195149	2,288316
-1,570150	2,289620
-1,726672	2,291903
-2,039716	2,292881
-1,814716	2,295816
-1,687542	2,296468
-1,566889	2,298098
-1,729933	2,299729
-1,892977	2,298751
-1,729933	2,303968
-2,206021	2,302664
-1,710368	2,305272
-1,534280	2,305925
-1,485367	2,307881
-1,671237	2,308533
-1,495150	2,310164
-1,335367	2,311794
-1,550585	2,313751
-1,586454	2,315707
-1,736455	2,317338
-1,850585	2,317664
-1,615802	2,319946
-1,817977	2,321251
-1,553846	2,321903
-1,690802	2,324838
-1,824498	2,324511
-1,045149	2,326142
-1,641889	2,328751
-1,977759	2,329077
-1,700585	2,332338
-1,573411	2,332012
-1,534280	2,333968
-1,788629	2,334946
-1,407106	2,336251
-1,710368	2,338207
-1,648411	2,339512
-1,527759	2,341142
-1,325584	2,342772
-1,103845	2,345381
-1,381019	2,346033
-1,381019	2,346685
-1,390802	2,348968
-1,335367	2,348642
-0,957105	2,351903
-1,273410	2,352555
-0,657105	2,353859
-1,022323	2,355490
-1,142975	2,356142
-0,940801	2,359729
-1,064714	2,359403
-1,338628	2,362012
-1,054932	2,361359
-0,927757	2,363316
-0,794062	2,366251
-0,738627	2,366577
-0,996236	2,367881
-0,771235	2,371468
-0,999497	2,370490
-0,683192	2,374077
-0,552757	2,375055
-1,217975	2,377012
-1,116888	2,377990
-0,585366	2,379620
-0,807105	2,379946
-0,797322	2,381903
-0,575583	2,383533
-0,869062	2,386142
-0,842975	2,387120
-0,533192	2,388425
-0,673409	2,388425
-0,676670	2,391359
-0,529931	2,392012
-0,712540	2,392664
-0,764714	2,396251
-0,226669	2,397229
-0,331017	2,399186
-0,735366	2,401142
-0,634279	2,401794
-0,539713	2,401794
-0,494061	2,404729
-0,784279	2,405707
-0,125582	2,407990
0,135288	2,407012
-0,689714	2,409294
-0,265800	2,412229
-0,598409	2,413533
-0,282104	2,415490
-0,448409	2,415490
-0,138626	2,416794
-0,481017	2,419729
-0,242974	2,421033
-0,314713	2,421033
-0,171234	2,423642
-0,696235	2,425925
-0,044060	2,424294
-0,053843	2,427881
-0,145147	2,427881
-0,011451	2,429512
-0,288626	2,430490
-0,282104	2,433751
-0,344061	2,434729
0,070071	2,435381
-0,076669	2,438316
0,370071	2,439294
0,161375	2,439294
0,392897	2,441251
0,373332	2,444186
0,497245	2,445164
0,767898	2,446142
1,191812	2,446468
1,201594	2,448751
1,472247	2,451360
1,638552	2,451033
2,003770	2,454294
1,951596	2,454947
2,584206	2,456577
2,607032	2,458533
2,678771	2,459512
2,796163	2,460490
2,740728	2,462447
3,278772	2,464403
3,340729	2,466686
3,304859	2,467338
3,422251	2,467664
3,418990	2,469620
3,122250	2,471903
3,454860	2,473534
3,875513	2,474838
3,647251	2,474838
3,477686	2,477773
3,882034	2,478099
3,409207	2,480381
3,709208	2,481034
3,529860	2,482664
4,051600	2,483642
4,188557	2,485273
3,790730	2,487881
3,477686	2,487881
4,162470	2,488860
3,758121	2,490816
3,842904	2,492447
3,810295	2,494403
3,934208	2,496360
3,826599	2,496686
4,273339	2,497664
4,149426	2,499294
3,813556	2,501251
4,136383	2,502881
4,250513	2,505490
4,371166	2,504838
4,413557	2,506794
4,217905	2,507121
4,455948	2,510708
4,270079	2,512664
4,602688	2,512664
4,592905	2,514294
4,997254	2,515925
4,570079	2,517555
4,452688	2,519512
4,221165	2,521794
4,651601	2,522447
4,733123	2,524403
4,351600	2,523425
4,622253	2,526360
4,801601	2,527012
4,521166	2,530273
4,240731	2,529621
4,632036	2,532555
4,765732	2,534838
5,059211	2,536142
5,176602	2,536795
5,271167	2,539077
5,678777	2,540055
5,607038	2,540381
5,982038	2,541686
6,047256	2,543642
6,246169	2,544947
6,405952	2,547881
6,236387	2,548208
6,800518	2,550164
7,077693	2,551468
7,182041	2,551795
7,367911	2,554403
7,439650	2,555055
7,599433	2,557990
7,495085	2,557664
7,984216	2,559621
7,778781	2,561903
8,134216	2,561903
7,889651	2,563534
8,287478	2,565164
7,762477	2,566795
8,470087	2,569403
8,134216	2,570708
8,232043	2,571360
8,267912	2,573968
8,652696	2,574621
8,157043	2,574621
7,817911	2,577229
8,607043	2,578860
8,486391	2,579512
8,274434	2,581469
8,476608	2,582121
8,652696	2,584403
8,209217	2,585382
8,577696	2,587338
8,293999	2,588316
8,395086	2,590273
8,457043	2,591251
8,665739	2,592555
8,594000	2,595816
8,473348	2,595490
8,675522	2,597773
8,574435	2,599729
8,766826	2,600382
8,740739	2,601686
8,447260	2,603969
8,633130	2,606577
8,522261	2,606251
8,760305	2,608208
8,721174	2,609838
8,515739	2,610816
8,525522	2,613099
8,995088	2,614729
8,978783	2,615708
8,636391	2,616686
9,265740	2,618316
8,952696	2,619947
8,926609	2,621577
9,109218	2,622556
9,154871	2,623534
9,321175	2,625816
9,621176	2,627121
9,904872	2,629077
9,944003	2,629729
10,997265	2,632012
11,271179	2,633969
11,404875	2,634295
12,702703	2,636577
13,217922	2,636903
13,909227	2,638860
14,913577	2,641143
15,725535	2,642121
16,129884	2,644077
16,817929	2,645056
17,698365	2,646686
18,070105	2,647338
18,666845	2,649621
19,302716	2,650273
19,795108	2,651251
20,173370	2,652556
20,065761	2,654838
20,427718	2,656469
21,138589	2,656795
21,122285	2,659730
20,845110	2,659403
21,637503	2,662664
21,719025	2,664621
21,565764	2,664947
21,989678	2,665925
21,872286	2,666903
22,064678	2,668534
21,921199	2,669838
21,940765	2,671795
22,090765	2,673751
21,542938	2,674730
21,953808	2,676360
22,358157	2,677664
21,914678	2,679621
21,780982	2,681577
22,198374	2,683534
21,927721	2,683534
21,598373	2,684838
21,533155	2,687447
21,220111	2,687121
21,797286	2,690708
21,552720	2,689404
21,709242	2,692012
21,882069	2,693969
21,552720	2,695925
22,090765	2,697230
21,689677	2,698534
22,087504	2,700490
21,516851	2,699838
21,663590	2,702121
22,067939	2,704404
22,028808	2,706034
21,794025	2,706686
21,640764	2,708643
22,048374	2,708969
21,855982	2,712882
22,139678	2,712230
22,247287	2,715164
22,273374	2,716469
22,175548	2,717773
22,312504	2,718425
22,498374	2,719077
22,765766	2,722012
22,720114	2,722338
22,736418	2,725273
22,191852	2,725925
22,778810	2,726251
22,817940	2,728534
22,922288	2,730817
23,669029	2,731795
23,734246	2,733751
23,770116	2,734077
24,138595	2,735708
24,533161	2,738643
23,998377	2,739947
24,719031	2,740273
25,230988	2,741904
25,517945	2,743208
24,992944	2,744838
25,798381	2,746795
25,837511	2,746795
25,739685	2,748751
25,628815	2,750708
26,003816	2,752012
26,085338	2,754295
26,144034	2,754621
26,055990	2,756904
26,391860	2,757230
26,121207	2,759512
26,365773	2,761795
25,987512	2,762121
26,157077	2,764730
25,680989	2,765382
25,553815	2,767991
25,791859	2,768317
25,788598	2,769295
25,870120	2,769621
26,020120	2,773208
25,811424	2,775491
25,103814	2,774512
25,253814	2,775817
25,469032	2,778751
25,025553	2,779730
25,038597	2,781686
24,542944	2,781686
24,415769	2,784295
24,392943	2,785925
24,252726	2,787882
23,812507	2,789512
24,089682	2,789512
23,773377	2,789838
23,284245	2,793425
23,307072	2,794730
23,104897	2,797012
22,208156	2,796360
22,602722	2,799295
22,632070	2,800925
21,930982	2,801252
21,758156	2,802882
22,664679	2,804839
21,741851	2,805491
21,826634	2,806143
21,725547	2,809730
22,009243	2,810708
21,904895	2,811360
21,917939	2,812665
21,445112	2,814947
21,702721	2,817230
21,761416	2,817882
21,392938	2,820165
21,291850	2,819839
21,282068	2,822121
21,207068	2,824730
21,242937	2,824730
20,969024	2,825382
20,916850	2,827012
20,991850	2,829621
20,854893	2,831578
20,678806	2,832882
20,923371	2,832882
20,714675	2,834512
20,584240	2,837121
20,541849	2,837447
20,427718	2,840708
20,235327	2,841360
20,375544	2,843643
19,987500	2,843969
19,778804	2,845273
19,746195	2,847882
19,426629	2,847556
19,377716	2,850817
18,966846	2,852121
18,441845	2,853752
18,621193	2,853426
18,207062	2,855056
18,180975	2,857665
17,414669	2,857665
18,122279	2,859621
17,594017	2,860926
17,316843	2,862882
16,994016	2,864186
16,879885	2,866469
16,377710	2,866795
16,325536	2,868099
16,260319	2,871686
15,699448	2,872013
15,458144	2,872991
15,526622	2,873317
14,476620	2,874947
14,095097	2,877556
13,416835	2,879186
13,080965	2,879839
12,810312	2,882447
11,991833	2,883100
11,750528	2,883752
11,046179	2,886034
10,687482	2,887339
9,741828	2,889295
9,298349	2,890273
8,382043	2,892230
7,922259	2,892556
7,671172	2,895817
6,979866	2,896143
6,748344	2,898752
6,637474	2,899404
6,428778	2,900056
6,096169	2,902665
6,891823	2,903969
6,343996	2,904621
6,888562	2,905926
6,317909	2,908534
5,952690	2,908534
6,220082	2,911795
6,474431	2,911795
6,324430	2,913426
7,116823	2,916360
6,601605	2,915708
6,950518	2,918317
7,296171	2,919621
7,693998	2,921578
8,010303	2,922556
8,574435	2,924513
9,161392	2,925165
9,702698	2,927121
10,107046	2,928426
10,615743	2,929404
11,528788	2,930708
12,562486	2,932339
12,927704	2,934295
13,087487	2,936252
14,069010	2,936252
13,857053	2,939187
14,815751	2,940165
14,796186	2,942774
14,812490	2,942447
15,089665	2,944078
14,427707	2,946361
15,207056	2,948317
15,696187	2,947991
16,094014	2,948969
16,178797	2,951252
15,722274	2,952882
16,162493	2,954187
16,557059	2,956143
15,621187	2,956469
16,169014	2,958752
15,970101	2,960056
16,087493	2,960708
16,863581	2,962339
16,674450	2,963969
16,654885	2,964621
16,886407	2,967882
16,648363	2,967230
16,788581	2,971143
16,922277	2,971143
17,029886	2,973100
16,785320	2,975708
17,078799	2,977339
17,130973	2,977665
16,648363	2,979295
16,905972	2,980274
17,042929	2,982556
16,821190	2,983534
17,059234	2,985165
16,426624	2,987448
16,615754	2,986795
16,550537	2,990382
15,957058	2,990382
16,120101	2,991687
16,116840	2,993317
15,666840	2,995600
15,640753	2,996904
14,995099	2,998535
15,751622	3,000165
15,419013	3,000817
15,448361	3,002121
15,679883	3,004078
15,735318	3,007013
15,696187	3,007339
15,474448	3,008317
15,467926	3,009295
15,438578	3,011252
15,569013	3,013861
15,676622	3,013208
15,340752	3,014187
15,467926	3,017774
15,696187	3,018752
14,988577	3,020056
15,552709	3,022665
15,154882	3,022665
15,937492	3,025600
15,924449	3,025600
15,754883	3,026578
15,767927	3,028535
15,901623	3,030491
15,803796	3,030165
16,045101	3,033752
15,842927	3,034078
15,715753	3,035056
15,679883	3,036035
16,097275	3,038969
15,992927	3,039622
15,878796	3,041578
16,015753	3,044513
15,780970	3,043861
16,146188	3,045491
16,413580	3,047122
15,957058	3,050382
15,992927	3,050709
15,767927	3,052013
16,423363	3,053969
15,983145	3,055926
16,175536	3,055274
16,012492	3,057882
16,015753	3,059839
15,507057	3,061469
15,578796	3,061796
15,745101	3,063100
15,435317	3,065382
15,973362	3,067013
15,650535	3,067991
15,679883	3,068969
15,657057	3,071904
15,386404	3,073209
15,311404	3,073861
15,047273	3,075165
15,304882	3,076796
15,686405	3,077774
14,783142	3,079404
15,030969	3,080383
15,275534	3,082013
14,887490	3,083969
15,180969	3,084948
14,923360	3,086252
14,662490	3,089513
14,470098	3,089839
14,600533	3,090491
14,355967	3,091796
14,020097	3,093426
14,222272	3,096687
13,814662	3,097339
13,850532	3,097665
13,785314	3,099296
13,400531	3,101252
13,315748	3,103209
13,328792	3,104839
12,872269	3,104839
12,940747	3,106796
12,562486	3,107774
12,852704	3,111035
12,670095	3,112339
12,794008	3,113970
12,542921	3,114296
12,330964	3,115600
12,194007	3,116904
12,190746	3,118535
11,786397	3,120165
12,259224	3,121143
12,040746	3,121796
12,057050	3,125383
12,122268	3,126361
12,301616	3,127665
11,763571	3,129948
11,434223	3,131252
11,284222	3,132557
11,411397	3,133861
11,427701	3,134513
11,359223	3,135491
11,241831	3,137448
11,036396	3,139730
10,909222	3,141361
11,349440	3,142665
10,808135	3,142991
10,455960	3,145274
10,772265	3,146252
10,214655	3,149513
10,335308	3,150491
10,165742	3,150817
10,074438	3,152122
10,045090	3,153426
9,767915	3,155057
9,017914	3,156361
9,151610	3,158317
9,109218	3,160274
8,773348	3,160926
8,342912	3,162883
8,333130	3,163209
7,990738	3,167122
8,333130	3,166470
8,042912	3,167774
7,658129	3,170057
7,129867	3,171361
7,067910	3,172013
7,289650	3,173970
6,546170	3,174948
6,513561	3,178209
6,722257	3,180165
6,340735	3,179839
6,282039	3,182448
5,708125	3,183100
5,411385	3,184731
5,401602	3,184731
5,323341	3,187013
4,302687	3,188644
4,110296	3,190274
4,175513	3,191252
3,229859	3,192557
2,574423	3,194839
2,059205	3,196796
2,016813	3,197448
1,557030	3,199078
0,676593	3,200383
0,718985	3,202665
-0,529931	3,203318
-0,683192	3,204948
-0,979931	3,206904
-1,351671	3,207883
-1,152758	3,210165
-1,188628	3,210491
-1,204932	3,213100
-1,302758	3,214405
-1,622324	3,214405
-1,834281	3,217013
-1,407106	3,219296
-1,420150	3,220926
-1,782107	3,220274
-1,733194	3,223535
-1,495150	3,223861
-1,358193	3,226796
-1,553846	3,226470
-1,850585	3,228426
-1,527759	3,228752
-1,514715	3,232013
-2,349499	3,232013
-2,085368	3,232013
-1,677759	3,234948
-1,534280	3,237557
-2,091890	3,239513
-2,010368	3,240165
-1,733194	3,241144
-1,932107	3,241796
-1,667976	3,243100
-1,619063	3,246361
-1,599498	3,246687
-1,563628	3,248970
-1,866890	3,248970
-1,899498	3,251578
-2,003847	3,253209
-1,850585	3,253861
-1,407106	3,256144
-1,961455	3,256796
-2,085368	3,258426
-1,899498	3,260383
-1,612541	3,262992
-1,964716	3,263970
-2,003847	3,264296
-1,596237	3,267231
-1,553846	3,268209
-1,384280	3,269513
-1,811455	3,271470
-1,932107	3,270492
-2,049499	3,273426
-1,625585	3,274731
-1,423411	3,275709
-1,645150	3,277013
-2,134282	3,278970
-1,860368	3,281252
-1,442976	3,282231
-1,879933	3,284187
-1,785368	3,284187
-1,870151	3,286144
-2,046238	3,288752
-1,987542	3,289731
-1,886455	3,290709
-1,687542	3,293318
-1,736455	3,292992
-1,371237	3,295274
-1,892977	3,297557
-1,844064	3,298535
-1,782107	3,300166
-1,537541	3,300166
-2,157108	3,301470
-1,586454	3,302774
-1,716889	3,306361
-1,729933	3,307666
-2,212543	3,307992
-2,258195	3,310926
-2,277760	3,309948
-1,958194	3,311579
-1,658194	3,313535
-1,928846	3,316144
-1,831020	3,316144
-1,834281	3,319079
-1,814716	3,320057
-2,000586	3,322339
-1,853846	3,322992
-2,033194	3,323318
-2,369065	3,325600
-2,000586	3,326905
-2,046238	3,328209
-1,736455	3,330492
-2,085368	3,330818
-2,186456	3,332122
-1,837542	3,335709
-1,808194	3,337013
-1,844064	3,336687
-1,840803	3,338318
-1,844064	3,341253
-2,042977	3,341579
-2,101673	3,342883
-1,925585	3,345166
-2,271238	3,346144
-2,114716	3,348427
-1,840803	3,348427
-1,866890	3,350383
-1,527759	3,353318
-1,948412	3,353318
-1,844064	3,354948
-1,981020	3,355927
-1,648411	3,359187
-2,062542	3,359187
-2,134282	3,360818
-1,928846	3,362448
-1,674498	3,363100
-2,085368	3,364731
-2,082108	3,367013
-2,215803	3,369622
-2,029934	3,369948
-2,042977	3,371579
-1,938629	3,372231
-1,958194	3,372883
-2,046238	3,375818
-2,091890	3,377448
-2,134282	3,378100
-1,863629	3,380383
-1,834281	3,382014
-2,039716	3,382666
-2,010368	3,384948
-2,310369	3,385274
-2,417978	3,387231
-1,850585	3,389514
-2,212543	3,389514
-2,010368	3,392448
-1,879933	3,394079
-2,117977	3,393753
-2,078847	3,395057
-2,163629	3,397340
-2,274499	3,398318
-1,782107	3,399622
-2,039716	3,400274
-2,241890	3,402557
-1,948412	3,403861
-2,069064	3,407448
-1,628846	3,408753
-2,036455	3,408101
-2,144064	3,409405
-2,450586	3,412014
-1,964716	3,414296
-1,928846	3,414622
-2,088629	3,415274
-2,075586	3,416905
-2,072325	3,419188
-1,945151	3,420492
-2,108195	3,422774
-1,954933	3,423753
-2,238630	3,423753
-2,232108	3,427014
-2,235369	3,427340
-2,003847	3,428970
-2,310369	3,430274
-2,245151	3,432557
-2,029934	3,433861
-2,375586	3,435492
-1,896238	3,437122
-1,697324	3,438753
-2,313630	3,439079
-2,538630	3,442340
-2,127760	3,442666
-2,029934	3,443318
-2,052760	3,445927
-2,069064	3,447883
-2,029934	3,447883
-2,010368	3,448861
-1,804933	3,452122
-2,189716	3,451144
-2,206021	3,455057
-2,104934	3,455709
-1,785368	3,456688
-1,798411	3,458318
-2,254934	3,459948
-2,095151	3,461905
-2,082108	3,462557
-2,127760	3,464514
-2,460369	3,466144
-2,424499	3,467122
-1,648411	3,467775
-2,417978	3,470383
-2,316891	3,471035
-2,545152	3,472992
-2,179934	3,473970
-2,453847	3,475275
-2,372325	3,477557
-2,310369	3,478209
-2,359282	3,481144
-2,046238	3,480818
-1,954933	3,483753
-2,629935	3,484405
-2,271238	3,487014
-2,199499	3,487340
-2,261456	3,489622
-2,512543	3,489622
-2,258195	3,492231
-2,179934	3,492557
-2,225586	3,494514
-2,056021	3,497449
-2,603848	3,497775
-2,382108	3,498753
-2,287543	3,501362
-2,163629	3,501362
-2,479934	3,504296
-2,137542	3,503970
-2,091890	3,506579
-2,659283	3,506905
-1,964716	3,509840
-2,238630	3,511144
-2,375586	3,511796
-2,127760	3,514079
-2,069064	3,515057
-2,056021	3,515383
-1,909281	3,518644
-2,157108	3,519622
-1,736455	3,521579
-2,232108	3,521579
-2,029934	3,524840
-2,209282	3,526144
-2,470152	3,526796
-2,444065	3,527122
-1,840803	3,530057
-1,974499	3,530383
-2,277760	3,531036
-2,016890	3,534949
-2,812544	3,534296
-1,964716	3,537883
-2,010368	3,538536
-2,362543	3,539514
-2,215803	3,541144
-2,307108	3,542449
-2,297325	3,543427
-1,925585	3,544731
-2,329934	3,546688
-2,336456	3,549623
-1,863629	3,549623
-2,427760	3,551579
-2,470152	3,553210
-2,232108	3,555166
-2,675587	3,556144
-2,447326	3,556470
-2,401673	3,559079
-2,254934	3,560057
-2,320151	3,561036
-1,981020	3,562666
-2,160369	3,565601
-2,264717	3,565275
-2,470152	3,567557
-2,251673	3,568536
-2,049499	3,569188
-2,137542	3,571796
-2,206021	3,571796
-1,909281	3,573101
-2,069064	3,576036
-2,404934	3,577014
-2,421239	3,578970
-2,215803	3,581253
-2,166890	3,582557
-1,912542	3,584188
-2,336456	3,583536
-2,196238	3,585492
-2,264717	3,587775
-2,225586	3,589731
-2,248412	3,590057
-2,157108	3,591688
-2,457108	3,594623
-2,506021	3,594949
-2,137542	3,596905
-2,085368	3,598210
-1,834281	3,598862
-2,401673	3,600818
-2,059281	3,603427
-2,049499	3,604079
-2,016890	3,605710
-1,912542	3,606688
-1,941890	3,607992
-2,026673	3,609949
-2,594065	3,610601
-1,909281	3,612231
-2,329934	3,614840
-1,804933	3,615818
-2,049499	3,617449
-1,742976	3,618753
-2,150586	3,619079
-1,886455	3,619731
-2,157108	3,622666
-2,023412	3,623971
-1,798411	3,624297
-2,192977	3,626253
-1,964716	3,629188
-2,170151	3,630818
-1,700585	3,632449
-1,997325	3,633753
-2,101673	3,633101
-1,811455	3,636036
-1,765803	3,636688
-1,932107	3,638644
-2,026673	3,639623
-2,082108	3,640275
-1,739716	3,643536
-2,121238	3,645166
-2,078847	3,647123
-1,831020	3,646797
-2,013629	3,649079
-2,003847	3,649079
-2,033194	3,651688
-2,085368	3,653971
-2,023412	3,654949
-2,140803	3,655601
-1,870151	3,657884
-1,879933	3,659514
-1,941890	3,659840
-2,196238	3,661471
-1,896238	3,662775
-2,395152	3,665058
-1,954933	3,666036
-1,994064	3,667992
-2,121238	3,669297
-2,091890	3,670601
-2,189716	3,671905
-2,183195	3,674188
-1,945151	3,676471
-2,111455	3,676797
-2,020151	3,677449
-1,645150	3,680710
-2,310369	3,680710
-2,352760	3,681688
-1,994064	3,683318
-1,951672	3,685275
-1,700585	3,687232
-2,007107	3,688210
-1,886455	3,688862
-1,899498	3,690818
-1,756020	3,692123
-1,573411	3,693753
-1,886455	3,695710
-1,619063	3,696688
-1,912542	3,697340
-1,756020	3,699297
-1,514715	3,700275
-2,007107	3,702232
-1,765803	3,702884
-2,192977	3,704840
-1,870151	3,706471
-1,641889	3,708101
-1,899498	3,709079
-1,700585	3,710384
-1,491889	3,713319
-1,488628	3,713319
-1,606020	3,715275
-1,563628	3,717232
-1,641889	3,719840
-1,919064	3,719188
-1,576672	3,721797
-1,544063	3,724405
-1,619063	3,725384
-1,560367	3,726362
-1,694063	3,727992
-1,113627	3,728971
-1,586454	3,730927
-1,319063	3,730927
-1,703846	3,732884
-1,795150	3,733862
-1,870151	3,735819
-1,260367	3,737449
-1,749498	3,739732
-1,778846	3,741362
-1,573411	3,742014
-1,720150	3,742666
-1,645150	3,744623
-1,609281	3,745275
-1,524498	3,747558
-1,439715	3,748862
-1,250584	3,750166
-1,671237	3,752123
-1,462541	3,753753
-1,664715	3,755710
-1,632107	3,755710
-1,433193	3,759623
-1,416889	3,758645
-1,306019	3,760601
-1,397324	3,762558
-1,495150	3,763536
-1,208193	3,765819
-1,478845	3,767775
-1,540802	3,768753
-1,126671	3,770384
-1,400584	3,771362
-1,465802	3,771688
-1,217975	3,773971
-1,586454	3,773971
-1,204932	3,776253
-1,560367	3,778862
-1,469063	3,780166
-1,436454	3,780819
-1,322323	3,782123
-1,211454	3,783427
-1,495150	3,785384
-1,390802	3,787993
-1,286454	3,789949
-1,279932	3,790275
-1,139714	3,791580
-1,407106	3,793536
-1,208193	3,793862
-1,619063	3,795493
-1,234280	3,796797
-1,244062	3,798427
-1,306019	3,802340
-1,077758	3,802667
-1,566889	3,803319
-1,557107	3,804297
-1,051671	3,806906
-1,263628	3,808210
-1,361454	3,808862
-1,328845	3,809514
-1,175584	3,810819
-1,345150	3,814080
-1,335367	3,815710
-1,231019	3,817014
-1,423411	3,817340
-0,758192	3,819949
-1,244062	3,820601
-1,403845	3,820927
-1,204932	3,823210
-1,165801	3,825493
-0,950584	3,826797
-1,198410	3,827123
-1,420150	3,829406
-0,741888	3,831688
-0,983192	3,831688
-0,908192	3,833645
-1,292976	3,835927
-0,937540	3,837558
-1,374497	3,837232
-0,970149	3,838536
-1,002758	3,841145
-0,931018	3,842449
-1,019062	3,845384
-1,204932	3,844732
-1,449498	3,846362
-1,074497	3,848645
-1,051671	3,850601
-1,175584	3,850927
-0,934279	3,851254
-0,983192	3,854188
-1,129932	3,855493
-0,621235	3,857449
-0,921236	3,858754
-0,979931	3,860384
-0,842975	3,860710
-1,227758	3,862993
-0,911453	3,865275
-1,048410	3,865275
-1,071236	3,866906
-1,058193	3,869514
-1,286454	3,869188
-1,204932	3,872123
-1,025584	3,873101
-1,201671	3,872449
-0,611453	3,875384
-0,797322	3,877014
-1,084280	3,879297
-1,035366	3,881254
-1,081019	3,881906
-0,657105	3,883536
-0,927757	3,883862
-0,914714	3,885819
-0,829931	3,888101
-1,103845	3,888754
-0,973410	3,891688
-0,944062	3,890710
-1,087540	3,892667
-0,601670	3,895275
-0,842975	3,896580
-0,872323	3,898210
-0,686453	3,899188
-0,533192	3,901797
-0,820149	3,901145
-0,816888	3,903754
-1,012540	3,905710
-0,631018	3,907015
-0,242974	3,908971
-0,702757	3,908971
-0,474496	3,911254
-0,409278	3,912232
-0,748409	3,914841
-0,467974	3,915819
-0,112539	3,915493
-0,650583	3,919406
-0,321235	3,918428
-0,846236	3,920710
-0,461452	3,922667
-0,344061	3,923645
-0,438626	3,925602
-0,764714	3,925928
-0,647322	3,928210
-0,278843	3,929515
-0,644061	3,932123
-0,542974	3,932449
-0,461452	3,933428
-0,500583	3,936362
-0,347322	3,937015
-0,826670	3,938645
-0,758192	3,940275
-0,331017	3,940928
-0,895149	3,943210
-0,194060	3,945167
-0,575583	3,945819
-0,324495	3,947123
-0,445148	3,948428
-0,578844	3,949732
-0,448409	3,951362
-0,334278	3,952015
-0,448409	3,954949
-0,614713	3,954949
-0,158191	3,957232
-0,438626	3,957884
-0,233191	3,960819
-0,640800	3,960493
-0,392974	3,963754
-0,415800	3,964080
-0,076669	3,967341
-0,565800	3,967015
-0,546235	3,969297
-0,510365	3,970928
-0,415800	3,971254
-0,252756	3,973536
-0,510365	3,974515
-0,637540	3,977449
-0,151669	3,977123
-0,076669	3,979080
-0,210365	3,981363
-0,311452	3,982015
-0,621235	3,983319
-0,226669	3,986580
-0,467974	3,987232
-0,265800	3,988210
-0,223408	3,988536
0,004853	3,991145
-0,109278	3,992123
-0,324495	3,992123
-0,216887	3,994732
-0,467974	3,996036
-0,008191	3,997667
0,314636	4,000276
-0,624496	4,000928
0,021157	4,002232
0,079853	4,002884
0,213549	4,004841
-0,106017	4,006797
0,236375	4,009080
0,229853	4,009732
0,363549	4,011036
0,017897	4,012993
0,167897	4,012993
-0,112539	4,014950
0,304854	4,018210
0,122245	4,019515
0,285288	4,018536
0,105940	4,022123
-0,053843	4,023428
0,079853	4,024406
-0,249495	4,025710
0,096158	4,026689
-0,373409	4,027667
-0,102756	4,030276
-0,467974	4,031580
0,187462	4,033863
-0,050582	4,034189
-0,145147	4,035167
-0,128843	4,037776
-0,079930	4,038754
0,158114	4,040058
0,268984	4,041363
0,027679	4,042993
0,011375	4,044297
0,079853	4,045276
-0,252756	4,048537
0,330941	4,050493
0,043984	4,051145
-0,086452	4,052124
0,242897	4,054732
-0,047321	4,056363
0,092897	4,055710
0,291810	4,057015
-0,376669	4,060602
0,295071	4,061580
0,070071	4,062884
0,582028	4,063537
0,105940	4,066145
0,141810	4,066145
0,125505	4,068754
0,552680	4,070058
0,366810	4,070058
0,255940	4,072667
-0,079930	4,072993
0,360288	4,075602
0,285288	4,075928
0,330941	4,078211
0,510289	4,079841
0,568985	4,080493
0,784202	4,082124
0,516811	4,084406
0,842898	4,087015
1,325508	4,087667
0,575506	4,087993
0,983116	4,090276
1,178768	4,091906
1,018985	4,093211
1,296160	4,093863
1,077681	4,096145
1,534204	4,096798
1,162464	4,099080
0,986377	4,100711
1,755943	4,102667
1,524421	4,102341
1,035290	4,103971
1,733117	4,105602
1,397247	4,107232
1,563552	4,107884
1,511378	4,110493
1,733117	4,111145
1,426595	4,112124
2,088553	4,115384
1,658117	4,116363
1,680943	4,117667
1,680943	4,118645
2,091814	4,119624
1,628769	4,121580
1,680943	4,122558
2,055944	4,125167
1,827683	4,127450
1,873335	4,128754
1,948335	4,130385
1,123333	4,130385
1,759204	4,132341
2,055944	4,132993
2,082031	4,135276
1,648334	4,137558
2,108118	4,136906
1,612465	4,139841
1,938552	4,140493
2,365727	4,142450
1,514639	4,144732
1,935291	4,144080
1,925509	4,147341
2,238553	4,147993
2,248336	4,149624
2,013553	4,151254
2,209205	4,152232
2,147248	4,153537
2,382031	4,154841
2,000509	4,156145
2,091814	4,157776
2,590728	4,159406
2,492901	4,160385
2,411379	4,162015
2,359205	4,164298
2,186379	4,164624
2,150509	4,166254
2,346162	4,168211
2,499423	4,169189
2,290727	4,172450
2,372249	4,172124
2,884206	4,174406
2,489640	4,174732
2,786380	4,177667
2,453771	4,178972
2,783119	4,179950
2,489640	4,182559
2,955946	4,182232
3,226598	4,183863
3,568990	4,185167
3,089642	4,187776
3,780947	4,188428
3,402686	4,190059
3,957034	4,191689
3,960295	4,193972
3,846165	4,194298
4,305948	4,195928
3,839643	4,197232
4,257035	4,198211
3,963556	4,200167
4,165731	4,201798
4,286383	4,203102
4,596166	4,204732
4,459209	4,207015
4,638558	4,208319
4,583123	4,210602
3,983122	4,210602
4,472253	4,212233
4,491818	4,212885
4,273339	4,216146
4,785297	4,215493
4,185296	4,218102
4,808123	4,220059
4,482036	4,221037
4,879862	4,222667
4,697253	4,224298
4,651601	4,224950
4,482036	4,226906
4,273339	4,227233
4,602688	4,228537
4,517905	4,232124
4,918993	4,233428
4,821167	4,234406
5,026602	4,235059
4,410296	4,236363
4,808123	4,239298
4,315731	4,241580
4,309209	4,242559
4,211383	4,241580
4,579862	4,243537
4,870080	4,245820
4,736384	4,246146
4,990732	4,249080
5,339646	4,250059
4,768993	4,250711
4,550514	4,251689
5,202689	4,254950
5,173341	4,255928
5,496168	4,256580
5,029863	4,258863
4,857036	4,261146
4,723340	4,260493
5,443994	4,262776
4,964645	4,264407
4,618992	4,263754
5,450516	4,267341
5,192906	4,268320
5,580951	4,269624
5,137472	4,271907
5,404863	4,272885
5,300515	4,273537
5,737473	4,276146
6,141821	4,276798
6,167908	4,277776
6,578779	4,281363
6,526605	4,282667
7,178780	4,283646
7,051606	4,285928
7,495085	4,286254
7,827694	4,286907
8,020086	4,288211
8,274434	4,291798
8,085303	4,291146
8,652696	4,292776
8,378782	4,295711
8,734218	4,297994
8,714652	4,297667
9,233132	4,298646
9,145088	4,299624
9,226610	4,302885
9,604871	4,303537
9,735306	4,304189
9,673350	4,307450
9,696176	4,307124
9,692915	4,310059
9,679872	4,310711
10,214655	4,312341
9,833133	4,313972
9,859220	4,315276
9,829872	4,316581
9,722263	4,318863
10,025524	4,318863
9,383132	4,321798
9,686393	4,323102
10,442917	4,323428
10,244003	4,324733
9,689654	4,327015
10,230960	4,328972
10,054872	4,330928
10,155959	4,332233
10,142916	4,332559
10,169003	4,335168
10,439656	4,335820
10,165742	4,337450
10,211394	4,338428
10,508134	4,339733
10,645091	4,342668
10,230960	4,342341
10,661395	4,345602
10,472264	4,346907
10,403786	4,346907
10,752700	4,349515
10,413569	4,350820
10,452699	4,351798
10,400525	4,353755
10,524438	4,354733
10,625526	4,356363
10,579873	4,357668
10,537482	4,359298
10,482047	4,361255
10,902700	4,362233
10,677700	4,364515
10,713569	4,364515
10,769004	4,365820
10,651613	4,368755
10,690743	4,369733
10,879874	4,372015
11,013570	4,371363
10,801613	4,373972
11,603788	4,375602
11,307049	4,374950
11,382049	4,377233
11,444005	4,380168
11,372266	4,381472
11,466832	4,381798
11,545093	4,384407
11,900528	4,385385
11,887484	4,387015
12,164659	4,387668
12,014659	4,390602
12,119007	4,391255
12,076615	4,393537
12,445094	4,393537
12,314659	4,396472
12,096181	4,396472
12,102702	4,398429
11,991833	4,400059
12,236398	4,402015
12,278790	4,402994
12,562486	4,404950
12,272268	4,406255
12,419007	4,408537
12,050528	4,408537
12,405964	4,410820
12,151615	4,410820
12,317920	4,413102
11,933137	4,412776
11,969006	4,416689
12,154876	4,417342
12,321181	4,419950
12,291833	4,420929
12,037485	4,422233
12,102702	4,422559
12,246181	4,424516
12,419007	4,426146
12,435312	4,427124
12,252703	4,429407
12,223355	4,430385
11,929876	4,431363
11,724441	4,432994
11,815745	4,435603
11,884224	4,436581
11,499440	4,438211
11,766832	4,439842
12,073354	4,440820
11,786397	4,442124
11,770093	4,443429
11,176614	4,444081
11,391831	4,445711
11,496179	4,446363
11,496179	4,448646
11,417918	4,451581
11,470092	4,452559
11,378788	4,452885
11,502701	4,455168
11,633136	4,455494
11,398353	4,458429
11,574440	4,459081
11,404875	4,460711
11,437484	4,463320
11,059222	4,463320
11,209222	4,466255
10,791830	4,466581
11,346179	4,467885
11,117918	4,469516
11,538571	4,471146
11,183135	4,473429
11,238570	4,473429
11,160309	4,474407
11,303788	4,478320
11,078787	4,477668
10,925526	4,479298
11,166831	4,481581
10,870091	4,483537
11,042918	4,483537
10,716830	4,485820
10,680960	4,488103
10,625526	4,489407
11,140744	4,491363
10,798352	4,491690
10,498351	4,492668
10,648352	4,493972
10,351612	4,495929
10,742917	4,497885
10,547265	4,498211
10,120090	4,500494
10,178786	4,501146
10,358134	4,503755
10,488569	4,504407
10,045090	4,505059
10,217916	4,507016
10,139655	4,509950
9,934220	4,510929
9,780959	4,511581
10,185307	4,512559
10,332047	4,514842
9,719002	4,515820
9,901611	4,518755
9,396175	4,519081
9,663567	4,520711
9,777698	4,522342
9,223349	4,522994
9,409219	4,525603
9,454871	4,526907
9,291827	4,528211
9,220088	4,529190
9,050523	4,530494
8,682044	4,532124
8,678783	4,534407
8,805957	4,534733
8,245086	4,536690
8,440739	4,537342
8,704870	4,538646
8,385304	4,542885
7,896172	4,541581
7,948346	4,545168
7,625520	4,545494
7,827694	4,547451
7,576607	4,547777
7,566824	4,549733
7,618998	4,550059
7,804868	4,552016
7,736390	4,552668
7,609215	4,555929
7,067910	4,557233
7,367911	4,558211
7,305954	4,558864
7,847259	4,561146
7,230954	4,563755
7,129867	4,564407
7,048345	4,565385
7,377693	4,566690
7,283128	4,567668
7,583128	4,570277
6,758127	4,570603
6,718996	4,572559
7,279867	4,574842
7,077693	4,575820
6,738562	4,578429
6,673344	4,580059
6,865736	4,580711
6,389648	4,581690
6,503779	4,583320
6,640735	4,583972
6,242908	4,584625
6,161387	4,586581
6,855953	4,588211
6,252691	4,589842
6,079865	4,593103
5,828777	4,593103
6,089647	4,593755
5,867908	4,596038
5,734212	4,597342
5,695081	4,599298
5,137472	4,600929
5,691820	4,602233
5,453776	4,604516
5,708125	4,605494
5,297254	4,607125
5,580951	4,608755
5,590733	4,609407
5,013558	4,611038
4,720079	4,612342
5,049428	4,614298
4,974428	4,614951
4,837471	4,615277
4,814645	4,618538
4,498340	4,619516
4,651601	4,621146
4,146165	4,622125
4,433122	4,624407
3,898339	4,625059
3,934208	4,626364
3,728773	4,628972
3,650512	4,629625
3,705947	4,629625
3,943991	4,631907
3,448338	4,633538
3,171163	4,636472
3,249424	4,637451
2,695076	4,638103
3,099424	4,639407
2,460292	4,642668
2,505945	4,642016
1,824422	4,644299
1,961378	4,646581
1,886378	4,647233
1,716813	4,648212
1,521160	4,650820
0,927681	4,651472
0,810289	4,653755
1,064638	4,654407
0,732028	4,656364
1,028768	4,658320
0,158114	4,659625
0,370071	4,659951
0,601593	4,663212
0,555941	4,662886
0,174419	4,663864
0,591811	4,666146
0,500506	4,667125
0,396158	4,669407
0,533115	4,670386
0,578767	4,671690
0,432028	4,673320
0,640724	4,673646
0,409202	4,675603
0,096158	4,677233
0,291810	4,679190
0,340723	4,681146
-0,119060	4,683103
0,503767	4,685060
0,500506	4,685060
0,337462	4,687016
0,295071	4,687668
0,210288	4,688973
-0,044060	4,690603
-0,004930	4,692886
0,301593	4,694842
-0,021234	4,694516
-0,278843	4,696146
-0,288626	4,697451
0,017897	4,700060
-0,435365	4,701690
-0,112539	4,702994
0,027679	4,704625
-0,617974	4,705929
-0,112539	4,707560
0,135288	4,709190
-0,278843	4,710168
-0,242974	4,711473
-0,233191	4,713755
-0,419061	4,714733
-0,520148	4,715386
-0,441887	4,716038
-0,601670	4,719299
-0,396235	4,720929
-0,285365	4,720929
-0,611453	4,722233
-0,735366	4,724190
-1,103845	4,725168
-0,608192	4,726799
-0,679931	4,729081
-0,878844	4,731038
-1,077758	4,731038
-0,944062	4,732342
-0,816888	4,733973
-0,924497	4,735603
-0,947323	4,736581
-1,195149	4,739190
-1,045149	4,741147
-1,302758	4,742777
-1,299497	4,742125
-1,416889	4,745386
-0,882105	4,745712
-1,547324	4,746690
-1,292976	4,749951
-1,469063	4,750929
-1,817977	4,750603
-1,772324	4,754190
-2,160369	4,755168
-2,137542	4,756473
-2,271238	4,758429
-1,954933	4,760060
-2,238630	4,760060
-2,342978	4,762016
-2,062542	4,763973
-1,922325	4,765277
-1,971238	4,766907
-1,853846	4,768864
-2,274499	4,769842
-2,186456	4,771473
-2,065803	4,772125
-2,277760	4,773755
-1,912542	4,775712
-2,153847	4,775712
-2,528848	4,778321
-1,840803	4,780929
-2,078847	4,781581
-2,235369	4,783538
-2,088629	4,783538
-1,984281	4,786147
-2,329934	4,786799
-1,902759	4,788755
-2,502761	4,788429
-1,648411	4,791690
-1,681020	4,791690
-2,163629	4,794625
-2,042977	4,796908
-1,941890	4,796908
-2,026673	4,799190
-2,362543	4,798538
-2,166890	4,803103
-2,056021	4,802777
-2,082108	4,804408
-1,951672	4,804734
-2,571239	4,807016
-2,506021	4,809625
-2,069064	4,810603
-2,091890	4,810603
-2,219064	4,813864
-2,225586	4,814842
-1,932107	4,815821
-2,150586	4,818103
-1,716889	4,818429
-1,984281	4,819734
-2,421239	4,822016
-2,176673	4,822668
-2,160369	4,825277
-2,137542	4,825929
-2,209282	4,828212
-2,059281	4,827560
-2,134282	4,831473
-2,470152	4,831799
-2,173412	4,833103
-2,261456	4,834082
-1,941890	4,837016
-2,052760	4,837668
-2,166890	4,837995
-2,349499	4,840603
-2,313630	4,842560
-1,892977	4,842886
-1,798411	4,844190
-1,866890	4,847125
-2,033194	4,846799
-2,274499	4,849408
-2,254934	4,851690
-2,382108	4,853321
-2,189716	4,853973
-2,206021	4,855603
-2,362543	4,855929
-2,199499	4,859190
-2,206021	4,859842
-2,369065	4,860495
-2,238630	4,862451
-1,932107	4,862777
-1,941890	4,866364
-2,121238	4,866364
-2,316891	4,868321
-2,496239	4,870929
-2,323412	4,871256
-2,033194	4,871908
-2,303847	4,875169
-2,447326	4,874842
-2,117977	4,876799
-2,176673	4,878756
-1,948412	4,879408
-2,000586	4,881364
-2,264717	4,882342
-2,290804	4,883647
-2,101673	4,884625
-1,935368	4,886582
-2,209282	4,887886
-2,007107	4,889516
-2,101673	4,892125
-2,144064	4,893103
-2,382108	4,894408
-2,509282	4,895060
-2,457108	4,897669
-2,222325	4,897669
-2,016890	4,899299
-2,512543	4,901908
-2,466891	4,902560
-2,127760	4,904516
-2,375586	4,906147
-1,531020	4,908429
-2,225586	4,907451
-2,241890	4,909734
-2,254934	4,912343
-2,209282	4,913647
-2,372325	4,915603
-1,967977	4,915603
-1,879933	4,918538
-2,228847	4,919190
-2,114716	4,919516
-2,342978	4,922451
-1,850585	4,923756
-2,114716	4,924408
-2,610369	4,926038
-2,131021	4,927343
-1,912542	4,930277
-2,160369	4,929951
-1,909281	4,932234
-2,098412	4,932886
-2,225586	4,936147
-2,170151	4,936473
-1,899498	4,937451
-2,075586	4,940712
-2,241890	4,942669
-2,013629	4,942669
-2,189716	4,944951
-2,320151	4,945603
-2,734283	4,946256
-2,411456	4,948864
-2,121238	4,949843
-2,672326	4,952125
-1,964716	4,953430
-1,765803	4,954082
-2,212543	4,956690
-2,147325	4,955386
-2,137542	4,957995
-2,121238	4,959299
-2,121238	4,960930
-2,313630	4,962886
-2,121238	4,964190
-1,892977	4,966473
-2,258195	4,968104
-2,029934	4,968756
-1,570150	4,970712
-2,176673	4,970386
-2,173412	4,972669
-1,837542	4,974299
-2,251673	4,975930
-1,831020	4,979191
-2,160369	4,978538
-2,033194	4,981799
-1,909281	4,982125
-1,782107	4,982777
-1,977759	4,985386
-2,235369	4,987017
-2,137542	4,987995
-2,046238	4,989951
-2,600587	4,990277
-1,964716	4,991908
-2,013629	4,993864
-2,042977	4,995169
-1,896238	4,996473
-2,391891	4,997125
-2,091890	4,998756
-2,010368	5,001038
-2,026673	5,001691
-1,964716	5,003647
-1,997325	5,003647
-2,251673	5,006908
-1,857107	5,006582
-2,153847	5,009517
-1,919064	5,011473
-1,977759	5,013104
-2,144064	5,013430
-2,117977	5,016364
-1,873411	5,017669
-2,088629	5,016691
-2,300586	5,020930
