-2,506021	0,985596
-2,287543	0,987226
-2,417978	0,986248
-2,183195	0,987226
-2,157108	0,985922
-2,708196	0,990487
-2,297325	0,990813
-2,473413	0,991465
-2,597326	0,994074
-2,232108	0,995052
-2,502761	0,997335
-2,411456	0,997661
-1,958194	1,000596
-2,675587	0,999944
-2,382108	1,002879
-2,199499	1,001574
-2,753848	1,005813
-2,496239	1,007118
-2,222325	1,009400
-2,356021	1,008096
-2,701674	1,010379
-2,796239	1,012009
-2,160369	1,012661
-2,489717	1,016248
-2,372325	1,016248
-2,039716	1,019183
-2,463630	1,020487
-2,792978	1,020813
-1,948412	1,022118
-2,600587	1,024400
-2,656022	1,024400
-2,131021	1,027661
-2,101673	1,027987
-2,352760	1,030596
-2,395152	1,030596
-2,463630	1,031900
-2,258195	1,034509
-2,567978	1,035161
-2,356021	1,037118
-2,408195	1,037444
-2,382108	1,039400
-2,473413	1,041357
-2,603848	1,042009
-2,170151	1,045270
-2,313630	1,047226
-2,492978	1,046900
-2,506021	1,048531
-2,434282	1,051792
-2,440804	1,052444
-2,642978	1,052118
-2,303847	1,054400
-2,372325	1,055705
-2,463630	1,056683
-2,026673	1,058640
-2,271238	1,059618
-2,727761	1,061248
-2,209282	1,063531
-1,990803	1,063857
-2,463630	1,067444
-2,763631	1,068422
-2,297325	1,069400
-2,215803	1,071357
-2,189716	1,073313
-2,678848	1,074618
-2,219064	1,074292
-2,509282	1,077226
-2,111455	1,078531
-1,814716	1,079183
-2,294064	1,082444
-2,238630	1,082444
-2,662543	1,084074
-2,656022	1,084400
-2,603848	1,086357
-2,404934	1,089292
-2,965805	1,090596
-2,382108	1,090270
-2,574500	1,092227
-2,267977	1,095161
-2,509282	1,095813
-2,496239	1,096792
-2,238630	1,098748
-2,652761	1,098422
-2,277760	1,101031
-2,323412	1,103966
-2,470152	1,103640
-2,571239	1,106574
-2,033194	1,108205
-2,424499	1,108531
-2,023412	1,110814
-2,095151	1,110487
-2,417978	1,113096
-2,858196	1,115379
-2,088629	1,115705
-2,157108	1,118314
-2,395152	1,118314
-2,176673	1,119292
-2,307108	1,123205
-2,329934	1,123531
-2,281021	1,124183
-2,623413	1,124509
-2,359282	1,128748
-2,532108	1,130053
-2,581022	1,130053
-2,375586	1,131357
-2,300586	1,132335
-2,297325	1,136248
-2,391891	1,137227
-2,404934	1,138205
-2,222325	1,139183
-2,127760	1,139835
-2,463630	1,142444
-2,085368	1,144727
-2,104934	1,144401
-2,117977	1,147661
-2,117977	1,147661
-2,303847	1,148640
-2,277760	1,150596
-2,271238	1,152553
-2,170151	1,154509
-2,147325	1,156466
-2,473413	1,157118
-2,173412	1,157444
-1,844064	1,159074
-2,356021	1,161357
-2,509282	1,163314
-1,964716	1,163314
-2,574500	1,166574
-2,297325	1,167227
-2,610369	1,168531
-2,499500	1,168857
-1,795150	1,171466
-1,896238	1,172770
-2,512543	1,175705
-2,065803	1,177009
-2,372325	1,177661
-1,919064	1,178314
-2,375586	1,181248
-2,460369	1,182227
-2,078847	1,184183
-1,935368	1,184835
-2,039716	1,186792
-1,857107	1,186140
-2,421239	1,187444
-2,232108	1,190379
-1,381019	1,190705
-2,016890	1,193314
-2,166890	1,193966
-2,075586	1,196901
-2,157108	1,199509
-1,906020	1,198531
-2,342978	1,200488
-1,883194	1,202444
-1,609281	1,203748
-1,922325	1,204401
-2,150586	1,206357
-2,238630	1,207662
-1,720150	1,209944
-2,026673	1,210922
-1,928846	1,213531
-1,954933	1,213205
-1,844064	1,214835
-1,984281	1,215814
-1,886455	1,217444
-2,088629	1,221031
-1,651672	1,220705
-2,290804	1,222662
-1,628846	1,223314
-2,091890	1,225922
-2,215803	1,228205
-2,147325	1,228205
-2,183195	1,229835
-1,938629	1,231140
-1,954933	1,231140
-2,101673	1,233422
-2,078847	1,236683
-2,088629	1,236683
-2,251673	1,237988
-2,215803	1,240922
-2,085368	1,242227
-2,437543	1,242227
-2,303847	1,243857
-2,212543	1,247118
-2,108195	1,246792
-2,212543	1,249401
-2,476673	1,251031
-2,649500	1,253314
-2,238630	1,253314
-2,245151	1,255270
-2,166890	1,256901
-1,941890	1,257227
-2,284282	1,259183
-2,108195	1,259509
-2,336456	1,260814
-2,222325	1,262770
-2,313630	1,263749
-2,254934	1,266357
-2,359282	1,267336
-2,551674	1,268640
-1,814716	1,269618
-2,261456	1,271901
-2,287543	1,273205
-2,059281	1,275162
-2,411456	1,277770
-1,889716	1,278096
-2,375586	1,277770
-2,085368	1,280053
-2,023412	1,281683
-1,932107	1,283966
-2,075586	1,286249
-2,434282	1,287879
-2,134282	1,288857
-2,147325	1,289510
-1,808194	1,292118
-1,870151	1,293096
-1,847324	1,295053
-1,612541	1,294401
-1,563628	1,296031
-1,902759	1,299618
-2,170151	1,298640
-1,984281	1,301575
-2,163629	1,302879
-2,369065	1,304836
-2,294064	1,304510
-1,909281	1,307444
-1,883194	1,308097
-2,121238	1,310053
-2,245151	1,311357
-2,652761	1,312336
-2,267977	1,314292
-2,359282	1,314618
-2,016890	1,315597
-1,896238	1,318205
-1,958194	1,320488
-1,798411	1,321792
-2,206021	1,324401
-1,504933	1,325053
-1,912542	1,325705
-1,919064	1,327988
-2,036455	1,328966
-2,189716	1,329618
-1,641889	1,331575
-2,320151	1,334184
-2,056021	1,333857
-1,915803	1,335814
-1,990803	1,336792
-2,042977	1,339727
-2,385369	1,341684
-2,336456	1,342662
-2,173412	1,342010
-1,896238	1,345597
-2,199499	1,345923
-2,062542	1,347879
-2,281021	1,349836
-2,375586	1,351140
-2,535369	1,352444
-1,964716	1,353097
-1,795150	1,354401
-1,847324	1,355379
-2,473413	1,357662
-2,228847	1,359292
-2,056021	1,361249
-2,173412	1,363531
-2,199499	1,364184
-1,837542	1,366140
-2,062542	1,366792
-2,026673	1,367444
-2,010368	1,370053
-2,271238	1,371357
-1,990803	1,373966
-2,258195	1,373966
-2,238630	1,376249
-1,899498	1,376901
-2,238630	1,379184
-1,625585	1,380488
-1,788629	1,382444
-1,866890	1,384401
-1,612541	1,384727
-1,671237	1,384727
-1,713629	1,388314
-1,808194	1,389292
-1,204932	1,388966
-2,000586	1,392553
-1,703846	1,392227
-1,788629	1,395162
-1,713629	1,394836
-1,511454	1,396792
-1,345150	1,397445
-1,374497	1,400379
-1,433193	1,402336
-1,716889	1,403640
-1,762542	1,405597
-1,394063	1,405597
-1,540802	1,406575
-1,475585	1,408205
-1,716889	1,411140
-1,253845	1,409836
-1,475585	1,411466
-1,211454	1,414401
-1,182106	1,415379
-1,113627	1,417662
-1,188628	1,417988
-0,931018	1,420271
-1,113627	1,420923
-1,191888	1,424836
-1,922325	1,424510
-1,110367	1,427771
-1,449498	1,429727
-1,521237	1,430053
-1,710368	1,431358
-0,829931	1,432336
-1,449498	1,433314
-1,795150	1,434618
-1,387541	1,436575
-1,390802	1,438532
-1,879933	1,440488
-1,495150	1,441792
-1,677759	1,442445
-1,615802	1,445379
-1,733194	1,445705
-2,277760	1,446358
-1,821237	1,447010
-1,902759	1,449292
-1,687542	1,451575
-1,844064	1,452227
-1,746237	1,455488
-1,716889	1,455162
-1,883194	1,456792
-1,247323	1,458097
-1,906020	1,460053
-1,579933	1,462662
-1,694063	1,463640
-1,671237	1,464292
-1,883194	1,466249
-1,736455	1,467553
-1,416889	1,470814
-1,756020	1,469836
-1,142975	1,473423
-1,684281	1,472445
-1,710368	1,474075
-1,377758	1,477988
-1,390802	1,477010
-0,803844	1,479945
-1,420150	1,480271
-1,116888	1,481901
-1,110367	1,484510
-1,266889	1,486140
-0,790801	1,486466
-0,869062	1,488749
-0,784279	1,488749
-0,321235	1,490053
-0,138626	1,492336
0,043984	1,493640
-0,138626	1,495923
-0,190800	1,496575
-0,203843	1,498206
0,034201	1,499510
-0,096234	1,499510
-0,285365	1,501466
0,317897	1,502445
-0,112539	1,506032
0,086375	1,506032
-0,057104	1,508314
-0,484278	1,510271
0,079853	1,511249
-0,060365	1,512880
0,050505	1,514184
-0,112539	1,515488
-0,259278	1,517445
-0,076669	1,518749
-0,190800	1,520380
-0,562539	1,522662
-0,128843	1,523314
-0,363626	1,524619
-0,070147	1,525923
-0,497322	1,527880
-0,412539	1,529184
-0,314713	1,530488
-0,406017	1,531466
-0,823409	1,534075
-0,983192	1,534401
-1,094062	1,535706
-1,002758	1,537662
-1,002758	1,538314
-1,094062	1,540923
-1,244062	1,541901
-1,576672	1,542880
-1,544063	1,544184
-1,716889	1,547445
-1,544063	1,547445
-1,286454	1,550380
-1,821237	1,551358
-1,857107	1,551358
-1,729933	1,553967
-1,488628	1,554945
-1,403845	1,557554
-1,371237	1,558206
-1,661455	1,559510
-1,504933	1,560814
-1,589715	1,561793
-1,742976	1,562771
-1,729933	1,565706
-1,834281	1,567010
-1,517976	1,567988
-1,641889	1,568314
-1,550585	1,568314
-1,700585	1,571575
-1,612541	1,574184
-1,410367	1,576140
-1,410367	1,578097
-1,547324	1,579401
-1,142975	1,579727
-0,937540	1,580380
-0,751670	1,583641
-1,442976	1,585271
-1,358193	1,585597
-1,214715	1,585923
-0,842975	1,587880
-0,441887	1,590162
-0,513626	1,593097
-0,777757	1,593097
-0,634279	1,594401
-0,490800	1,597336
-0,715801	1,597662
-0,461452	1,597662
-0,357104	1,601249
-0,340800	1,600923
-0,060365	1,602880
-0,588626	1,603858
-0,256017	1,606141
-0,415800	1,606793
-0,556018	1,610054
-0,396235	1,610706
-0,503844	1,612662
-0,386452	1,612336
-0,598409	1,615271
-0,706018	1,616575
-0,826670	1,617554
-0,686453	1,619836
-0,539713	1,619510
-0,265800	1,622119
-0,706018	1,622445
-0,660366	1,625706
-0,497322	1,626032
-0,833192	1,628641
-1,025584	1,629619
-0,660366	1,629945
-0,917975	1,632554
-0,829931	1,632228
-1,103845	1,634184
-1,077758	1,635815
-1,126671	1,638423
-1,058193	1,640054
-1,253845	1,641684
-1,801672	1,642336
-1,658194	1,642988
-1,452758	1,643967
-1,912542	1,645271
-1,824498	1,648206
-1,772324	1,650488
-1,909281	1,652119
-1,831020	1,652445
-1,938629	1,654075
-1,853846	1,655706
-1,938629	1,657336
-1,671237	1,659293
-1,896238	1,661249
-1,840803	1,661249
-1,524498	1,664510
-1,873411	1,663858
-2,010368	1,666141
-1,791890	1,667771
-1,720150	1,669728
-1,566889	1,670706
-1,808194	1,670706
-1,752759	1,671684
-1,576672	1,672989
-2,095151	1,675271
-1,772324	1,677554
-1,938629	1,678858
-1,615802	1,680162
-1,547324	1,681467
-1,831020	1,684402
-1,495150	1,684728
-1,270149	1,687010
-1,449498	1,687989
-1,390802	1,688967
-1,201671	1,691249
-1,762542	1,692880
-1,517976	1,694510
-1,381019	1,694836
-1,253845	1,696141
-1,456019	1,698423
-0,852757	1,698423
-1,240802	1,700054
-1,354932	1,701032
-1,625585	1,702336
-1,025584	1,705271
-0,895149	1,707880
-1,107106	1,708206
-1,156019	1,708206
-1,182106	1,712119
-1,312541	1,713097
-1,191888	1,713097
-1,302758	1,716032
-1,782107	1,716684
-1,831020	1,717663
-1,641889	1,719619
-1,524498	1,721576
-1,531020	1,721249
-1,341889	1,723532
-1,677759	1,725163
-1,785368	1,726467
-2,042977	1,729076
-1,599498	1,729076
-1,804933	1,731684
-1,664715	1,732010
-1,742976	1,732989
-1,482106	1,734619
-1,964716	1,737880
-1,883194	1,738858
-1,834281	1,740815
-1,827759	1,740489
-2,069064	1,743423
-2,095151	1,743750
-1,909281	1,746358
-1,694063	1,747010
-1,935368	1,749293
-1,974499	1,750597
-2,108195	1,751902
-2,199499	1,753206
-1,883194	1,756141
-2,170151	1,756467
-1,909281	1,758423
-1,958194	1,759076
-2,424499	1,761684
-2,039716	1,762989
-1,817977	1,763967
-2,144064	1,765597
-2,287543	1,765597
-1,987542	1,768532
-2,329934	1,770815
-2,245151	1,771141
-1,801672	1,771467
-1,570150	1,772771
-2,147325	1,773750
-1,198410	1,775706
-1,495150	1,778315
-1,566889	1,780271
-1,478845	1,779293
-1,234280	1,780923
-1,322323	1,782880
-0,673409	1,785815
-1,061453	1,788097
-0,790801	1,786467
-0,425583	1,788750
-0,366887	1,790706
-0,660366	1,791358
-0,106017	1,794293
-0,441887	1,797228
-0,086452	1,795924
-0,181017	1,797554
-0,399496	1,799837
-0,327756	1,801793
0,014636	1,803097
-0,092973	1,804728
-0,311452	1,805380
-0,167973	1,808315
-0,520148	1,808967
-0,122321	1,809945
-0,096234	1,812228
-0,666887	1,812228
-0,745148	1,813532
-0,327756	1,815163
-0,301669	1,816793
-0,725583	1,817445
-0,471235	1,819402
-0,751670	1,822663
-0,650583	1,822011
-1,025584	1,823641
-0,529931	1,825924
-0,445148	1,827554
-0,738627	1,828206
-0,823409	1,829511
-0,735366	1,831141
-0,940801	1,833750
-1,116888	1,835706
-1,338628	1,837663
-0,869062	1,837989
-1,165801	1,838641
-1,472324	1,840271
-1,863629	1,840271
-1,827759	1,842880
-2,212543	1,845489
-2,277760	1,847119
-1,592976	1,846793
-2,160369	1,849076
-2,284282	1,851358
-2,124499	1,852989
-2,160369	1,853315
-2,075586	1,854619
-2,088629	1,856576
-2,313630	1,857554
-1,850585	1,859837
-2,225586	1,859511
-2,352760	1,862771
-2,303847	1,865054
-2,235369	1,864402
-2,450586	1,867011
-2,117977	1,867663
-2,603848	1,869619
-2,378847	1,871576
-2,056021	1,873206
-2,551674	1,874837
-2,023412	1,875489
-2,483195	1,876793
-2,131021	1,877119
-2,085368	1,879402
-2,460369	1,880054
-2,228847	1,882011
-2,502761	1,884293
-1,964716	1,886576
-2,088629	1,887228
-1,847324	1,888858
-2,111455	1,890489
-2,339717	1,893098
-1,951672	1,891793
-2,065803	1,894728
-2,137542	1,896032
-2,235369	1,896359
-2,026673	1,897337
-2,163629	1,900598
-2,284282	1,902228
-2,062542	1,902880
-2,192977	1,903206
-1,873411	1,906141
-2,509282	1,908424
-1,938629	1,909076
-1,821237	1,910054
-1,886455	1,911359
-2,323412	1,912337
-1,635368	1,914619
-2,098412	1,916902
-2,111455	1,917554
-2,740804	1,918532
-2,075586	1,921793
-2,121238	1,922772
-2,104934	1,923098
-2,369065	1,923750
-2,209282	1,925380
-2,189716	1,928315
-2,013629	1,928315
-1,834281	1,931576
-1,844064	1,931576
-2,140803	1,933206
-1,723411	1,935489
-2,140803	1,936141
-2,603848	1,937446
-2,466891	1,940054
-2,192977	1,939402
-2,140803	1,942011
-2,241890	1,943641
-2,000586	1,944619
-2,512543	1,947880
-2,104934	1,948859
-1,958194	1,948859
-1,896238	1,950163
-2,173412	1,952119
-2,623413	1,953750
-2,512543	1,954728
-2,414717	1,956359
-2,121238	1,958315
-2,489717	1,958641
-2,554935	1,960598
-1,866890	1,962880
-2,424499	1,964837
-2,346238	1,966141
-2,232108	1,967120
-2,294064	1,967772
-2,170151	1,970054
-2,173412	1,970706
-2,329934	1,972337
-2,369065	1,973315
-2,349499	1,976576
-2,316891	1,976902
-2,356021	1,977880
-2,225586	1,979837
-2,209282	1,980815
-2,463630	1,983098
-2,160369	1,985054
-2,417978	1,987337
-2,033194	1,987337
-2,059281	1,989620
-2,584282	1,991250
-2,179934	1,992554
-1,922325	1,994185
-2,486456	1,993533
-2,388630	1,995163
-2,271238	1,997446
-1,798411	1,998750
-2,209282	2,000054
-2,685370	2,002663
-2,274499	2,002989
-2,613630	2,004293
-1,925585	2,005598
-2,356021	2,006576
-2,326673	2,008207
-2,333195	2,010489
-2,082108	2,011141
-1,850585	2,013098
-2,427760	2,014728
-2,134282	2,017989
-2,300586	2,016685
-2,222325	2,019946
-2,382108	2,021902
-2,313630	2,022554
-2,170151	2,023859
-2,401673	2,025489
-1,977759	2,026141
-2,307108	2,027772
-2,453847	2,030380
-1,981020	2,031359
-2,708196	2,031359
-2,636456	2,034946
-2,313630	2,035272
-2,375586	2,038533
-2,284282	2,037881
-2,600587	2,040815
-1,912542	2,041794
-2,414717	2,042772
-2,173412	2,044402
-2,186456	2,045381
-2,336456	2,047337
-2,444065	2,048315
-2,134282	2,049946
-2,241890	2,052228
-2,274499	2,052881
-2,408195	2,056141
-2,303847	2,054511
-2,447326	2,058424
-2,453847	2,059076
-1,928846	2,060054
-2,336456	2,061685
-2,140803	2,062011
-2,636456	2,064946
-2,515804	2,067228
-2,398412	2,068207
-2,417978	2,069837
-2,796239	2,070815
-2,382108	2,073098
-2,336456	2,075054
-2,219064	2,073098
-2,065803	2,075381
-2,411456	2,077337
-2,378847	2,078968
-2,359282	2,080272
-2,310369	2,081250
-2,199499	2,084837
-2,192977	2,086141
-2,414717	2,085815
-2,476673	2,087120
-2,352760	2,088098
-1,945151	2,091359
-2,179934	2,092663
-1,919064	2,094946
-2,062542	2,094946
-2,362543	2,095924
-2,238630	2,096902
-2,013629	2,098859
-2,284282	2,101468
-1,827759	2,101794
-2,356021	2,103424
-2,232108	2,105055
-2,013629	2,107989
-2,261456	2,108315
-2,111455	2,109620
-2,538630	2,112228
-2,065803	2,112555
-2,300586	2,114185
-2,140803	2,114837
-2,440804	2,117446
-2,131021	2,119728
-2,607109	2,119728
-2,121238	2,120381
-2,603848	2,122337
-2,225586	2,125598
-2,783196	2,126250
-2,770152	2,126902
-2,225586	2,127555
-2,326673	2,129837
-2,492978	2,131794
-2,753848	2,134402
-2,206021	2,135055
-2,382108	2,135707
-2,346238	2,138642
-2,166890	2,139294
-2,359282	2,139294
-2,346238	2,142229
-2,108195	2,143533
-2,166890	2,145816
-2,326673	2,145163
-2,545152	2,147120
-2,316891	2,150707
-1,977759	2,151359
-2,453847	2,152989
-1,994064	2,153316
-2,264717	2,152989
-2,258195	2,156902
-2,101673	2,158207
-2,545152	2,159511
-2,447326	2,161468
-2,431021	2,163424
-2,346238	2,164729
-2,346238	2,164729
-2,329934	2,167337
-2,558195	2,168316
-2,336456	2,169620
-2,192977	2,169620
-2,095151	2,172229
-2,072325	2,172881
-2,225586	2,174837
-2,822326	2,177446
-2,329934	2,178750
-2,691891	2,179729
-2,372325	2,181685
-2,342978	2,183642
-2,457108	2,184620
-2,336456	2,186576
-2,603848	2,186250
-2,669065	2,188533
-2,382108	2,190816
-2,206021	2,191794
-2,088629	2,192446
-2,408195	2,193750
-2,956022	2,195707
-2,326673	2,198642
-2,320151	2,199294
-2,385369	2,200924
-2,391891	2,201250
-2,042977	2,201576
-2,431021	2,205816
-2,101673	2,207446
-2,320151	2,207772
-2,248412	2,208098
-2,391891	2,209729
-2,346238	2,210707
-2,078847	2,214294
-2,369065	2,214620
-2,150586	2,217229
-2,352760	2,216577
-2,320151	2,217881
-2,444065	2,219837
-2,669065	2,222446
-2,117977	2,221794
-2,049499	2,225707
-2,545152	2,226033
-2,183195	2,226685
-1,974499	2,229620
-2,522326	2,230924
-2,326673	2,232229
-2,466891	2,233207
-2,470152	2,234185
-2,075586	2,235816
-2,789718	2,238098
-2,587543	2,240055
-2,359282	2,240055
-2,258195	2,241685
-1,879933	2,242664
-2,581022	2,246577
-2,313630	2,245272
-2,271238	2,247229
-2,225586	2,249837
-2,225586	2,250816
-2,085368	2,251468
-2,561456	2,253098
-2,453847	2,256033
-2,372325	2,255707
-2,708196	2,257664
-2,078847	2,259294
-2,401673	2,260924
-2,463630	2,262881
-2,486456	2,265490
-2,352760	2,266142
-2,176673	2,266142
-2,091890	2,268098
-1,860368	2,270381
-2,316891	2,271033
-2,336456	2,273316
-2,137542	2,274620
-2,088629	2,275924
-2,378847	2,276577
-2,463630	2,279511
-2,131021	2,279185
-2,222325	2,280490
-2,675587	2,282446
-2,375586	2,285055
-2,401673	2,285707
-2,411456	2,288316
-2,486456	2,289620
-2,577761	2,290598
-2,290804	2,290924
-2,506021	2,292229
-2,382108	2,295490
-2,427760	2,296794
-2,802761	2,296794
-2,349499	2,300055
-2,241890	2,300381
-2,150586	2,302011
-2,241890	2,302664
-2,512543	2,305925
-2,316891	2,307555
-2,431021	2,307881
-2,323412	2,309511
-2,062542	2,310490
-2,232108	2,311468
-2,238630	2,313098
-2,303847	2,314077
-2,486456	2,317011
-2,029934	2,318642
-2,395152	2,319294
-2,225586	2,321577
-2,434282	2,322881
-2,329934	2,325164
-2,342978	2,326794
-2,538630	2,326468
-2,297325	2,328751
-2,287543	2,329403
-2,316891	2,331359
-2,356021	2,333316
-2,078847	2,334946
-1,951672	2,335925
-2,114716	2,336251
-2,519065	2,338533
-2,444065	2,339838
-2,251673	2,342120
-2,398412	2,342446
-2,016890	2,344729
-2,395152	2,347012
-2,287543	2,347012
-2,137542	2,347664
-2,069064	2,349620
-2,369065	2,352555
-2,150586	2,352229
-2,183195	2,355490
-2,144064	2,355816
-2,535369	2,357446
-2,104934	2,359729
-1,912542	2,361685
-2,127760	2,363316
-2,127760	2,362990
-2,290804	2,363968
-2,734283	2,365599
-2,329934	2,368533
-2,274499	2,367881
-2,554935	2,371468
-2,691891	2,371468
-2,408195	2,372120
-2,153847	2,374077
-2,274499	2,375707
-2,450586	2,379294
-2,388630	2,378642
-2,401673	2,380272
-2,375586	2,381903
-2,277760	2,382555
-2,294064	2,385816
-1,987542	2,385490
-2,137542	2,387446
-2,267977	2,390055
-2,248412	2,390055
-2,538630	2,392664
-1,879933	2,393316
-2,245151	2,396577
-1,964716	2,396903
-2,225586	2,399186
-2,016890	2,399186
-2,284282	2,400816
-2,479934	2,402773
-2,153847	2,404077
-2,313630	2,404729
-1,984281	2,408316
-1,967977	2,407990
-2,365804	2,410599
-2,356021	2,410599
-1,922325	2,413859
-2,297325	2,415816
-2,352760	2,415164
-2,215803	2,418425
-2,515804	2,417773
-2,065803	2,421360
-2,104934	2,421686
-2,069064	2,422990
-2,473413	2,424946
-2,248412	2,426577
-2,326673	2,426903
-2,499500	2,427881
-2,444065	2,429838
-2,378847	2,431142
-2,499500	2,433099
-2,329934	2,435055
-2,196238	2,434729
-1,814716	2,436686
-2,417978	2,440273
-2,401673	2,439947
-1,821237	2,443207
-2,062542	2,443533
-1,987542	2,446142
-1,632107	2,444838
-2,362543	2,448099
-2,336456	2,448751
-2,166890	2,449729
-2,711457	2,452338
-2,740804	2,453968
-2,225586	2,455599
-2,235369	2,455599
-2,166890	2,459186
-2,232108	2,458860
-2,708196	2,461468
-2,264717	2,462120
-2,274499	2,463425
-2,078847	2,465707
-2,245151	2,466360
-1,954933	2,467338
-2,274499	2,469620
-2,206021	2,470273
-2,219064	2,472555
-1,961455	2,472555
-2,245151	2,474186
-2,072325	2,475490
-2,333195	2,478751
-2,290804	2,480381
-2,512543	2,482012
-2,170151	2,482012
-2,219064	2,484294
-2,088629	2,485925
-2,163629	2,488534
-2,153847	2,488207
-2,075586	2,489512
-2,029934	2,490816
-2,245151	2,493099
-2,082108	2,493425
-2,147325	2,495707
-2,179934	2,497664
-1,716889	2,497338
-1,964716	2,499294
-2,049499	2,502881
-2,473413	2,502881
-2,251673	2,503860
-2,010368	2,506142
-1,521237	2,506794
-1,997325	2,508425
-1,661455	2,511360
-1,661455	2,512338
-1,964716	2,514294
-1,892977	2,515273
-1,899498	2,516577
-1,602759	2,517229
-1,752759	2,519186
-2,075586	2,520164
-1,837542	2,520816
-1,782107	2,522447
-1,733194	2,524729
-2,000586	2,525708
-2,111455	2,527338
-1,935368	2,528968
-1,879933	2,532229
-2,166890	2,531577
-2,078847	2,534838
-2,016890	2,534838
-1,664715	2,535490
-2,192977	2,538099
-1,775585	2,540381
-2,300586	2,540708
-2,342978	2,540708
-1,778846	2,543968
-2,101673	2,545273
-1,762542	2,546251
-2,316891	2,548208
-2,264717	2,549838
-1,814716	2,551142
-2,150586	2,553425
-2,209282	2,553751
-2,170151	2,556360
-2,457108	2,556034
-1,896238	2,559295
-2,587543	2,559947
-2,238630	2,561903
-2,333195	2,561903
-1,954933	2,565164
-2,029934	2,566142
-2,323412	2,566468
-2,215803	2,567773
-2,170151	2,569729
-2,212543	2,572012
-2,241890	2,572664
-2,098412	2,573642
-2,554935	2,574295
-2,232108	2,577882
-1,994064	2,579186
-1,860368	2,579512
-1,990803	2,581142
-1,863629	2,582773
-1,967977	2,584077
-1,971238	2,585382
-1,573411	2,587664
-1,651672	2,588316
-1,488628	2,591251
-1,524498	2,592229
-1,312541	2,594186
-0,999497	2,593208
-1,097323	2,596469
-0,842975	2,598099
-0,829931	2,598099
-0,419061	2,601034
-0,829931	2,602012
-0,657105	2,603642
-0,725583	2,603642
-0,604931	2,607229
-0,608192	2,607556
-0,604931	2,608860
-0,732105	2,611469
-0,533192	2,612121
-0,650583	2,612447
-0,432104	2,615708
-0,542974	2,617664
-0,513626	2,618642
-0,621235	2,618969
-0,138626	2,621251
-0,542974	2,620925
-0,565800	2,623860
-0,582105	2,625164
-0,937540	2,628099
-0,810366	2,627773
-0,885366	2,629403
-0,797322	2,632338
-0,917975	2,633316
-0,340800	2,634295
-0,363626	2,634947
-0,823409	2,635925
-0,888627	2,637556
-1,250584	2,639838
-1,175584	2,642447
-0,921236	2,642447
-0,979931	2,645056
-0,852757	2,645708
-1,064714	2,646360
-0,781018	2,648643
-1,032106	2,649621
-1,038627	2,650925
-1,403845	2,654512
-1,319063	2,653208
-1,495150	2,655490
-1,687542	2,656795
-1,707107	2,658099
-1,808194	2,658751
-2,101673	2,660708
-2,274499	2,662990
-2,029934	2,664947
-2,140803	2,664947
-2,179934	2,667882
-2,131021	2,667882
-1,870151	2,669838
-2,740804	2,670490
-1,987542	2,673099
-2,072325	2,674730
-1,739716	2,675056
-1,899498	2,679295
-2,189716	2,678643
-2,287543	2,680925
-1,772324	2,681903
-1,756020	2,684512
-1,824498	2,686143
-1,772324	2,686143
-1,954933	2,688425
-1,332106	2,689077
-1,260367	2,692338
-1,397324	2,692012
-1,103845	2,693317
-0,764714	2,695273
-1,009279	2,697882
-0,921236	2,698208
-0,917975	2,698534
-0,859279	2,700164
-0,679931	2,701469
-0,947323	2,704730
-0,764714	2,705708
-0,777757	2,705708
-0,536452	2,707012
-0,370148	2,708643
-0,458191	2,709947
-0,494061	2,712230
-0,063625	2,713208
-0,239713	2,714186
-0,262539	2,717773
-0,360365	2,718099
-0,357104	2,719077
-0,520148	2,721034
-0,891888	2,721686
-0,216887	2,723969
-0,428843	2,725273
-0,529931	2,726904
-0,402756	2,728534
-0,454930	2,730491
-0,699496	2,731795
-0,379930	2,734077
-0,500583	2,735056
-0,856018	2,736360
-0,458191	2,736360
-0,481017	2,739621
-0,732105	2,738969
-0,494061	2,741578
-0,556018	2,742556
-0,947323	2,744838
-0,363626	2,746469
-0,644061	2,747121
-0,810366	2,748099
-0,898410	2,751034
-0,989714	2,751360
-0,940801	2,752664
-0,869062	2,755273
-1,338628	2,757882
-1,061453	2,758208
-1,485367	2,759512
-1,175584	2,762121
-1,557107	2,762773
-1,482106	2,763099
-1,384280	2,764404
-1,606020	2,766360
-1,413628	2,767665
-1,345150	2,770273
-1,876672	2,769621
-1,511454	2,770599
-1,645150	2,772556
-1,831020	2,774512
-1,094062	2,777447
-1,263628	2,778751
-1,120149	2,779404
-1,449498	2,781034
-0,911453	2,780708
-0,128843	2,784295
-0,184278	2,784621
-0,412539	2,786904
-0,011451	2,788860
0,454854	2,791143
1,289638	2,790165
1,168986	2,792773
1,576595	2,793425
2,564641	2,795382
2,463553	2,797338
2,939641	2,798317
2,913554	2,800599
3,001598	2,801904
3,480947	2,801904
3,647251	2,803860
4,084209	2,806795
3,957034	2,808099
4,084209	2,808752
4,390731	2,810708
4,371166	2,810708
4,351600	2,813317
4,547253	2,813643
4,429861	2,814621
4,270079	2,818534
4,328774	2,817556
3,826599	2,820817
4,191818	2,820817
4,521166	2,823425
3,895078	2,824404
4,002687	2,827012
4,074426	2,829295
3,422251	2,830599
3,595077	2,830273
3,493990	2,832556
3,402686	2,834186
3,360294	2,835491
3,291816	2,836795
3,471164	2,837121
3,014641	2,838752
2,867902	2,840056
3,246164	2,843317
2,968989	2,842665
2,805945	2,845599
2,124422	2,845926
2,355944	2,848208
2,284205	2,848534
1,729856	2,851469
1,817900	2,853099
1,449421	2,853752
0,888550	2,855708
0,790724	2,858317
0,158114	2,856034
-0,445148	2,861252
-0,970149	2,860273
-0,722322	2,863208
-1,358193	2,862556
-1,687542	2,865491
-1,553846	2,867121
-1,997325	2,868752
-1,814716	2,869078
-1,322323	2,870056
-2,085368	2,871360
-1,413628	2,873317
-1,824498	2,875273
-1,889716	2,877882
-2,248412	2,877230
-1,667976	2,880165
-1,729933	2,881795
-1,804933	2,881795
-1,723411	2,885056
-1,759281	2,885382
-1,579933	2,886360
-1,521237	2,887665
-1,129932	2,890273
-1,465802	2,889947
-1,191888	2,894187
-1,081019	2,892882
-0,973410	2,896469
-1,025584	2,897447
-0,732105	2,898100
-0,624496	2,901034
-0,458191	2,901034
-0,295148	2,902991
0,011375	2,904295
-0,445148	2,905273
-0,265800	2,907230
-0,184278	2,909187
-0,060365	2,911469
-0,660366	2,910491
-0,239713	2,914404
-0,272321	2,914730
0,004853	2,916034
0,109201	2,917339
0,233114	2,917991
-0,220147	2,919621
-0,379930	2,921904
-0,167973	2,923534
-0,363626	2,925491
-0,073408	2,926795
-0,115799	2,925817
-0,229930	2,929404
-0,510365	2,931687
-0,546235	2,930056
-0,706018	2,932991
-0,816888	2,935926
-0,617974	2,936904
-0,660366	2,937882
-0,624496	2,940491
-0,500583	2,940165
-0,507105	2,941143
-0,947323	2,945056
-0,334278	2,946034
-0,637540	2,947013
-0,790801	2,948317
-0,529931	2,949947
-1,227758	2,951578
-0,621235	2,950926
-0,869062	2,953534
-1,172323	2,954839
-1,459280	2,958426
-1,765803	2,958752
-1,645150	2,960056
-1,478845	2,960056
-1,697324	2,963317
-1,361454	2,962991
-1,990803	2,965600
-1,889716	2,966252
-1,772324	2,967556
-2,421239	2,969839
-2,026673	2,970817
-1,876672	2,973426
-2,170151	2,973100
-2,232108	2,975056
-2,303847	2,977991
-2,036455	2,979295
-2,163629	2,980926
-2,078847	2,981904
-2,007107	2,984187
-1,997325	2,984513
-1,997325	2,986143
-1,798411	2,986795
-1,739716	2,988426
-1,827759	2,990708
-2,124499	2,990708
-2,029934	2,993643
-2,329934	2,995926
-2,039716	2,994621
-2,003847	2,998535
-1,661455	2,998535
-1,622324	3,000165
-2,065803	3,000817
-1,870151	3,003426
-2,007107	3,005056
-2,437543	3,007013
-1,860368	3,008643
-1,707107	3,009622
-1,592976	3,010600
-1,537541	3,012556
-1,677759	3,013208
-1,459280	3,015165
-2,310369	3,017774
-2,166890	3,017774
-1,925585	3,018426
-1,772324	3,020382
-1,429932	3,023643
-1,736455	3,024948
-1,873411	3,025600
-1,840803	3,026578
-1,537541	3,028861
-1,889716	3,029187
-1,892977	3,030491
-2,013629	3,031795
-1,713629	3,033100
-1,889716	3,036687
-1,756020	3,037339
-1,909281	3,039295
-1,566889	3,039948
-1,886455	3,042230
-1,384280	3,042230
-1,831020	3,042882
-1,645150	3,046469
-2,013629	3,047448
-1,622324	3,049730
-1,684281	3,048752
-1,919064	3,052665
-2,329934	3,054296
-1,915803	3,053969
-1,860368	3,055600
-1,700585	3,056578
-2,069064	3,058209
-1,612541	3,059187
-2,029934	3,063100
-1,671237	3,063426
-2,479934	3,065056
-1,922325	3,065709
-1,860368	3,068643
-2,176673	3,068317
-2,215803	3,069622
-1,844064	3,072882
-1,707107	3,072230
-1,853846	3,073861
-1,570150	3,076796
-1,928846	3,077122
-1,583194	3,077774
-1,844064	3,080056
-1,583194	3,080056
-1,997325	3,082991
-1,260367	3,085274
-1,374497	3,085274
-1,456019	3,088535
-0,970149	3,089513
-0,699496	3,090491
-1,162541	3,093100
-0,852757	3,093426
-0,402756	3,096035
-0,314713	3,095709
0,213549	3,097665
0,334201	3,100926
0,402680	3,100926
1,097246	3,101904
1,478769	3,103861
1,817900	3,106143
1,690726	3,107122
1,879857	3,108752
2,137466	3,109078
2,300510	3,112339
2,470075	3,113643
2,978772	3,114296
2,672249	3,115926
2,248336	3,117230
2,717902	3,118209
3,164642	3,119513
2,923337	3,121796
2,845076	3,124078
2,799424	3,124404
2,365727	3,123752
2,714641	3,126361
2,864641	3,128970
2,535293	3,129622
2,287466	3,130274
2,835293	3,133861
2,574423	3,134187
2,395075	3,136470
2,662467	3,138100
2,424423	3,139404
2,303770	3,140057
2,424423	3,141035
2,274423	3,142991
1,909204	3,144622
2,143988	3,145926
2,355944	3,146904
1,899422	3,148535
1,733117	3,149513
1,736378	3,149839
1,338551	3,154078
2,039640	3,155709
1,266812	3,156035
1,257029	3,157665
1,191812	3,158970
1,175507	3,161252
0,526593	3,163535
0,105940	3,164513
0,392897	3,165491
-0,467974	3,165491
-0,588626	3,168426
-1,084280	3,169078
-1,100584	3,169078
-1,224497	3,171361
-1,495150	3,174622
-1,798411	3,176252
-1,990803	3,176252
-1,296236	3,177557
-1,834281	3,180817
-2,029934	3,180491
-2,114716	3,182448
-1,951672	3,183426
-1,413628	3,185383
-1,756020	3,186361
-1,795150	3,187339
-1,609281	3,189622
-1,892977	3,191904
-1,795150	3,190274
-1,576672	3,192883
-1,592976	3,194839
-2,016890	3,196470
-1,736455	3,198752
-1,876672	3,199404
-1,964716	3,202339
-1,436454	3,203318
-2,157108	3,203644
-2,127760	3,205274
-1,645150	3,206578
-1,981020	3,207883
-2,101673	3,210165
-1,990803	3,211796
-1,804933	3,213100
-1,883194	3,213426
-2,042977	3,215383
-1,798411	3,217013
-1,817977	3,218318
-2,046238	3,219296
-1,651672	3,220926
-1,553846	3,224513
-1,746237	3,225491
-1,648411	3,227448
-1,870151	3,226796
-1,863629	3,229078
-1,954933	3,230709
-2,075586	3,232665
-1,700585	3,233970
-1,765803	3,235274
-1,954933	3,235600
-1,837542	3,236578
-1,981020	3,238861
-2,023412	3,239187
-1,681020	3,241796
-1,687542	3,245383
-1,860368	3,245057
-1,625585	3,246361
-2,225586	3,247665
-1,756020	3,248644
-1,844064	3,250600
-1,834281	3,253209
-1,941890	3,254187
-1,938629	3,256144
-1,984281	3,257448
-1,814716	3,258752
-2,104934	3,258752
-1,795150	3,261361
-1,958194	3,262992
-1,889716	3,265600
-1,504933	3,265274
-1,475585	3,266252
-1,759281	3,267231
-1,573411	3,269187
-1,736455	3,270165
-1,870151	3,271470
-1,938629	3,273426
-1,544063	3,275057
-1,788629	3,275709
-1,335367	3,278970
-1,801672	3,281252
-1,853846	3,280600
-2,225586	3,283535
-1,498411	3,285492
-1,945151	3,285492
-1,994064	3,287122
-1,583194	3,289405
-1,954933	3,291361
-1,726672	3,292339
-1,912542	3,293318
-1,641889	3,295274
-1,749498	3,297231
-1,684281	3,295926
-1,563628	3,298209
-1,883194	3,301470
-1,534280	3,302122
-2,117977	3,304405
-1,504933	3,305709
-1,677759	3,307339
-1,889716	3,307992
-2,095151	3,309296
-1,488628	3,310600
-1,896238	3,312557
-2,147325	3,314187
-1,664715	3,315166
-1,857107	3,316796
-1,684281	3,318426
-1,788629	3,319405
-1,240802	3,321361
-1,625585	3,322666
-1,423411	3,323644
-1,889716	3,324622
-1,677759	3,326579
-1,756020	3,327231
-1,684281	3,328861
-1,857107	3,330492
-2,069064	3,332448
-1,808194	3,334079
-1,808194	3,334079
-1,762542	3,336361
-1,876672	3,338644
-1,827759	3,340926
-1,834281	3,341579
-1,863629	3,343209
-1,919064	3,344513
-1,935368	3,346144
-1,909281	3,347774
-1,756020	3,349079
-1,912542	3,349731
-1,756020	3,351361
-2,010368	3,353970
-1,560367	3,353970
-2,183195	3,354948
-1,954933	3,355927
-1,661455	3,358861
-1,531020	3,360166
-1,883194	3,361144
-2,114716	3,362122
-2,346238	3,363100
-1,909281	3,364731
-1,915803	3,367013
-2,108195	3,369296
-1,902759	3,371253
-1,827759	3,372231
-1,762542	3,373535
-2,016890	3,374187
-1,592976	3,374840
-1,811455	3,376470
-1,860368	3,380383
-1,531020	3,380057
-1,876672	3,382992
-1,850585	3,384296
-2,140803	3,385600
-1,694063	3,385274
-1,579933	3,387231
-1,902759	3,388209
-1,808194	3,391470
-2,173412	3,392122
-1,775585	3,393101
-2,069064	3,396035
-1,912542	3,395709
-2,111455	3,397666
-1,928846	3,398970
-1,667976	3,400927
-1,606020	3,403535
-2,316891	3,402557
-2,362543	3,404514
-2,029934	3,405492
-1,667976	3,408101
-1,579933	3,410383
-1,570150	3,410383
-1,736455	3,411035
-2,039716	3,415927
-1,896238	3,415601
-1,889716	3,416905
-2,095151	3,417231
-1,925585	3,419514
-2,026673	3,421796
-1,338628	3,422122
-2,476673	3,423753
-2,183195	3,425383
-1,553846	3,425383
-1,667976	3,428318
-2,000586	3,430601
-1,847324	3,430927
-1,462541	3,432557
-2,029934	3,434840
-1,788629	3,437122
-2,153847	3,436796
-1,857107	3,438753
-1,840803	3,440709
-2,277760	3,442340
-2,016890	3,442666
-1,948412	3,445601
-1,964716	3,447231
-1,902759	3,447557
-2,535369	3,448209
-2,003847	3,450818
-2,042977	3,451470
-2,189716	3,452775
-2,117977	3,455709
-2,502761	3,455383
-1,964716	3,456688
-1,491889	3,459296
-1,694063	3,459948
-2,391891	3,460927
-1,651672	3,461905
-2,356021	3,466144
-2,095151	3,466144
-1,997325	3,466470
-2,352760	3,470383
-2,232108	3,471362
-2,362543	3,471362
-2,248412	3,474622
-1,795150	3,476579
-2,052760	3,476253
-2,303847	3,477231
-2,183195	3,479514
-2,196238	3,481796
-2,029934	3,482449
-1,853846	3,482122
-2,166890	3,485709
-1,977759	3,487666
-1,870151	3,488318
-2,398412	3,489622
-1,775585	3,492231
-2,166890	3,492883
-1,971238	3,494840
-2,104934	3,495492
-2,388630	3,497449
-1,831020	3,497775
-2,098412	3,499731
-2,447326	3,500383
-2,150586	3,501688
-2,157108	3,503318
-2,121238	3,506253
-2,186456	3,507883
-2,049499	3,507231
-2,033194	3,510492
-2,506021	3,511144
-2,042977	3,513427
-2,065803	3,513753
-2,294064	3,516362
-2,241890	3,516036
-1,922325	3,520275
-1,990803	3,520927
-2,326673	3,522231
-2,362543	3,524188
-2,522326	3,524188
-2,284282	3,527449
-1,899498	3,527775
-2,642978	3,529731
-2,502761	3,529731
-2,166890	3,533970
-2,408195	3,532666
-2,183195	3,534949
-2,770152	3,535601
-2,378847	3,536905
-2,209282	3,539514
-2,678848	3,541470
-2,417978	3,541796
-2,108195	3,543427
-2,281021	3,545709
-2,026673	3,545383
-2,241890	3,548970
-2,551674	3,550927
-2,372325	3,551253
-2,219064	3,551579
-2,346238	3,553862
-2,528848	3,554188
-2,235369	3,555818
-2,577761	3,558427
-2,789718	3,558753
-2,564717	3,561362
-2,346238	3,561688
-2,248412	3,562014
-2,137542	3,564296
-2,972327	3,565275
-2,492978	3,566905
-2,192977	3,569514
-2,548413	3,570492
-3,044066	3,573101
-2,241890	3,572449
-2,515804	3,575057
-2,554935	3,576688
-2,747326	3,578644
-2,819065	3,577992
-2,163629	3,581905
-2,219064	3,583536
-2,450586	3,583536
-2,587543	3,584514
-2,258195	3,587449
-2,744065	3,588101
-2,333195	3,589731
-2,219064	3,590710
-2,571239	3,593318
-2,316891	3,595275
-2,042977	3,596905
-2,545152	3,596579
-2,603848	3,598210
-2,404934	3,600166
-2,479934	3,601144
-2,486456	3,604079
-2,704935	3,603427
-2,421239	3,605710
-1,902759	3,607992
-2,287543	3,607340
-2,300586	3,610601
-2,297325	3,612884
-2,424499	3,612231
-2,108195	3,615492
-2,300586	3,615492
-2,404934	3,616470
-2,170151	3,619405
-2,127760	3,619405
-2,137542	3,620710
-2,095151	3,623644
-2,248412	3,623318
-2,352760	3,627231
-2,851674	3,628210
-2,323412	3,629840
-2,590804	3,630166
-2,378847	3,630166
-2,026673	3,632775
-1,981020	3,636036
-2,424499	3,637666
-2,610369	3,636362
-2,267977	3,638644
-2,059281	3,641253
-2,473413	3,641579
-2,088629	3,643862
-2,189716	3,644840
-2,486456	3,645818
-2,144064	3,646471
-2,581022	3,649079
-2,581022	3,651362
-2,144064	3,652340
-2,251673	3,654297
-2,160369	3,655601
-2,388630	3,657884
-1,981020	3,657884
-2,486456	3,659188
-2,457108	3,662123
-2,356021	3,662775
-2,476673	3,664731
-2,069064	3,665384
-2,248412	3,668645
-2,160369	3,667992
-2,525587	3,668645
-2,202760	3,672231
-2,551674	3,674188
-2,196238	3,675166
-2,339717	3,675818
-2,711457	3,676797
-2,339717	3,679405
-2,228847	3,680710
-2,447326	3,681362
-2,629935	3,682992
-2,284282	3,685275
-2,685370	3,685927
-2,059281	3,686905
-2,395152	3,688536
-2,369065	3,690166
-2,434282	3,690492
-2,065803	3,693427
-2,447326	3,695384
-2,326673	3,697014
-2,672326	3,696688
-2,254934	3,699623
-2,192977	3,701253
-2,163629	3,700927
-2,629935	3,704188
-2,414717	3,706145
-2,470152	3,706145
-2,417978	3,706797
-2,577761	3,708427
-2,483195	3,710058
-2,189716	3,712014
-2,457108	3,714297
-2,427760	3,715927
-2,972327	3,716579
-2,261456	3,718862
-2,809283	3,718862
-2,215803	3,721797
-2,235369	3,722775
-2,238630	3,724732
-2,535369	3,725710
-2,427760	3,727014
-2,329934	3,727992
-2,339717	3,729623
-2,029934	3,730601
-2,290804	3,732558
-2,499500	3,734840
-2,522326	3,735166
-2,251673	3,736145
-2,708196	3,737449
-2,179934	3,740058
-1,945151	3,741688
-2,202760	3,743645
-2,359282	3,743971
-1,925585	3,746253
-1,951672	3,746906
-2,329934	3,747884
-1,756020	3,749514
-2,245151	3,750492
-2,294064	3,753101
-1,804933	3,752775
-2,163629	3,755384
-2,192977	3,757666
-2,042977	3,759297
-2,104934	3,760275
-2,313630	3,762558
-2,326673	3,761579
-2,522326	3,763862
-2,610369	3,766471
-2,179934	3,766471
-2,359282	3,767775
-2,316891	3,770710
-2,483195	3,770384
-2,356021	3,773319
-2,131021	3,774297
-2,313630	3,777232
-1,798411	3,777884
-2,581022	3,778536
-2,382108	3,781471
-2,170151	3,781145
-1,935368	3,784406
-2,225586	3,784406
-2,404934	3,786688
-2,711457	3,786688
-1,886455	3,789623
-2,176673	3,791253
-2,251673	3,791580
-2,391891	3,793536
-1,935368	3,793862
-1,697324	3,796471
-2,310369	3,797775
-2,157108	3,798427
-2,300586	3,799732
-2,704935	3,800710
-1,974499	3,803971
-2,173412	3,805275
-2,101673	3,806906
-2,695152	3,807558
-2,290804	3,808210
-2,264717	3,810493
-2,303847	3,811797
-2,046238	3,813427
-1,801672	3,815058
-2,199499	3,816036
-2,277760	3,817667
-1,997325	3,820927
-1,808194	3,820275
-2,447326	3,822232
-2,447326	3,825167
-2,310369	3,826471
-2,528848	3,828427
-2,382108	3,829080
-2,206021	3,830710
-2,333195	3,831688
-2,222325	3,833971
-2,248412	3,834623
-2,297325	3,834623
-2,395152	3,837558
-1,765803	3,839188
-2,166890	3,840493
-2,007107	3,840167
-2,039716	3,843101
-2,254934	3,844406
-2,421239	3,845384
-2,277760	3,847014
-2,062542	3,849297
-2,277760	3,850601
-2,310369	3,852232
-2,267977	3,852558
-2,365804	3,854188
-2,049499	3,857449
-1,981020	3,858101
-2,245151	3,859732
-2,173412	3,859080
-2,147325	3,861688
-2,731022	3,863319
-2,264717	3,863971
-2,140803	3,866254
-2,352760	3,868210
-1,961455	3,868536
-2,114716	3,869188
-2,261456	3,872123
-2,049499	3,872123
-2,111455	3,874732
-2,235369	3,876036
-2,303847	3,878971
-2,104934	3,880275
-2,584282	3,879297
-2,515804	3,881906
-2,033194	3,883536
-2,574500	3,884188
-2,059281	3,886797
-2,349499	3,888754
-1,857107	3,887775
-2,131021	3,890058
-1,674498	3,891688
-1,844064	3,893645
-2,489717	3,895601
-2,042977	3,894949
-1,808194	3,898536
-2,486456	3,898862
-1,964716	3,900819
-1,964716	3,903754
-2,695152	3,904406
-2,166890	3,906362
-2,444065	3,906036
-1,948412	3,908971
-2,274499	3,911254
-2,013629	3,911580
-2,372325	3,912884
-1,883194	3,912884
-2,170151	3,914515
-1,994064	3,917449
-1,977759	3,918754
-1,791890	3,920384
-1,765803	3,920710
-1,756020	3,923645
-2,326673	3,924949
-2,124499	3,925275
-1,765803	3,927558
-1,697324	3,928862
-2,059281	3,930493
-1,599498	3,929841
-1,442976	3,934406
-2,225586	3,934732
-1,954933	3,935710
-1,945151	3,936689
-1,560367	3,940275
-2,287543	3,940928
-2,251673	3,940928
-2,117977	3,943862
-1,606020	3,944841
-1,511454	3,945167
-2,016890	3,946471
-1,583194	3,948102
-1,560367	3,951362
-1,459280	3,952015
-1,345150	3,953645
-1,521237	3,954297
-2,007107	3,956906
-1,795150	3,958210
-1,381019	3,958210
-1,452758	3,961797
-1,710368	3,963102
-1,756020	3,962776
-1,583194	3,965384
-1,791890	3,967015
-1,723411	3,966362
-1,472324	3,969949
-1,645150	3,971254
-1,971238	3,971254
-1,716889	3,974515
-1,817977	3,974841
-2,267977	3,975819
-1,592976	3,978754
-1,831020	3,980384
-1,423411	3,981689
-1,671237	3,983645
-1,478845	3,982993
-1,860368	3,986254
-1,671237	3,986906
-1,531020	3,987884
-1,684281	3,990493
-1,899498	3,992449
-1,844064	3,993428
-1,801672	3,994732
-2,134282	3,995710
-1,961455	3,997341
-1,726672	3,999623
-1,801672	3,999297
-1,537541	4,001580
-1,622324	4,002884
-2,023412	4,004841
-1,739716	4,005167
-1,821237	4,008428
-1,749498	4,007776
-1,906020	4,010710
-1,641889	4,011689
-1,762542	4,012341
-1,892977	4,014950
-1,716889	4,014623
-1,850585	4,018863
-1,645150	4,019515
-1,817977	4,019515
-1,824498	4,021145
-1,674498	4,023428
-1,879933	4,024406
-2,140803	4,026363
-1,615802	4,028319
-1,857107	4,029623
-1,811455	4,029623
-1,889716	4,032232
-1,619063	4,032884
-1,677759	4,034841
-1,945151	4,036471
-1,651672	4,038102
-1,651672	4,039406
-1,674498	4,039732
-1,592976	4,041037
-1,429932	4,043319
-1,824498	4,045276
-1,808194	4,045602
-2,069064	4,048537
-2,313630	4,050493
-1,987542	4,051145
-1,416889	4,053102
-1,850585	4,054080
-1,769063	4,056037
-2,042977	4,056363
-1,664715	4,057667
-1,648411	4,060276
-2,147325	4,060276
-2,189716	4,061906
-1,932107	4,064515
-1,433193	4,065493
-1,459280	4,066797
-1,785368	4,069080
-1,661455	4,070384
-1,436454	4,071689
-1,544063	4,072667
-1,876672	4,074624
-1,566889	4,076580
-1,667976	4,076906
-1,609281	4,077558
-2,078847	4,079841
-1,612541	4,081471
-1,866890	4,081145
-1,729933	4,085384
-1,700585	4,087015
-2,052760	4,087667
-1,870151	4,088645
-2,150586	4,091254
-1,756020	4,092558
-1,857107	4,093537
-1,945151	4,094189
-1,951672	4,096798
-1,889716	4,096471
-2,346238	4,099080
-1,945151	4,099406
-2,254934	4,102667
-2,062542	4,103645
-2,179934	4,104950
-2,023412	4,106906
-1,899498	4,106254
-1,964716	4,109841
-2,069064	4,110167
-2,082108	4,111145
-1,749498	4,112776
-2,104934	4,114732
-2,042977	4,115711
-1,804933	4,118645
-1,335367	4,117993
-1,912542	4,120602
-2,414717	4,122232
-2,010368	4,124841
-1,782107	4,124841
-1,941890	4,126145
-1,798411	4,127450
-1,778846	4,130058
-1,795150	4,130058
-2,065803	4,132667
-1,857107	4,134624
-2,056021	4,133971
-1,671237	4,137232
-2,007107	4,139189
-2,039716	4,139189
-2,036455	4,140819
-1,984281	4,142450
-1,886455	4,143754
-1,456019	4,144732
-1,925585	4,147667
-2,215803	4,148645
-1,958194	4,149950
-1,762542	4,151254
-1,622324	4,154189
-1,928846	4,153863
-2,039716	4,155493
-2,085368	4,157776
-2,189716	4,158428
-2,016890	4,160385
-2,016890	4,161689
-1,938629	4,162993
-1,648411	4,165276
-2,036455	4,166580
-2,157108	4,167885
-2,029934	4,167885
-2,160369	4,171472
-2,137542	4,171798
-1,928846	4,172124
-2,470152	4,174080
-2,052760	4,176689
-2,075586	4,177667
-2,287543	4,178972
-1,912542	4,179950
-1,984281	4,182885
-2,173412	4,184189
-2,108195	4,183537
-2,117977	4,187124
-2,499500	4,188102
-2,284282	4,189080
-2,206021	4,191363
-2,176673	4,192993
-2,440804	4,192993
-2,124499	4,194624
-2,144064	4,196906
-2,029934	4,197885
-2,342978	4,200493
-2,359282	4,199189
-2,261456	4,201798
-2,049499	4,203754
-2,545152	4,206037
-1,964716	4,206363
-2,029934	4,206689
-2,567978	4,209950
-2,248412	4,210276
-2,258195	4,210928
-1,922325	4,214841
-2,307108	4,215819
-2,372325	4,215819
-2,434282	4,218102
-1,951672	4,218428
-2,414717	4,220385
-2,717978	4,222667
-2,215803	4,223646
-2,052760	4,225602
-1,892977	4,227885
-1,964716	4,229189
-2,095151	4,230820
-2,163629	4,231798
-2,444065	4,233102
-2,254934	4,233102
-2,597326	4,235059
-2,225586	4,237341
-1,932107	4,239624
-2,219064	4,239298
-2,124499	4,242885
-2,313630	4,243537
-1,958194	4,243863
-2,082108	4,246472
-1,899498	4,247450
-1,684281	4,248754
-2,183195	4,250711
-2,267977	4,252015
-1,951672	4,253646
-1,772324	4,253972
-2,251673	4,256907
-1,896238	4,256580
-2,003847	4,259515
-2,069064	4,260493
-2,206021	4,261146
-2,121238	4,264407
-1,853846	4,265385
-2,382108	4,264733
-2,121238	4,268972
-1,817977	4,268320
-1,870151	4,271254
-2,212543	4,272885
-2,326673	4,274841
-1,739716	4,274841
-2,222325	4,275820
-1,961455	4,277450
-2,108195	4,279080
-2,186456	4,281363
-2,329934	4,282015
-2,075586	4,284298
-1,690802	4,284624
-1,994064	4,285928
-2,124499	4,286580
-1,964716	4,288537
-2,101673	4,290820
-2,339717	4,293102
-2,196238	4,294407
-2,104934	4,296037
-2,056021	4,297015
-2,444065	4,297667
-2,192977	4,298972
-2,183195	4,301254
-2,104934	4,302559
-2,369065	4,303863
-2,281021	4,305494
-2,245151	4,307450
-2,271238	4,309081
-2,486456	4,309081
-2,157108	4,310711
-2,117977	4,312015
-2,274499	4,313972
-2,085368	4,315928
-2,496239	4,318537
-1,971238	4,319189
-2,091890	4,319189
-2,062542	4,320820
-1,775585	4,323428
-1,886455	4,324733
-2,294064	4,327015
-1,752759	4,327015
-2,108195	4,328972
-2,010368	4,331254
-2,349499	4,332233
-2,173412	4,333211
-1,381019	4,333537
-1,677759	4,336146
-1,592976	4,336798
-1,462541	4,339407
-1,674498	4,339081
-1,778846	4,342668
-1,850585	4,342341
-1,729933	4,345928
-1,632107	4,345276
-1,658194	4,346907
-1,429932	4,348537
-1,557107	4,351472
-1,648411	4,353102
-1,703846	4,353755
-1,485367	4,355385
-1,909281	4,357341
-1,762542	4,357015
-1,615802	4,358320
-1,442976	4,361255
-1,707107	4,363537
-1,299497	4,363211
-2,091890	4,364515
-2,052760	4,367450
-1,273410	4,367450
-1,635368	4,368755
-1,912542	4,370385
-1,971238	4,373320
-1,961455	4,374950
-1,436454	4,374950
-1,759281	4,377233
-2,085368	4,378537
-1,958194	4,380494
-1,925585	4,381146
-2,052760	4,382450
-2,147325	4,383102
-2,108195	4,384733
-2,065803	4,387342
-2,029934	4,387994
-1,765803	4,390602
-1,919064	4,391255
-2,515804	4,392559
-2,127760	4,394189
-2,069064	4,396798
-2,251673	4,396472
-2,320151	4,398429
-2,342978	4,400711
-2,254934	4,401363
-2,059281	4,403320
-1,756020	4,403972
-2,036455	4,404624
-2,502761	4,407885
-1,938629	4,410494
-1,746237	4,411146
-2,506021	4,412776
-2,297325	4,414407
-2,284282	4,415059
-1,853846	4,416037
-1,667976	4,418320
-2,029934	4,418646
-2,173412	4,421255
-2,088629	4,420929
-1,954933	4,423537
-1,762542	4,426146
-1,765803	4,426146
-1,853846	4,427124
-1,723411	4,428102
-2,000586	4,430059
-1,824498	4,431363
-1,853846	4,433646
-1,387541	4,435929
-1,335367	4,434950
-1,309280	4,439189
-1,433193	4,439516
-1,442976	4,440494
-1,306019	4,441146
-1,302758	4,444407
-1,100584	4,445385
-1,276671	4,446689
-1,628846	4,447668
-1,146236	4,448646
-1,540802	4,450603
-1,266889	4,451581
-1,521237	4,454516
-1,664715	4,454842
-1,583194	4,457450
-1,524498	4,457450
-1,488628	4,459733
-1,687542	4,460385
-1,671237	4,462994
-1,589715	4,464624
-1,211454	4,465603
-1,384280	4,465603
-1,371237	4,469190
-1,987542	4,469190
-1,348410	4,471146
-1,540802	4,472124
-1,433193	4,475711
-1,573411	4,475059
-1,896238	4,475385
-1,540802	4,477342
-1,423411	4,480277
-1,332106	4,481255
-1,596237	4,484190
-1,814716	4,484190
-1,482106	4,485494
-1,667976	4,486146
-1,426671	4,488103
-1,622324	4,490385
-1,694063	4,490059
-1,821237	4,493972
-2,225586	4,493972
-2,098412	4,496581
-1,961455	4,496255
-1,527759	4,498211
-2,251673	4,499842
-1,883194	4,500820
-1,971238	4,504081
-1,821237	4,503755
-2,101673	4,505711
-2,131021	4,505711
-2,336456	4,509624
-1,961455	4,510277
-2,359282	4,510929
-1,749498	4,514842
-1,547324	4,513537
-2,088629	4,515494
-1,889716	4,516146
-1,769063	4,520059
-1,938629	4,522016
-1,860368	4,523320
-1,341889	4,523972
-1,449498	4,525277
-1,152758	4,525277
-1,547324	4,528864
-0,983192	4,527885
-1,058193	4,530820
-1,035366	4,531798
-0,702757	4,534081
-1,097323	4,535711
-0,516887	4,536364
-0,617974	4,537016
-1,159280	4,539624
-0,464713	4,539624
-0,497322	4,541907
-0,839714	4,543864
-0,419061	4,544516
-0,161452	4,545820
-0,242974	4,548429
-0,585366	4,549081
-0,285365	4,550059
-0,138626	4,552994
0,076592	4,554951
-0,220147	4,553972
-0,448409	4,557559
0,008114	4,558538
-0,340800	4,558538
-0,203843	4,560168
-0,542974	4,562777
-0,647322	4,563429
0,034201	4,565711
-0,556018	4,566038
-0,288626	4,568972
-0,027756	4,570929
-0,406017	4,570277
-0,223408	4,572233
-0,546235	4,575494
-0,344061	4,576146
-0,291887	4,577451
-0,278843	4,578103
-0,161452	4,580059
-0,428843	4,581364
-0,347322	4,581690
-0,278843	4,583972
-0,399496	4,586255
-0,073408	4,587885
-0,207104	4,587885
-0,448409	4,590168
-0,679931	4,592125
-0,725583	4,591798
-1,025584	4,595712
-1,015801	4,595059
-0,911453	4,596690
-0,891888	4,598320
-1,325584	4,601581
-1,599498	4,601907
-1,951672	4,602885
-1,413628	4,604842
-1,902759	4,604842
-1,808194	4,607451
-2,104934	4,608755
-1,814716	4,610059
-1,547324	4,611690
-1,508193	4,614951
-1,879933	4,615603
-1,521237	4,617885
-1,840803	4,617233
-1,700585	4,618212
-1,840803	4,619842
-1,860368	4,622125
-1,866890	4,624733
-1,579933	4,626364
-1,504933	4,627994
-1,632107	4,627668
-1,586454	4,628320
-1,586454	4,632559
-1,544063	4,633864
-1,586454	4,635494
-1,377758	4,636472
-1,041888	4,637451
-1,400584	4,637777
-1,276671	4,639081
-0,660366	4,641690
-0,767975	4,643646
-0,901670	4,644951
-1,501672	4,645929
-0,917975	4,647886
-1,074497	4,648864
-1,084280	4,650494
-1,077758	4,650494
-0,869062	4,653755
-1,501672	4,654733
-1,120149	4,655386
-1,296236	4,656364
-1,129932	4,659625
-0,908192	4,659951
-1,221236	4,660929
-1,022323	4,663538
-1,195149	4,665494
-1,247323	4,665494
-1,465802	4,666146
-1,051671	4,669081
-1,169062	4,670386
-1,169062	4,672994
-1,354932	4,673973
-1,279932	4,674951
-1,041888	4,676255
-1,328845	4,678864
-0,992975	4,678864
-1,273410	4,681146
-1,107106	4,680820
-1,038627	4,684081
-1,129932	4,686038
-1,175584	4,687668
-1,260367	4,688973
-1,146236	4,690603
-1,211454	4,692233
-1,035366	4,690929
-1,142975	4,694190
-1,736455	4,695820
-1,361454	4,696473
-1,638628	4,699407
-1,260367	4,699733
-1,462541	4,700386
-1,257106	4,701690
-1,573411	4,703320
-1,902759	4,706255
-1,785368	4,707233
-2,033194	4,707233
-1,619063	4,709516
-1,710368	4,712451
-1,739716	4,713755
-1,592976	4,715060
-1,439715	4,714407
-1,981020	4,717016
-1,772324	4,718973
-1,456019	4,720929
-2,202760	4,720929
-1,651672	4,723538
-1,694063	4,723538
-1,899498	4,726147
-1,981020	4,726799
-1,726672	4,728755
-1,840803	4,729407
-1,876672	4,731038
-2,042977	4,732994
-2,042977	4,734299
-1,990803	4,736907
-2,023412	4,738212
-1,804933	4,739842
-1,641889	4,740820
-1,958194	4,741147
-1,700585	4,743429
-1,824498	4,744407
-2,098412	4,747994
-1,684281	4,747668
-1,703846	4,748973
-2,189716	4,750603
-2,013629	4,751255
-1,475585	4,752560
-1,547324	4,754190
-1,439715	4,755168
-1,788629	4,757451
-2,196238	4,759407
-2,023412	4,760060
-1,876672	4,760712
-1,964716	4,763321
-2,085368	4,763973
-1,899498	4,767560
-2,258195	4,768538
-1,981020	4,768864
-1,954933	4,770494
-2,212543	4,772451
-2,010368	4,774081
-1,752759	4,774734
-1,808194	4,777016
-1,495150	4,779299
-1,906020	4,778973
-2,072325	4,779625
-1,736455	4,782234
-1,922325	4,784842
-1,759281	4,784190
-2,049499	4,787125
-1,886455	4,787125
-2,121238	4,789408
-1,772324	4,792016
-1,997325	4,792342
-2,310369	4,794951
-2,134282	4,796255
-1,671237	4,795929
-1,945151	4,798212
-2,117977	4,799516
-2,267977	4,800495
-1,954933	4,801147
-1,697324	4,804408
-1,964716	4,805712
-2,157108	4,807016
-1,994064	4,807668
-2,101673	4,810929
-2,114716	4,810929
-2,062542	4,812560
-1,922325	4,816147
-1,729933	4,815495
-1,870151	4,818429
-1,961455	4,820060
-1,870151	4,820386
-1,795150	4,820712
-2,460369	4,823647
-1,925585	4,824951
-1,729933	4,825277
-2,398412	4,828864
-2,166890	4,829190
-2,170151	4,831473
-2,108195	4,832451
-2,199499	4,832451
-2,241890	4,836038
-2,457108	4,836364
-2,147325	4,837668
-2,303847	4,839625
-2,656022	4,840603
-1,919064	4,841908
-2,427760	4,844190
-2,470152	4,844190
-2,316891	4,845169
-1,537541	4,848755
-2,225586	4,849082
-2,258195	4,850060
-2,254934	4,851364
-1,795150	4,853321
-2,153847	4,855603
-2,271238	4,856582
-2,202760	4,857560
-2,528848	4,858864
-2,691891	4,860821
-2,199499	4,862777
-2,274499	4,863429
-2,378847	4,866364
-2,212543	4,867016
-2,245151	4,869625
-2,297325	4,870603
-2,007107	4,870277
-2,036455	4,873538
-2,613630	4,874842
-1,912542	4,874842
-2,176673	4,875495
-2,457108	4,879408
-2,463630	4,879408
-2,013629	4,881364
-2,747326	4,882342
-2,538630	4,884299
-2,577761	4,884299
-2,192977	4,887234
-2,160369	4,888538
-2,414717	4,889516
-2,473413	4,891147
-2,300586	4,891799
-2,649500	4,893756
-2,440804	4,897343
-2,144064	4,896690
-2,261456	4,899299
-2,437543	4,898973
-2,303847	4,902234
-2,431021	4,900929
-2,528848	4,905169
-2,411456	4,905821
-2,486456	4,907777
-2,636456	4,907777
-2,421239	4,911364
-2,574500	4,910386
-2,287543	4,913321
-2,294064	4,913973
-2,069064	4,916908
-2,297325	4,916582
-2,483195	4,919190
-2,352760	4,919190
-2,352760	4,921473
-2,320151	4,922777
-2,254934	4,924408
-2,215803	4,926690
-2,486456	4,928321
-2,411456	4,929625
-2,590804	4,929951
-2,633196	4,932234
-2,558195	4,932886
-2,457108	4,935495
-2,711457	4,935821
-2,581022	4,939408
-2,062542	4,940386
-2,336456	4,940060
-2,590804	4,943321
-2,545152	4,943321
-2,166890	4,944625
-2,541891	4,947560
-2,277760	4,948212
-2,232108	4,950821
-2,160369	4,949843
-2,101673	4,953103
-2,274499	4,954734
-2,421239	4,954082
-2,489717	4,956690
-2,342978	4,959625
-2,153847	4,959299
-2,235369	4,962560
-2,192977	4,963538
-2,150586	4,962234
-2,078847	4,966147
-2,372325	4,967125
-2,538630	4,968756
-2,554935	4,970386
-2,303847	4,970712
-2,258195	4,973321
-2,362543	4,975930
-2,241890	4,975604
-2,026673	4,978538
-2,016890	4,979191
-2,470152	4,978864
-2,023412	4,981473
-2,264717	4,984408
-2,104934	4,983756
-2,091890	4,985060
-2,408195	4,987995
-2,297325	4,988973
-2,740804	4,989625
-2,313630	4,991256
-2,639717	4,993538
-2,682109	4,994843
-1,971238	4,996473
-2,039716	4,999082
-2,290804	4,999408
-2,535369	4,999408
-2,548413	5,001364
-2,642978	5,003973
-2,316891	5,005278
-2,157108	5,006256
-2,346238	5,008864
-2,538630	5,009517
-2,509282	5,011473
-2,274499	5,011799
-2,163629	5,013104
-2,238630	5,015712
-2,460369	5,017343
-2,411456	5,018973
-2,486456	5,019625
-2,362543	5,021582
-2,284282	5,022234
-2,281021	5,026147
-2,271238	5,025495
-1,981020	5,026473
-2,036455	5,029082
-1,697324	5,030712
-2,059281	5,032669
-2,104934	5,032343
-2,352760	5,033973
-2,437543	5,034951
-2,506021	5,036582
-2,082108	5,038212
-2,248412	5,041147
-2,369065	5,041147
-2,023412	5,042125
-2,408195	5,043756
-1,977759	5,046038
-2,378847	5,047669
-1,974499	5,047343
-2,290804	5,050930
-2,258195	5,052234
-2,711457	5,052560
-2,287543	5,054843
-1,925585	5,055821
-2,479934	5,055821
-2,281021	5,059734
-2,799500	5,061038
-2,134282	5,062669
-2,258195	5,064299
-2,310369	5,065604
-2,303847	5,066256
-2,757109	5,066582
-2,453847	5,068865
-2,460369	5,071473
-2,356021	5,073104
-2,342978	5,072125
-2,532108	5,075386
-2,398412	5,075712
-2,515804	5,078321
-2,496239	5,079952
-2,140803	5,081908
