4,968835	0,985922
5,203618	0,987226
5,172313	0,987878
5,563618	0,987226
5,175444	0,987226
5,316314	0,987878
5,294400	0,990487
5,375792	0,993096
5,056487	0,994726
4,740312	0,995379
5,228661	0,997335
5,510401	0,998965
5,194226	0,998965
5,263096	1,001900
4,768486	1,002879
5,241183	1,004509
5,109704	1,006465
5,065878	1,007770
5,288140	1,009400
5,272487	1,011357
5,206748	1,012987
5,219270	1,012987
5,181705	1,014292
5,103444	1,015270
5,645010	1,017552
5,378922	1,019183
5,385183	1,020161
5,000139	1,022444
5,598053	1,024400
5,087791	1,025379
5,288140	1,026031
5,109704	1,027987
4,840487	1,029292
5,435270	1,030270
5,491618	1,033531
5,713880	1,035161
5,341357	1,034835
5,391444	1,036466
4,921878	1,038748
5,810923	1,039074
5,225531	1,041031
4,793530	1,043966
5,216139	1,043639
5,319444	1,045922
5,485357	1,048531
5,522923	1,048857
5,626227	1,051139
5,532314	1,053096
5,513531	1,053748
5,269357	1,055379
4,652660	1,055705
5,726401	1,058966
5,319444	1,060922
5,382053	1,060270
5,604314	1,063205
5,507270	1,063531
5,297531	1,064509
5,228661	1,067444
5,488488	1,068422
5,322574	1,070379
5,463444	1,071031
5,720140	1,072009
5,529184	1,074618
5,231792	1,075922
5,328835	1,076574
5,635619	1,079509
5,278748	1,079183
5,388314	1,082118
5,670053	1,083748
5,792141	1,085379
5,541705	1,086031
5,557358	1,087335
5,848489	1,087987
5,263096	1,091900
5,557358	1,093205
5,187966	1,092879
5,757706	1,095161
5,845358	1,097770
5,926750	1,098422
5,582401	1,099727
5,247444	1,102661
5,701358	1,101683
6,070750	1,104292
5,673184	1,105270
5,438401	1,107227
5,889184	1,108857
5,792141	1,110814
6,005011	1,110814
6,227272	1,113422
5,685706	1,113748
5,679445	1,117335
6,020663	1,117661
5,457183	1,117661
6,327446	1,121248
5,651271	1,121900
5,701358	1,123531
6,211620	1,123531
5,814054	1,127118
6,271098	1,127118
5,933010	1,129401
5,864141	1,131357
6,452664	1,132335
5,958054	1,132335
6,020663	1,133966
5,810923	1,136574
6,211620	1,136574
6,208489	1,138531
6,339968	1,140814
5,147270	1,143422
6,665534	1,142444
6,051967	1,145379
6,130228	1,147661
6,158402	1,148314
6,255446	1,149618
6,161533	1,150596
6,095793	1,153205
6,681186	1,155488
6,271098	1,154835
5,936141	1,156792
6,966056	1,158422
6,674925	1,161031
6,130228	1,162009
6,537185	1,163640
6,465185	1,163966
6,606055	1,164944
6,812664	1,168205
6,900317	1,169835
6,981708	1,170814
6,549707	1,171792
6,912838	1,173422
6,778229	1,173422
6,809534	1,177009
6,784490	1,178314
7,125708	1,177661
6,014402	1,179944
6,596664	1,182553
7,723623	1,184835
7,285361	1,186140
7,635970	1,187444
7,711101	1,188748
7,429361	1,189401
7,222752	1,191357
7,886405	1,192988
7,623448	1,193966
7,970927	1,195270
7,792492	1,196901
7,773710	1,199183
8,183797	1,199509
7,933362	1,202444
7,886405	1,203748
7,967797	1,205053
7,989710	1,206357
7,817536	1,207335
8,014754	1,209618
9,054060	1,209944
8,280841	1,211575
8,481189	1,212553
8,606407	1,214183
8,562581	1,217444
8,118058	1,217770
8,747277	1,218422
8,528146	1,221031
8,330928	1,221683
7,995971	1,223314
7,823797	1,225270
8,431102	1,226575
7,955275	1,227227
8,127449	1,228857
8,205710	1,231792
7,952145	1,231140
7,873884	1,233749
8,049188	1,236031
7,326057	1,236357
7,739275	1,238314
7,679796	1,239292
7,517013	1,239944
7,826927	1,240922
7,479448	1,243531
7,466926	1,245488
7,401187	1,246792
7,460666	1,249401
7,758057	1,251357
7,545187	1,252336
7,106926	1,251683
7,908319	1,253966
7,031795	1,256575
6,546577	1,256901
7,291622	1,257553
7,714231	1,260162
7,135100	1,261466
7,063100	1,263423
6,890925	1,265379
7,275970	1,266031
8,121189	1,267336
7,817536	1,268640
6,972317	1,271249
7,955275	1,271249
8,017884	1,273857
7,952145	1,274836
7,507622	1,276792
7,949014	1,278423
7,814405	1,278749
6,900317	1,280705
7,178926	1,281357
7,006752	1,282988
8,337189	1,284292
7,983449	1,286575
7,939623	1,288531
7,332317	1,290488
8,227624	1,290814
8,437363	1,292118
8,258928	1,293423
9,241886	1,297010
9,097886	1,297662
8,687798	1,298966
8,224493	1,299292
9,382756	1,301575
8,722233	1,304183
8,665885	1,303531
9,101016	1,306466
9,016495	1,307770
9,025886	1,308097
9,003973	1,309727
9,711452	1,312010
8,578233	1,312010
8,982060	1,313314
10,037018	1,316249
8,928842	1,318531
9,310756	1,319183
9,539278	1,319836
8,816146	1,323097
9,702061	1,323749
8,327798	1,324727
9,479800	1,327010
9,304495	1,327010
9,113538	1,329292
8,953886	1,331575
9,295104	1,330923
9,667626	1,332553
9,282582	1,335814
9,335800	1,336792
8,224493	1,337118
8,571972	1,338749
9,104147	1,341357
9,445365	1,342988
8,831799	1,343966
8,913190	1,344944
8,575102	1,347879
8,994581	1,348531
8,503102	1,348857
8,556320	1,351466
9,060321	1,353423
8,355972	1,354401
8,437363	1,356031
8,769190	1,357662
9,182408	1,357662
9,617539	1,358966
9,276321	1,361575
8,850581	1,362227
9,288843	1,364184
9,342060	1,366140
9,511104	1,368749
9,119799	1,368749
9,191799	1,371031
9,667626	1,372010
9,451626	1,372010
10,021366	1,375271
9,933714	1,377553
9,720844	1,377879
10,356323	1,379836
10,109018	1,381466
10,578585	1,381466
10,515976	1,383097
10,728846	1,385705
10,155975	1,387010
10,672498	1,387336
11,642934	1,388314
11,458238	1,391901
11,079455	1,392227
11,448847	1,392553
11,868326	1,395162
11,793196	1,397118
12,153196	1,398423
12,059283	1,400379
11,329890	1,401684
12,350414	1,402988
12,394240	1,405271
12,262762	1,406575
12,732328	1,405923
12,209544	1,406901
12,638415	1,410488
12,644675	1,410814
13,211285	1,413097
13,446068	1,414401
12,776154	1,415705
13,377199	1,417010
13,446068	1,419292
13,054763	1,419945
12,891980	1,421575
13,383459	1,423532
13,524329	1,423858
12,206414	1,427445
13,129894	1,427445
13,408503	1,427445
13,358416	1,429401
12,973372	1,432336
12,866937	1,433640
12,531980	1,433966
12,153196	1,437227
11,996674	1,436901
12,087457	1,437553
12,078066	1,440162
12,078066	1,441792
11,899631	1,443097
12,128153	1,445053
11,833891	1,446358
11,765022	1,449292
11,765022	1,447988
11,971631	1,450271
11,436325	1,453205
12,538240	1,453532
11,282934	1,455488
12,231457	1,456140
12,923285	1,457771
12,428675	1,459727
12,347284	1,461684
12,569545	1,462662
12,021718	1,463966
12,525719	1,464619
13,167459	1,467227
12,816850	1,468206
12,553893	1,470814
12,450588	1,471466
13,724678	1,471792
13,671460	1,474727
13,784156	1,476032
13,133024	1,478314
13,245720	1,478314
14,792158	1,479619
15,189724	1,483206
14,770245	1,484184
15,048854	1,483532
14,958071	1,485162
15,299289	1,488749
15,778247	1,487445
16,316682	1,491032
16,391813	1,492010
16,739292	1,492662
16,864510	1,494945
17,346598	1,495597
17,427989	1,496901
17,136858	1,499184
17,766077	1,500162
18,194947	1,502119
18,855470	1,504401
18,705209	1,504075
19,124688	1,507010
19,547297	1,509293
19,631819	1,508640
20,157733	1,512227
20,016864	1,512880
20,671126	1,514184
20,101385	1,514184
20,646082	1,518423
20,502082	1,517771
20,333038	1,519401
19,641211	1,521358
20,301734	1,523640
19,882255	1,523314
19,606776	1,525271
20,023124	1,526249
19,575471	1,528858
19,155992	1,529510
18,285730	1,531793
17,296510	1,533097
17,618946	1,534401
17,794251	1,536358
17,643989	1,537662
16,279117	1,538640
16,009899	1,540923
15,346246	1,541901
15,227289	1,543858
13,871808	1,544510
14,319461	1,545488
14,288157	1,546467
13,824852	1,548749
13,273894	1,549727
13,433547	1,552662
13,023459	1,552662
14,097200	1,556249
13,427286	1,555597
12,362936	1,558532
12,616501	1,558532
12,885719	1,561793
12,682241	1,562771
12,785545	1,564401
12,873198	1,565706
12,838763	1,566032
12,866937	1,567662
12,597719	1,569945
12,732328	1,571249
12,957720	1,573206
13,076676	1,573858
13,164329	1,576140
13,405373	1,576793
12,951459	1,579075
12,885719	1,580380
13,186242	1,582010
13,818591	1,582988
13,602590	1,584293
13,264503	1,585923
14,169200	1,586901
14,400853	1,589836
14,463462	1,590488
15,286767	1,592771
15,546594	1,593097
14,588679	1,594727
15,139637	1,596684
15,224159	1,597336
16,113204	1,597988
16,203987	1,601249
16,113204	1,601575
16,335465	1,602228
16,131986	1,603858
16,895814	1,606793
17,089901	1,606141
16,939640	1,610380
16,892684	1,609075
17,080510	1,611684
16,764336	1,613641
17,105554	1,614293
17,409206	1,616575
17,941381	1,618532
18,423469	1,618532
17,283989	1,619836
17,211989	1,620488
17,118075	1,623097
17,669033	1,625054
17,440511	1,626032
16,977206	1,628641
17,027293	1,629945
16,548335	1,631901
16,269726	1,631575
15,778247	1,633532
15,731290	1,635488
15,048854	1,637119
14,920506	1,637771
14,613723	1,639075
13,874939	1,641358
13,377199	1,643315
13,370938	1,645271
12,932676	1,644945
12,137544	1,647554
11,984152	1,647554
12,475632	1,650815
12,096848	1,652445
11,765022	1,652771
11,533369	1,654402
11,818239	1,655054
11,279803	1,658315
11,436325	1,657662
11,508325	1,658967
11,364325	1,660923
11,602239	1,662228
11,667978	1,665488
11,639804	1,665488
11,433195	1,668749
11,520847	1,669402
11,317369	1,669402
11,880848	1,672336
11,705543	1,672662
11,511456	1,673967
11,730587	1,676575
11,555282	1,675923
11,930935	1,679510
11,874587	1,680162
11,699282	1,681141
11,336151	1,683423
12,325370	1,684075
13,007807	1,687336
12,835632	1,689293
12,510066	1,689945
12,453719	1,690271
12,735458	1,693206
12,807458	1,695162
12,591458	1,694836
13,705895	1,697119
13,846765	1,698097
13,014067	1,700380
13,236329	1,701358
13,921895	1,701032
14,137896	1,704945
14,097200	1,705271
14,560505	1,707228
14,366418	1,708858
14,798419	1,709184
14,785897	1,711793
14,619984	1,712445
14,776506	1,713097
14,961202	1,715380
14,854767	1,718315
15,236680	1,718641
15,471463	1,719945
14,986245	1,720923
15,430768	1,723532
14,857897	1,725489
14,735810	1,725163
14,688853	1,727771
15,111463	1,730054
15,011289	1,729076
14,613723	1,732336
15,051984	1,733641
14,519809	1,734945
14,616853	1,737228
14,278766	1,738858
13,671460	1,738206
13,433547	1,742119
13,192503	1,741141
13,424155	1,743423
13,502416	1,745054
13,715286	1,744728
14,000156	1,747989
13,361546	1,749619
12,895111	1,750271
14,269374	1,751576
13,555634	1,752880
12,992154	1,755489
13,148676	1,756793
13,997026	1,756793
13,555634	1,758750
13,827982	1,761032
13,846765	1,762010
14,040852	1,763967
15,349376	1,764945
14,735810	1,766250
14,992506	1,768858
14,814071	1,769510
14,951810	1,770163
14,569897	1,771467
15,837725	1,773423
15,033202	1,776032
16,363639	1,776358
16,398074	1,779619
16,917727	1,780923
16,366770	1,782228
17,903816	1,782880
17,265206	1,783532
17,925729	1,785163
17,690946	1,788097
19,224862	1,787771
19,490949	1,790706
19,738254	1,792663
19,434602	1,792337
20,073211	1,794945
20,661734	1,795271
21,350431	1,797228
21,801215	1,797554
21,672867	1,800489
21,998433	1,801793
22,226955	1,803424
23,538609	1,805380
22,724695	1,805054
23,106609	1,807663
23,278783	1,809945
23,701392	1,809945
24,192872	1,812228
24,509046	1,813532
24,327480	1,815489
24,621742	1,816467
24,189741	1,817119
24,474611	1,819402
24,167828	1,821032
23,892349	1,821032
23,814088	1,823315
23,836001	1,824293
23,241218	1,826250
22,824869	1,827228
22,133041	1,828858
21,876345	1,832445
21,400518	1,833098
20,013733	1,833424
20,198429	1,835706
19,206079	1,836032
18,144860	1,837337
17,371641	1,839945
16,964684	1,841250
15,289898	1,843532
15,152159	1,843532
14,378940	1,845815
14,191113	1,848098
12,851285	1,849402
12,397371	1,850380
12,375458	1,850380
11,411282	1,852011
10,951107	1,854293
11,029368	1,855271
10,584845	1,857880
9,786583	1,858206
9,702061	1,860815
9,792844	1,863098
9,360843	1,862119
9,554930	1,864402
9,429713	1,867011
8,960147	1,867663
8,255797	1,870598
8,615798	1,869619
8,897538	1,872880
7,955275	1,873532
8,349711	1,874185
8,133710	1,877119
8,255797	1,877772
7,977188	1,878750
7,510753	1,880706
7,783101	1,881685
7,704840	1,884619
7,667275	1,885598
7,830058	1,885924
7,676666	1,888206
7,354231	1,888206
8,124319	1,890489
8,183797	1,893424
7,319796	1,892772
6,922230	1,895706
6,515272	1,896359
7,679796	1,899293
7,726753	1,899619
7,635970	1,901250
7,235274	1,903859
7,088143	1,903532
7,457535	1,906467
7,344839	1,906141
7,548318	1,909076
6,890925	1,909402
7,426231	1,911359
7,682927	1,914945
7,213361	1,915598
7,873884	1,915924
7,147621	1,916902
7,282230	1,917880
7,203969	1,920815
7,466926	1,920815
7,272839	1,923750
7,034926	1,925380
7,366752	1,924728
7,188317	1,927989
6,862751	1,927989
7,047447	1,930598
6,014402	1,931902
6,915969	1,932228
6,884664	1,933859
6,180315	1,936793
6,671794	1,937772
6,978578	1,939076
6,643620	1,940054
6,415098	1,942663
5,770227	1,944293
6,299272	1,944946
5,945532	1,946250
5,867271	1,947880
5,425879	1,950163
5,447792	1,950489
5,469705	1,951793
5,641879	1,954728
5,360140	1,955706
5,375792	1,957011
5,394575	1,958641
5,679445	1,958967
5,479096	1,961576
4,821704	1,961250
5,670053	1,963533
5,447792	1,966141
5,319444	1,968750
4,787269	1,968750
5,159792	1,969076
5,231792	1,972011
5,482227	1,973967
5,604314	1,973967
5,103444	1,975272
5,338227	1,978206
4,953182	1,977880
5,187966	1,981141
5,244313	1,980489
4,909356	1,981793
4,824834	1,985706
4,696486	1,986033
5,122226	1,987011
4,755965	1,988967
4,771617	1,990924
5,388314	1,993533
5,062748	1,993207
4,668312	1,994837
4,696486	1,995489
5,463444	1,998424
4,743443	1,999728
4,818573	2,000707
4,655791	2,001685
4,533703	2,002663
5,009530	2,004946
4,909356	2,006576
5,535444	2,008207
4,925008	2,009511
5,062748	2,011141
4,586921	2,013098
5,009530	2,013098
5,040835	2,014402
5,075270	2,016685
4,480486	2,017663
4,668312	2,019946
4,759095	2,020272
4,859269	2,022228
4,881182	2,024185
4,549356	2,025815
4,809182	2,026794
4,533703	2,028424
5,181705	2,029728
4,827965	2,031359
4,878052	2,032663
4,417877	2,035272
4,646399	2,036576
4,806052	2,037554
3,885702	2,039511
5,479096	2,039511
4,640138	2,041141
4,862400	2,042446
5,018922	2,044076
4,790400	2,045707
4,518051	2,047989
4,430399	2,048641
4,192485	2,051576
4,518051	2,050924
4,092311	2,052228
4,971965	2,053859
4,812313	2,054837
4,452312	2,058424
4,940661	2,057772
4,709008	2,061359
4,981356	2,062663
4,655791	2,062663
4,245703	2,064620
3,688484	2,066250
4,593182	2,067228
4,289529	2,070163
4,674573	2,069837
4,565008	2,073424
4,593182	2,073424
4,658921	2,076359
4,367790	2,076685
4,693356	2,076685
4,333355	2,079294
4,477355	2,079620
4,593182	2,082228
4,129877	2,082228
3,851267	2,085163
4,339616	2,087446
4,311442	2,088098
4,154920	2,090381
4,893704	2,092011
4,267616	2,092337
4,226920	2,093968
4,558747	2,095924
4,242572	2,096576
4,539964	2,097881
5,062748	2,100489
4,374051	2,100163
4,283268	2,103098
4,430399	2,104402
5,056487	2,106033
4,568138	2,107011
4,496138	2,107989
4,637008	2,110598
3,876311	2,111902
4,583790	2,113207
4,611964	2,113533
4,696486	2,116468
4,170572	2,117446
4,395964	2,117446
4,223790	2,120381
4,577530	2,122011
4,358399	2,123642
4,658921	2,123315
4,718399	2,127229
4,543095	2,126576
4,261355	2,128207
4,518051	2,130489
4,627617	2,131794
4,602573	2,133424
4,621356	2,134076
4,499269	2,135707
4,643269	2,136685
4,668312	2,140598
4,267616	2,140924
4,649530	2,140272
4,424138	2,143207
3,973354	2,145489
4,499269	2,146468
3,954572	2,149076
4,480486	2,149729
4,414747	2,150381
4,712139	2,151359
4,395964	2,154620
4,023442	2,154620
4,361529	2,156902
4,511790	2,158207
4,577530	2,160489
4,446051	2,159837
5,078400	2,161794
4,051615	2,163098
4,586921	2,165707
4,668312	2,166685
4,558747	2,169294
4,192485	2,168968
4,502399	2,171576
4,427268	2,174185
4,461703	2,175163
4,696486	2,173859
4,640138	2,178098
4,796660	2,179729
3,666571	2,180707
4,145529	2,182663
4,727791	2,183316
5,191096	2,184294
4,583790	2,184946
4,618225	2,186903
4,467964	2,189185
4,471095	2,191142
4,533703	2,192120
4,092311	2,192120
3,826224	2,193750
4,558747	2,196359
4,818573	2,197011
4,724660	2,198642
4,571269	2,200598
5,047096	2,201576
4,740312	2,203533
4,389703	2,204837
4,336486	2,206142
4,017181	2,209076
4,417877	2,208750
5,018922	2,210381
5,043965	2,211033
4,565008	2,214620
4,583790	2,214946
4,925008	2,217229
3,923267	2,217229
4,399094	2,219185
4,693356	2,221794
4,827965	2,220816
4,799791	2,224403
4,946922	2,225707
4,878052	2,227990
4,079789	2,228642
5,009530	2,230924
4,615095	2,230924
4,752834	2,233207
5,084661	2,233533
4,637008	2,236142
4,208138	2,236794
4,201877	2,238424
4,283268	2,239077
4,843617	2,241685
4,524312	2,241359
5,056487	2,244294
4,884313	2,245598
4,605704	2,247229
3,976485	2,248859
4,358399	2,249837
4,840487	2,251794
5,062748	2,254077
5,241183	2,255055
4,818573	2,254729
4,909356	2,257337
5,187966	2,259946
4,633877	2,261903
4,201877	2,261577
4,583790	2,262229
4,934400	2,264837
4,655791	2,264837
4,524312	2,268424
4,934400	2,269403
4,630747	2,271359
4,840487	2,272664
4,618225	2,273316
4,925008	2,275272
5,090922	2,276577
5,898576	2,278207
4,784139	2,279511
4,743443	2,281794
4,205007	2,280816
5,040835	2,284077
4,574399	2,285381
4,727791	2,286359
4,802921	2,287990
5,206748	2,289620
4,683965	2,290924
5,059617	2,293533
5,100313	2,294838
4,849878	2,294511
4,878052	2,295490
5,012661	2,297772
4,990748	2,300055
5,272487	2,302664
4,909356	2,302338
4,827965	2,305272
4,596312	2,305925
4,577530	2,307881
4,981356	2,309511
5,125357	2,311142
5,488488	2,311794
5,162922	2,313751
5,075270	2,315707
5,003269	2,315381
5,504140	2,317664
5,263096	2,318316
4,943791	2,321251
5,848489	2,320925
5,300661	2,322229
5,209879	2,325164
5,454053	2,325816
4,918748	2,328751
5,588662	2,328751
5,328835	2,332012
5,178574	2,331359
5,472836	2,332990
5,519792	2,335598
5,532314	2,336251
5,331966	2,336903
5,278748	2,338533
5,297531	2,340816
4,887443	2,342120
5,050226	2,343425
4,965704	2,344403
5,200487	2,347012
5,832836	2,347012
5,191096	2,348968
5,150400	2,349946
5,588662	2,352229
6,036315	2,354185
5,623097	2,354838
5,839097	2,355490
5,933010	2,357446
6,077011	2,360055
5,986228	2,362664
5,804662	2,362012
5,823445	2,363642
5,134748	2,365925
5,485357	2,367881
5,175444	2,367555
5,626227	2,369512
5,983097	2,371794
6,321185	2,372772
6,440142	2,374077
6,402577	2,376686
6,721881	2,376359
6,527794	2,378642
5,654401	2,380925
6,552838	2,380925
6,333707	2,383207
5,958054	2,384186
6,530925	2,385816
6,230402	2,386794
7,207100	2,389403
6,446403	2,390381
6,665534	2,392012
6,361881	2,393316
6,602925	2,394294
6,800143	2,395599
6,524664	2,398533
6,815795	2,398207
7,282230	2,399512
6,659273	2,401794
6,934751	2,402773
6,859621	2,404403
6,537185	2,406686
6,759447	2,407664
6,922230	2,408968
7,106926	2,409946
7,197708	2,410925
7,272839	2,413207
8,030406	2,415164
8,036667	2,417446
7,301013	2,417120
7,733014	2,419403
7,917710	2,420707
7,642231	2,422338
7,053708	2,425273
7,222752	2,424946
8,340319	2,427229
8,030406	2,428860
7,698579	2,428533
7,855101	2,432446
7,376144	2,433099
7,723623	2,433751
7,795623	2,434729
8,005362	2,436360
7,651622	2,438968
7,285361	2,440599
7,826927	2,441251
8,290232	2,443860
8,440493	2,445164
7,955275	2,445490
8,014754	2,448099
8,352841	2,447773
8,434233	2,450055
7,811275	2,450381
8,155623	2,452012
8,309015	2,455925
8,277711	2,455273
8,340319	2,457229
8,474928	2,459512
8,105536	2,461142
8,365363	2,460490
8,102406	2,462447
8,177536	2,464403
8,910060	2,466034
8,615798	2,467012
8,280841	2,468316
8,456146	2,469620
8,525015	2,472229
8,694059	2,472555
9,226234	2,474186
9,129190	2,475164
9,301365	2,479077
9,204321	2,480055
9,445365	2,482012
9,245017	2,482664
9,326408	2,483316
9,752148	2,485273
9,736496	2,486577
9,961888	2,488534
9,864844	2,488860
10,422062	2,490490
9,824148	2,493099
10,127801	2,493751
10,578585	2,494729
10,766411	2,496034
10,553541	2,498968
10,653715	2,500273
10,822759	2,501251
11,048151	2,502555
11,135803	2,504512
11,533369	2,504186
11,517717	2,507447
11,154586	2,510055
11,379977	2,509729
12,234588	2,510381
13,342764	2,512012
12,297197	2,513642
11,955978	2,516577
12,391110	2,516903
12,716676	2,518860
12,497545	2,520164
12,895111	2,520164
12,873198	2,522121
12,256501	2,523751
12,901372	2,525708
13,298938	2,527338
13,170590	2,528968
13,292677	2,529621
13,799808	2,530925
13,061024	2,533860
13,010937	2,534512
13,508677	2,536142
13,931287	2,536468
13,414764	2,539077
14,391461	2,540055
13,746591	2,542338
13,724678	2,543968
13,107981	2,544947
13,524329	2,546251
14,278766	2,546577
13,668330	2,548208
13,111111	2,552121
13,295807	2,552447
13,552503	2,553751
13,611982	2,555382
13,796678	2,555382
13,170590	2,556686
13,768504	2,559295
14,616853	2,561251
13,759112	2,561577
14,522940	2,564838
14,754593	2,566142
15,117724	2,567121
15,333724	2,568751
14,998767	2,568751
13,884330	2,571034
14,363287	2,571360
15,900334	2,573968
15,903464	2,575925
15,706247	2,577555
16,445031	2,578534
16,376161	2,579512
15,668681	2,579838
16,034943	2,581142
17,017901	2,582447
17,033553	2,584729
18,176164	2,586034
17,894425	2,588316
18,072860	2,590273
18,166773	2,589621
19,594254	2,592555
19,494080	2,595816
19,788341	2,596142
18,874253	2,597121
20,608517	2,599403
20,730604	2,600056
21,200170	2,601360
21,788693	2,603642
21,841910	2,603642
22,392868	2,605925
22,593216	2,606577
23,463479	2,609512
23,050261	2,609186
23,851653	2,611795
24,161567	2,613751
24,546611	2,614729
24,584177	2,616360
25,056873	2,617338
25,661048	2,619947
25,949049	2,621251
25,870788	2,622229
25,632874	2,622229
26,074266	2,624838
26,741050	2,625816
26,512528	2,628751
26,863138	2,630056
27,044703	2,630056
27,072877	2,632664
27,151138	2,632990
27,144877	2,634295
26,747311	2,636577
26,822442	2,637556
26,834964	2,638208
26,368528	2,640816
26,190093	2,642121
25,692353	2,642773
24,884699	2,644077
25,398091	2,645708
24,947308	2,648969
24,352524	2,650925
23,450957	2,651577
23,000174	2,652230
22,774782	2,654512
22,167476	2,654186
21,804345	2,657773
20,520864	2,658751
21,269040	2,660056
20,145212	2,661686
20,971648	2,663643
20,023124	2,663643
20,890256	2,666903
20,151472	2,668208
19,609906	2,669838
19,566080	2,669838
19,472167	2,672121
21,027996	2,673751
19,976168	2,674403
20,242255	2,676360
20,605386	2,677664
19,694428	2,678969
20,574082	2,679295
20,843300	2,681577
21,381736	2,682882
21,397388	2,684838
21,675997	2,685817
21,040518	2,688751
21,726084	2,690708
22,624521	2,691686
22,439825	2,691034
22,899999	2,694295
22,768521	2,695599
23,707653	2,697882
24,080176	2,698208
24,793916	2,701143
24,775134	2,699838
25,019308	2,702447
25,670440	2,705056
26,506267	2,704730
26,866268	2,707338
27,157399	2,708643
27,357747	2,710599
28,284358	2,709947
28,609923	2,713534
28,613054	2,714838
29,201577	2,714838
29,201577	2,717121
30,115665	2,717447
30,619666	2,718099
30,835667	2,720056
30,929580	2,722338
31,815495	2,724621
31,671495	2,725925
32,197409	2,726577
32,338278	2,728208
32,820366	2,729838
32,976888	2,731143
33,067671	2,732121
33,039497	2,734077
33,590455	2,736034
33,693759	2,734404
33,521585	2,739295
33,458976	2,740925
33,418281	2,741904
33,246106	2,743860
33,552889	2,744512
33,956716	2,746795
33,753238	2,748425
32,541757	2,749078
32,288191	2,750708
32,532366	2,753317
32,125408	2,754621
31,865582	2,756251
31,799843	2,757230
31,518103	2,758534
30,938971	2,760491
30,763667	2,760491
30,913928	2,761795
30,722971	2,763099
30,729232	2,764730
30,854450	2,765708
31,436711	2,767012
31,386624	2,769621
32,322626	2,771251
31,968886	2,772882
32,103495	2,773534
32,770279	2,775165
34,110108	2,776143
33,743846	2,776795
34,360543	2,778751
34,682979	2,781686
35,928894	2,783317
36,298286	2,784295
37,340723	2,784295
37,910463	2,787230
38,959161	2,788534
39,591510	2,789838
40,101772	2,790491
41,566818	2,793425
42,412037	2,795382
43,476387	2,795708
44,221432	2,797665
45,492391	2,798643
46,509784	2,799621
47,380046	2,800925
48,729266	2,802230
49,561964	2,803534
50,281965	2,805817
52,013099	2,806795
52,883361	2,809078
54,179364	2,809404
54,996409	2,811034
55,973106	2,812665
56,317455	2,815925
58,383546	2,816904
58,311546	2,818208
59,391548	2,818534
60,048940	2,819512
60,459028	2,823099
61,445117	2,823099
62,074335	2,824404
61,905292	2,827012
62,421814	2,827339
62,819380	2,829621
62,675380	2,829621
62,750511	2,831904
62,788076	2,834186
62,008596	2,834839
61,817639	2,836795
61,272943	2,837447
61,025638	2,839078
60,315028	2,841034
59,134852	2,842665
58,170676	2,845273
56,574151	2,845273
55,681975	2,846904
53,809972	2,848208
51,399532	2,849186
49,900051	2,849839
47,605438	2,853752
45,664565	2,853099
43,006821	2,854078
40,586990	2,857665
38,236029	2,858317
36,116720	2,860599
34,348021	2,860926
32,306974	2,862230
31,633929	2,865165
30,641580	2,865817
29,539664	2,866143
28,644358	2,869078
27,457921	2,869404
26,478093	2,870708
26,212006	2,872991
25,773744	2,875273
25,113221	2,875273
24,812699	2,876904
24,484003	2,878208
23,776523	2,880165
23,601218	2,880491
23,181739	2,882121
23,006434	2,884730
23,062782	2,887013
22,984521	2,887339
22,921913	2,889295
22,730956	2,890273
22,799825	2,891578
22,824869	2,893534
22,530607	2,894839
22,799825	2,897121
23,231826	2,898752
23,090956	2,898752
22,912521	2,901360
23,632523	2,900382
24,202263	2,903317
24,111480	2,903969
24,070784	2,907230
24,527829	2,909187
24,812699	2,908534
24,934786	2,910165
24,527829	2,913100
25,213395	2,913752
25,322961	2,915708
25,592179	2,916687
25,927136	2,916360
26,274615	2,919947
26,659659	2,921578
26,597050	2,921904
25,855136	2,925165
26,957051	2,926143
26,647137	2,926469
26,906964	2,927121
27,451660	2,930382
27,207486	2,931687
27,060355	2,932991
26,813050	2,934295
26,856877	2,935926
27,057225	2,935600
26,941399	2,939839
26,143136	2,939187
26,644007	2,942121
26,428006	2,942121
26,130614	2,943426
25,413743	2,945056
25,006786	2,948317
23,488522	2,949621
24,286785	2,950600
23,729566	2,952230
22,765391	2,954187
22,161215	2,955491
21,278431	2,956469
20,520864	2,957447
19,572341	2,959404
19,456515	2,959078
18,207469	2,962991
17,543815	2,962665
16,983466	2,964295
16,404335	2,967230
15,618594	2,966578
15,887812	2,969187
15,449550	2,972121
15,199115	2,972448
14,516679	2,972448
14,726419	2,974404
14,785897	2,977013
14,695114	2,977665
14,391461	2,979295
14,247461	2,978969
14,316331	2,983534
14,200505	2,983861
13,843634	2,986143
13,768504	2,986469
13,959461	2,987774
13,734069	2,989404
14,441548	2,990056
14,551114	2,991687
14,078417	2,993317
13,912504	2,996578
14,065896	2,996578
14,166070	2,998861
14,275635	2,999513
14,789027	3,002774
14,125374	3,003100
14,638766	3,002774
14,792158	3,005708
14,807810	3,007991
15,311811	3,008969
15,127115	3,008969
15,549725	3,012230
15,546594	3,012230
15,602942	3,013208
15,487116	3,015165
16,232161	3,017774
15,549725	3,019078
16,573379	3,018752
16,601553	3,021361
16,454422	3,022013
16,413726	3,024622
16,582770	3,026252
16,723640	3,028535
17,202597	3,029513
17,196336	3,030817
17,362250	3,031795
17,850598	3,034078
17,650250	3,034078
17,772337	3,036687
17,703468	3,038317
17,978947	3,038969
18,461034	3,040926
18,633209	3,041252
18,398426	3,043209
18,389034	3,045165
18,533035	3,045165
19,027644	3,048100
19,037036	3,049730
18,601904	3,050382
18,861731	3,052013
19,343819	3,052339
19,256166	3,053969
19,437732	3,056904
19,381384	3,059187
19,913559	3,059187
19,822776	3,060491
19,443993	3,062448
19,760167	3,064404
19,797733	3,065056
20,104516	3,066361
20,261038	3,068317
20,470777	3,070600
20,955996	3,070600
21,697910	3,072230
21,250257	3,074839
21,829389	3,076469
22,267650	3,076469
22,314607	3,079078
22,467999	3,080709
22,812347	3,080709
23,785914	3,083317
23,810958	3,084296
24,446437	3,084948
24,775134	3,086252
25,135134	3,089839
26,265223	3,089839
26,647137	3,091469
27,648878	3,092448
28,409575	3,094404
28,991837	3,096035
29,398795	3,097339
30,078100	3,098970
30,738623	3,100926
31,568190	3,101252
32,294452	3,103535
33,790803	3,103535
33,962977	3,106796
34,895849	3,106796
36,101068	3,109730
36,683330	3,110709
37,215505	3,111361
38,167159	3,114622
39,359857	3,113970
40,461772	3,116578
40,972034	3,118209
41,610644	3,118209
42,305602	3,121143
42,659342	3,120817
44,014823	3,123752
44,343519	3,124404
44,866302	3,127013
45,088564	3,129622
45,965087	3,128643
46,112218	3,131578
46,296914	3,132230
46,741437	3,134839
46,609958	3,134839
46,775871	3,136470
47,067002	3,139078
47,383177	3,138752
47,092046	3,141035
46,290653	3,142991
46,531697	3,143644
45,958826	3,145274
45,076042	3,145600
44,806824	3,147883
43,232212	3,149513
42,487167	3,150165
41,620035	3,152122
40,336555	3,153426
38,890291	3,155383
37,256201	3,158317
35,725415	3,158317
33,512194	3,158317
31,342798	3,161578
29,843317	3,162557
27,814792	3,162883
25,304178	3,166144
23,967480	3,166144
22,302085	3,169404
21,309736	3,170057
19,991820	3,170709
18,670774	3,172339
17,456163	3,174622
17,199467	3,176252
16,194595	3,177231
14,879810	3,178209
14,757723	3,179187
14,466592	3,181796
14,156678	3,182448
13,308329	3,184731
12,641545	3,186687
12,081196	3,187013
11,930935	3,188970
11,511456	3,189622
11,326760	3,192883
11,095107	3,193535
10,829020	3,194187
10,177888	3,197122
10,071453	3,198426
9,752148	3,198100
9,736496	3,202013
9,229365	3,202013
9,201191	3,202991
9,147973	3,205600
9,060321	3,207231
8,102406	3,207883
8,406059	3,208861
8,553189	3,211796
8,296493	3,213100
8,196319	3,213100
7,826927	3,214731
7,579622	3,217665
7,767449	3,218970
7,723623	3,219948
7,235274	3,222231
7,347970	3,222883
7,554579	3,224513
7,059969	3,223861
7,163274	3,227774
7,232143	3,230057
6,731273	3,229405
6,699968	3,230709
7,025534	3,233318
6,593533	3,233644
6,327446	3,235274
6,534055	3,237231
6,195967	3,239513
6,493359	3,240818
6,621707	3,241144
6,455794	3,243100
6,396316	3,244078
6,277359	3,246035
6,055098	3,248318
6,020663	3,248644
5,961184	3,250600
6,036315	3,251578
6,396316	3,251578
6,058228	3,254513
5,839097	3,256796
5,513531	3,258100
5,763967	3,258752
5,429009	3,259731
5,742054	3,262665
5,429009	3,264296
5,357009	3,264948
5,125357	3,266252
4,903095	3,267883
5,294400	3,269187
5,122226	3,270165
5,015791	3,272448
4,787269	3,273426
5,350748	3,273752
5,197357	3,275057
5,256835	3,278644
5,306922	3,280600
4,874921	3,280926
4,752834	3,283535
4,953182	3,282883
5,084661	3,284839
4,774747	3,287122
5,181705	3,287122
5,075270	3,290057
4,677704	3,292013
4,436660	3,292339
4,815443	3,293970
4,521182	3,294622
4,493008	3,297557
4,511790	3,297883
4,827965	3,298861
5,319444	3,301796
4,921878	3,302774
4,499269	3,305057
4,818573	3,305709
4,737182	3,306687
4,596312	3,308644
4,527442	3,309948
4,452312	3,311579
3,804311	3,312557
3,957702	3,314513
4,746573	3,317448
4,608834	3,317774
4,452312	3,317774
4,580660	3,320057
4,856139	3,322666
4,320833	3,322666
4,599443	3,325274
4,399094	3,325926
4,452312	3,327557
4,596312	3,328535
4,543095	3,331470
4,267616	3,332122
4,374051	3,332774
4,439790	3,334405
4,467964	3,335709
4,687095	3,338318
4,010920	3,338644
4,621356	3,340274
4,442921	3,342557
4,461703	3,343535
4,658921	3,345492
4,853008	3,346470
4,389703	3,348427
3,722919	3,350057
4,217529	3,351361
4,474225	3,353318
4,427268	3,354948
4,433529	3,356579
4,618225	3,356579
3,973354	3,357231
4,467964	3,359513
4,558747	3,360818
4,355268	3,363100
4,477355	3,363100
4,446051	3,366035
4,971965	3,366035
3,666571	3,368318
3,823093	3,370274
4,386573	3,370600
4,658921	3,371579
4,737182	3,375166
3,917007	3,374840
4,543095	3,376470
3,093701	3,378100
4,696486	3,379079
3,569528	3,380057
4,089181	3,382340
4,493008	3,383318
5,479096	3,384948
3,707267	3,387231
3,525701	3,389187
4,386573	3,389514
4,151790	3,393101
3,669702	3,393427
4,230051	3,394731
4,095442	3,396687
3,766745	3,398318
4,608834	3,399296
4,098572	3,400601
4,317703	3,400927
4,521182	3,404187
4,054746	3,404514
4,239442	3,405166
4,208138	3,407122
4,010920	3,408753
3,979615	3,410057
4,389703	3,411687
4,302051	3,413970
4,220659	3,414948
3,913876	3,416579
3,685354	3,418861
4,486747	3,418861
4,255094	3,420166
4,568138	3,421796
4,129877	3,423427
3,989007	3,424731
4,061007	3,426361
3,870050	3,428318
4,061007	3,428970
4,117355	3,431253
4,208138	3,431253
4,345877	3,433861
4,220659	3,435166
3,995268	3,435818
3,860659	3,438427
4,158050	3,440057
4,076659	3,440709
3,845006	3,442014
4,220659	3,443970
4,596312	3,445601
4,201877	3,447231
4,048485	3,447883
3,644658	3,449188
3,873180	3,450492
4,255094	3,452122
4,142398	3,454079
4,361529	3,455057
3,716658	3,457340
3,982746	3,459948
3,788658	3,459296
3,688484	3,461579
3,773006	3,463862
4,483616	3,464514
4,195616	3,466144
4,073529	3,467775
3,913876	3,468427
4,474225	3,470383
4,255094	3,472340
4,045355	3,473970
4,208138	3,474296
4,061007	3,474948
4,251964	3,477231
4,051615	3,478862
3,970224	3,481796
3,976485	3,481796
4,020311	3,483427
3,895093	3,484405
3,572658	3,485383
3,829354	3,487992
4,208138	3,487992
4,292659	3,490601
4,533703	3,491579
4,292659	3,494188
3,816832	3,494840
4,082920	3,496470
4,023442	3,497449
3,989007	3,499079
3,973354	3,500383
3,963963	3,502014
4,392834	3,502992
3,613354	3,504296
4,226920	3,505601
4,302051	3,507883
3,845006	3,509188
4,211268	3,511470
3,560136	3,511796
4,067268	3,514731
4,048485	3,517014
3,829354	3,517014
4,014050	3,519296
4,201877	3,519296
3,970224	3,521905
3,798050	3,523862
3,704137	3,525166
4,436660	3,526144
4,142398	3,526470
3,932659	3,529405
4,029702	3,529731
3,851267	3,531688
3,560136	3,533970
4,173703	3,533970
4,230051	3,535275
3,873180	3,537557
4,342746	3,539188
4,107963	3,540818
3,942050	3,542775
4,104833	3,542775
3,888833	3,545057
4,217529	3,545383
4,170572	3,547666
3,970224	3,548318
3,860659	3,550601
4,076659	3,551579
4,195616	3,553862
4,026572	3,555166
3,810572	3,556796
4,154920	3,558101
4,154920	3,558753
4,345877	3,561036
3,917007	3,561036
4,167442	3,562014
3,876311	3,566253
3,450571	3,566579
4,217529	3,567883
4,129877	3,569840
3,084309	3,570492
3,557006	3,573101
4,014050	3,574405
4,145529	3,574731
4,186224	3,576362
4,574399	3,577992
3,597702	3,578644
4,452312	3,581579
4,637008	3,582557
3,954572	3,584188
3,672832	3,585818
4,039094	3,586470
3,973354	3,589079
4,248833	3,590710
4,020311	3,591688
3,976485	3,593318
4,042224	3,593970
3,475614	3,595601
3,945181	3,596905
3,622745	3,598536
4,032833	3,600492
4,051615	3,601797
3,985876	3,603427
3,860659	3,604405
3,907615	3,606362
4,023442	3,607014
4,327094	3,608318
4,082920	3,610275
4,067268	3,611579
4,192485	3,613536
4,330225	3,614188
4,198746	3,615492
3,776137	3,617449
3,917007	3,619731
3,832485	3,619405
3,860659	3,622340
4,061007	3,623644
3,863789	3,624297
4,323964	3,626905
3,901354	3,628862
4,546225	3,630492
4,411616	3,630492
4,283268	3,632123
4,195616	3,633753
4,017181	3,636036
4,467964	3,636362
4,374051	3,638644
4,289529	3,638971
3,691615	3,641253
3,503788	3,642558
3,791789	3,643536
4,026572	3,644840
3,960833	3,646471
4,154920	3,648101
4,158050	3,649079
4,126746	3,650710
4,161181	3,652992
3,873180	3,653971
4,380312	3,655601
4,104833	3,656253
4,111094	3,658210
3,782398	3,660166
4,051615	3,661797
4,417877	3,662123
4,173703	3,665058
3,992137	3,665710
4,086050	3,667340
3,879441	3,667666
3,885702	3,669949
4,139268	3,670927
3,923267	3,673536
3,998398	3,673862
4,179964	3,675818
3,932659	3,676145
4,001528	3,679405
4,474225	3,680058
4,104833	3,682014
3,669702	3,682340
3,923267	3,685275
4,098572	3,686253
3,816832	3,687558
3,960833	3,688862
4,320833	3,689840
4,383442	3,690818
3,763615	3,691797
3,503788	3,696036
4,179964	3,695710
4,230051	3,698318
4,045355	3,698318
4,101703	3,701253
4,104833	3,701579
4,605704	3,703210
3,666571	3,704840
4,602573	3,706145
4,248833	3,707449
4,126746	3,709405
3,963963	3,712014
4,364660	3,711688
4,242572	3,713645
4,173703	3,715601
4,042224	3,716905
4,239442	3,718536
3,891963	3,719514
4,205007	3,720492
4,092311	3,723427
4,048485	3,724405
4,195616	3,725710
4,183094	3,727340
4,392834	3,726688
4,330225	3,729623
4,139268	3,730927
4,555616	3,732884
4,173703	3,735819
4,007789	3,736471
4,383442	3,737775
4,439790	3,739406
4,092311	3,739406
4,302051	3,741688
4,383442	3,743319
4,395964	3,743971
4,255094	3,745601
4,054746	3,747884
4,496138	3,748210
4,690225	3,750819
4,395964	3,751471
4,173703	3,752123
4,148659	3,755710
4,702747	3,755384
4,395964	3,758319
4,352138	3,759949
4,339616	3,759949
4,305181	3,761579
4,367790	3,764840
4,621356	3,765166
4,289529	3,765493
4,358399	3,768101
4,289529	3,768753
4,436660	3,769406
4,317703	3,771036
4,148659	3,773971
4,026572	3,775275
4,120485	3,775927
4,123616	3,777884
4,389703	3,779840
4,208138	3,780493
4,089181	3,781797
4,176833	3,784732
4,214398	3,785058
4,302051	3,785058
4,101703	3,787340
4,270746	3,790601
4,683965	3,791906
4,295790	3,792232
4,064137	3,794188
4,201877	3,794840
4,211268	3,796471
4,014050	3,798101
4,292659	3,799080
4,242572	3,802014
4,161181	3,802993
4,311442	3,804297
4,020311	3,805275
4,417877	3,806253
4,552486	3,809514
4,374051	3,809188
4,458573	3,812123
4,408486	3,811797
4,377181	3,814406
4,405355	3,814732
4,546225	3,817014
4,505529	3,818645
4,493008	3,819297
4,521182	3,822558
4,261355	3,822884
4,508660	3,824514
4,352138	3,825167
4,442921	3,828101
4,549356	3,829080
4,605704	3,830710
4,809182	3,831036
4,718399	3,833645
4,073529	3,834623
4,496138	3,835927
4,721530	3,837232
4,511790	3,838536
5,178574	3,840493
4,846747	3,841471
4,054746	3,844732
4,950052	3,844406
4,737182	3,845384
4,727791	3,847014
4,311442	3,848645
4,787269	3,851254
4,809182	3,851580
4,471095	3,853210
5,069009	3,856145
4,608834	3,856145
4,568138	3,857449
4,630747	3,858101
4,386573	3,861688
4,774747	3,862014
4,752834	3,864297
4,618225	3,865601
4,925008	3,866254
4,652660	3,868210
5,009530	3,869841
4,386573	3,870493
4,787269	3,872123
4,658921	3,873428
4,946922	3,874732
4,195616	3,877014
4,514921	3,878645
5,266227	3,879297
4,549356	3,879949
4,289529	3,883536
4,771617	3,884188
4,790400	3,885819
4,624486	3,886145
4,405355	3,887775
5,294400	3,890058
4,752834	3,890384
4,145529	3,892667
4,446051	3,894297
4,950052	3,894623
4,755965	3,896906
4,987617	3,898862
4,583790	3,900167
4,539964	3,901471
4,871791	3,904406
4,668312	3,905058
5,078400	3,905710
4,843617	3,907667
4,853008	3,908971
4,859269	3,909949
4,849878	3,910601
4,884313	3,913210
4,968835	3,914188
4,968835	3,915167
5,119096	3,916145
5,222400	3,918428
4,993878	3,920058
5,285009	3,920384
5,604314	3,922667
5,385183	3,923971
5,234922	3,926254
5,162922	3,926254
5,272487	3,927884
5,375792	3,930493
5,435270	3,931145
5,306922	3,933754
5,720140	3,934732
5,573010	3,935384
5,591792	3,937667
5,482227	3,939297
5,557358	3,939949
5,754575	3,941580
5,964315	3,943536
5,889184	3,943862
5,654401	3,946145
5,857880	3,948428
5,441531	3,948754
5,857880	3,951362
5,995619	3,953319
5,898576	3,952993
6,095793	3,956580
5,619966	3,957558
6,164663	3,958210
5,519792	3,960493
5,861010	3,961797
5,767097	3,961797
5,607445	3,963428
5,504140	3,965058
6,192837	3,966689
5,886054	3,968319
5,914228	3,969949
6,098924	3,971580
5,773358	3,972232
5,751445	3,974841
5,516662	3,976471
5,388314	3,978428
5,776488	3,977776
5,876662	3,979080
5,429009	3,981363
5,450923	3,983645
5,194226	3,984623
5,641879	3,985928
5,269357	3,987558
5,413357	3,988863
5,335096	3,990167
5,363270	3,992449
5,357009	3,992123
5,463444	3,994732
5,319444	3,994732
5,272487	3,997015
5,040835	3,999949
5,357009	4,001254
4,990748	4,002884
5,294400	4,002884
5,253705	4,004189
5,372662	4,005167
5,169183	4,006797
5,635619	4,009732
5,870402	4,010710
5,203618	4,012667
5,047096	4,013971
5,450923	4,014950
5,573010	4,015276
5,726401	4,017232
5,319444	4,018536
5,735793	4,021471
5,519792	4,022776
5,635619	4,025058
5,497879	4,025384
5,670053	4,026036
5,250574	4,028645
5,410227	4,028971
6,061358	4,029950
5,829706	4,032884
5,823445	4,034841
5,889184	4,035819
5,407096	4,035819
6,048837	4,038102
6,061358	4,038754
5,879793	4,041689
5,904836	4,043319
5,942402	4,043645
6,111446	4,044623
6,045706	4,047884
5,886054	4,049515
6,365011	4,049189
6,036315	4,051145
5,986228	4,053428
5,845358	4,054732
6,361881	4,056363
6,264837	4,058645
6,005011	4,057667
6,008141	4,059950
6,061358	4,061906
6,211620	4,062884
6,186576	4,064189
6,211620	4,064841
6,170924	4,067124
6,211620	4,069406
6,098924	4,071363
6,161533	4,072015
6,011271	4,072993
6,230402	4,074297
5,973706	4,077232
6,014402	4,077884
6,089532	4,079189
6,127098	4,079841
5,923619	4,082776
5,807793	4,083754
5,519792	4,085058
5,889184	4,085384
5,848489	4,087667
5,839097	4,089950
5,679445	4,091254
5,297531	4,092558
5,933010	4,094515
6,108315	4,093863
5,879793	4,095819
5,704488	4,097776
5,735793	4,098754
5,929880	4,100058
5,917358	4,102667
5,648140	4,102667
5,760836	4,105602
5,901706	4,107232
6,023793	4,107884
5,726401	4,109841
6,080141	4,111145
6,005011	4,113102
5,948663	4,115058
5,898576	4,116037
5,889184	4,117667
5,970576	4,118319
6,033185	4,119950
5,983097	4,121254
5,961184	4,121906
6,408837	4,124189
6,621707	4,126798
6,280489	4,125819
6,249185	4,130058
6,487098	4,129732
6,515272	4,130711
6,440142	4,134624
6,559099	4,134298
6,462055	4,136580
6,643620	4,138211
6,424490	4,138537
6,299272	4,141472
6,462055	4,140819
6,837708	4,144406
6,966056	4,144406
7,050578	4,146363
6,803273	4,147993
7,141361	4,148972
6,887795	4,150276
7,028665	4,150928
7,150752	4,153863
6,994230	4,155493
7,016143	4,156798
7,050578	4,157450
7,081882	4,160058
7,128839	4,160385
6,875273	4,162015
6,906577	4,163972
7,022404	4,165276
7,175795	4,167232
7,410578	4,168211
7,000491	4,169515
7,019273	4,171798
6,737534	4,171472
7,244665	4,174080
6,912838	4,175711
6,847099	4,177015
7,285361	4,177993
6,715621	4,177993
6,828316	4,181906
6,900317	4,182885
6,615446	4,183211
6,593533	4,184515
6,399446	4,187776
6,487098	4,189406
6,145880	4,190059
6,186576	4,190711
7,122578	4,193972
6,183446	4,195602
6,233533	4,195276
7,097534	4,197885
6,822056	4,198537
6,474577	4,200493
6,236663	4,202776
5,335096	4,203102
6,033185	4,203754
6,302402	4,205711
6,296142	4,206363
6,559099	4,209624
6,753186	4,209950
6,806403	4,213211
6,606055	4,213211
6,130228	4,213211
7,188317	4,216146
6,449533	4,218428
6,649881	4,218754
6,969186	4,220711
6,922230	4,221689
7,100665	4,222667
7,056839	4,225276
6,947273	4,226906
7,009882	4,228537
7,131969	4,229841
6,818925	4,229189
7,560840	4,232450
7,413709	4,232450
7,194578	4,234733
6,455794	4,235385
7,097534	4,237667
7,707970	4,238646
8,518754	4,240602
8,287102	4,242885
7,936493	4,243537
7,279100	4,244189
7,723623	4,246798
8,603276	4,246472
8,096145	4,248102
7,498231	4,251689
8,221363	4,251363
7,898927	4,253972
7,676666	4,256580
8,296493	4,256254
8,124319	4,258537
8,825538	4,259189
8,377885	4,261798
8,258928	4,262776
8,662755	4,263428
8,418580	4,266037
8,193189	4,267667
8,296493	4,267341
8,302754	4,269298
7,923971	4,270928
8,077362	4,273863
8,418580	4,274189
8,603276	4,277776
8,509363	4,276798
7,914579	4,279407
8,136841	4,280059
8,124319	4,281363
8,305885	4,282994
7,933362	4,284298
7,811275	4,285928
7,989710	4,287559
8,262058	4,288863
7,939623	4,290820
7,598405	4,290820
7,648492	4,293754
7,961536	4,294407
7,645362	4,296689
7,908319	4,297015
7,873884	4,297667
7,795623	4,299950
7,779970	4,301581
7,961536	4,302559
8,046058	4,306146
7,779970	4,306146
8,456146	4,306798
8,014754	4,309407
8,114928	4,311363
8,355972	4,312667
8,258928	4,314624
8,155623	4,314298
8,368493	4,316581
8,625189	4,318211
8,478059	4,319515
8,643972	4,319841
8,741016	4,322450
8,863103	4,324407
8,384146	4,325711
9,229365	4,326037
9,576843	4,328646
9,219973	4,330276
9,567452	4,330602
9,680148	4,332233
9,777192	4,334841
9,470408	4,336472
9,861714	4,336798
9,965018	4,337450
9,961888	4,339081
10,340671	4,342341
10,559802	4,343646
10,722585	4,344298
10,622411	4,345928
11,267282	4,346255
11,023107	4,349189
11,117020	4,349189
10,910411	4,352450
11,035629	4,352450
11,185890	4,354407
11,370586	4,356363
11,530239	4,358646
12,259631	4,360276
11,805717	4,359624
11,683630	4,360928
11,724326	4,362559
11,721195	4,365494
11,314238	4,366472
11,642934	4,367450
12,068674	4,368755
11,918413	4,370059
12,497545	4,372994
11,868326	4,372994
11,830761	4,375276
11,730587	4,377559
11,730587	4,377233
11,599108	4,378211
11,624152	4,379842
11,589717	4,382450
11,354934	4,383428
10,700672	4,386363
10,155975	4,386037
10,907281	4,387342
10,697541	4,389624
10,337541	4,389950
10,096497	4,391255
10,055801	4,393537
9,677018	4,395168
9,467278	4,397776
7,892666	4,398755
10,528497	4,400385
10,490932	4,400059
9,661365	4,402015
9,677018	4,403320
9,855453	4,405929
9,805366	4,407233
9,983801	4,409842
9,911801	4,411472
10,215453	4,412450
9,598757	4,413102
10,265540	4,414081
10,306236	4,416037
9,545539	4,417016
10,290584	4,418646
10,431454	4,419624
10,149714	4,421907
10,459628	4,423537
10,963629	4,424516
11,574065	4,426146
11,151455	4,426472
10,901020	4,429407
11,204673	4,429081
11,630413	4,432342
11,705543	4,433320
11,765022	4,434624
12,131283	4,435276
12,137544	4,437559
12,253370	4,438863
11,868326	4,440494
12,315979	4,441146
13,696504	4,442124
12,193892	4,444081
12,610241	4,446037
12,794937	4,447342
13,755982	4,449624
13,452329	4,449298
13,843634	4,452233
13,896852	4,452559
13,640156	4,454189
13,859286	4,457776
14,303809	4,459081
14,241200	4,459733
14,159809	4,460711
14,335113	4,463646
14,253722	4,462668
14,901723	4,465276
14,854767	4,466581
15,080158	4,467559
14,610592	4,469842
14,604331	4,470494
14,676332	4,470820
14,513549	4,473103
14,369548	4,474733
14,322592	4,475711
14,222418	4,477668
14,460331	4,478320
14,378940	4,480277
14,319461	4,482559
14,134765	4,483537
13,668330	4,485168
13,477373	4,487777
13,455460	4,487450
12,885719	4,489407
12,394240	4,491363
12,719806	4,492016
12,256501	4,493972
12,049892	4,495277
11,990413	4,498537
11,714935	4,499190
11,890239	4,500168
11,905891	4,500168
11,774413	4,502450
11,843283	4,504733
12,284675	4,506037
11,918413	4,506364
12,197022	4,507668
12,140674	4,510277
11,955978	4,512233
12,366066	4,513211
12,413023	4,514842
12,791806	4,515494
12,494414	4,516472
12,963980	4,519081
12,763632	4,520059
13,521199	4,522342
13,242590	4,523646
13,696504	4,525277
13,427286	4,525929
14,407114	4,527885
14,475983	4,529516
14,466592	4,530494
14,742071	4,530494
15,001897	4,533103
15,289898	4,533103
15,380681	4,536037
15,903464	4,536690
16,094421	4,539298
16,166421	4,539624
16,714248	4,542559
17,139988	4,543537
17,158771	4,545494
17,396685	4,545494
17,734772	4,546798
18,116686	4,549081
18,291991	4,551690
18,476687	4,552342
19,093383	4,553646
19,093383	4,555603
19,397036	4,555929
19,303123	4,558211
19,656863	4,560494
19,813385	4,560820
20,251647	4,563103
20,010603	4,563755
20,439473	4,565385
20,420690	4,567016
20,495821	4,569624
20,564691	4,569951
20,696169	4,571255
20,154603	4,573211
20,185907	4,574190
20,624169	4,575494
20,445734	4,577451
20,045037	4,578429
19,966776	4,581364
19,559819	4,581364
19,171644	4,582668
18,908687	4,584625
18,642600	4,586581
18,385904	4,586907
17,766077	4,588864
17,143119	4,590820
16,448161	4,592125
15,906595	4,593755
14,958071	4,595385
14,335113	4,595059
13,849895	4,597342
12,938937	4,599298
12,341023	4,600929
12,243979	4,601255
11,664847	4,604516
11,455108	4,605168
11,323629	4,605168
10,910411	4,605820
10,766411	4,609407
10,788324	4,609407
10,572324	4,611364
10,206062	4,613320
10,537889	4,614625
10,218584	4,615929
9,980670	4,619190
9,570583	4,618538
10,093366	4,621146
9,630061	4,622451
10,027627	4,624733
9,542409	4,624733
9,686409	4,627342
9,486061	4,629299
9,921192	4,629299
10,046410	4,630277
9,614409	4,631907
9,567452	4,634190
10,209193	4,634842
10,190410	4,636799
10,002583	4,638429
9,830409	4,639407
10,052670	4,642342
10,284323	4,641364
10,559802	4,644951
10,437715	4,645277
10,497193	4,646907
10,472150	4,648538
10,462758	4,650168
10,531628	4,651472
10,835281	4,652777
10,293714	4,653755
11,389369	4,654733
11,029368	4,656364
10,957368	4,658320
11,104499	4,659625
10,807107	4,662559
11,304847	4,661907
11,323629	4,664842
11,304847	4,664842
11,132673	4,667777
11,708674	4,669733
11,411282	4,669733
11,063803	4,672342
11,204673	4,672342
11,386238	4,673646
10,638063	4,676581
10,462758	4,677233
10,666237	4,679516
11,120151	4,679842
10,553541	4,682451
10,706933	4,682777
10,578585	4,685712
10,797715	4,686364
10,281193	4,687342
9,880496	4,689951
10,334410	4,689625
9,755279	4,691255
9,501713	4,693212
8,847451	4,696146
8,503102	4,695820
8,155623	4,698429
7,160143	4,699733
7,279100	4,700386
8,052319	4,701690
6,859621	4,704299
6,803273	4,706581
7,404318	4,706581
6,997360	4,707233
6,493359	4,710494
6,321185	4,710168
6,199098	4,713429
6,199098	4,713103
5,538575	4,715712
5,407096	4,716364
5,551097	4,718320
5,832836	4,718647
5,704488	4,721907
5,569879	4,722886
5,560488	4,723864
5,475966	4,726473
5,820315	4,725494
5,882923	4,729407
5,043965	4,729407
5,106574	4,731690
5,278748	4,732994
5,804662	4,735603
5,779619	4,735929
5,000139	4,737234
4,408486	4,738864
5,335096	4,740168
4,765356	4,742451
4,856139	4,743429
5,034574	4,745060
4,893704	4,747016
5,285009	4,747994
5,322574	4,749625
4,859269	4,749625
4,734052	4,752560
4,878052	4,753864
4,380312	4,755168
5,003269	4,755168
5,025183	4,757125
4,349007	4,758429
4,449181	4,760386
4,649530	4,763321
4,968835	4,763973
4,862400	4,765277
4,618225	4,766255
4,899965	4,767886
4,709008	4,769516
4,787269	4,770821
4,280138	4,771799
4,608834	4,775060
4,774747	4,774407
4,255094	4,776038
4,658921	4,778647
4,449181	4,778321
4,345877	4,781908
5,119096	4,782234
4,921878	4,783538
4,558747	4,786147
4,643269	4,785494
4,514921	4,788103
4,618225	4,790060
4,755965	4,790712
3,732311	4,793973
4,590051	4,793321
4,649530	4,795603
4,608834	4,796581
4,092311	4,797234
4,374051	4,799190
4,317703	4,801473
4,427268	4,802451
4,402225	4,803103
4,442921	4,807016
4,292659	4,807342
3,982746	4,807668
4,853008	4,810603
4,411616	4,812234
4,430399	4,812886
4,565008	4,815168
4,618225	4,816473
4,461703	4,817451
3,992137	4,818755
4,061007	4,820712
4,618225	4,821690
4,145529	4,822995
4,439790	4,824951
3,835615	4,826582
4,129877	4,827886
4,277007	4,828538
4,502399	4,831473
4,389703	4,832125
3,866919	4,832451
3,910746	4,835060
4,565008	4,836364
4,280138	4,837668
4,931269	4,839951
4,690225	4,841582
4,527442	4,842560
4,355268	4,844190
4,524312	4,845169
4,305181	4,847777
3,719789	4,848103
4,320833	4,848755
4,746573	4,851038
4,330225	4,852669
4,073529	4,853973
4,145529	4,855277
4,042224	4,856582
3,835615	4,859190
4,233181	4,859842
4,201877	4,859842
3,832485	4,862125
4,489877	4,863429
4,474225	4,865712
4,345877	4,867995
4,502399	4,868647
4,154920	4,870929
3,810572	4,871256
3,929528	4,871256
4,496138	4,873212
4,010920	4,875495
3,995268	4,877451
4,117355	4,877451
3,923267	4,880712
4,258225	4,881364
4,768486	4,882342
4,020311	4,884951
3,967094	4,886256
4,004659	4,887560
3,879441	4,889843
4,345877	4,890495
4,493008	4,892451
4,483616	4,893756
4,289529	4,895060
4,192485	4,896038
4,327094	4,897343
4,067268	4,897995
4,120485	4,900929
4,179964	4,901582
3,979615	4,903538
4,446051	4,904843
4,101703	4,906147
3,885702	4,907777
4,095442	4,909082
4,320833	4,911364
4,158050	4,912343
3,794919	4,913321
4,123616	4,914625
4,336486	4,917234
3,942050	4,917234
4,646399	4,919190
4,170572	4,921799
4,242572	4,922125
3,591441	4,924408
3,635267	4,924734
4,086050	4,926364
4,903095	4,927016
4,630747	4,930277
4,211268	4,932234
4,361529	4,932234
4,142398	4,934517
4,010920	4,935821
4,320833	4,936799
3,694745	4,939734
4,511790	4,940386
4,417877	4,940712
4,198746	4,942017
4,170572	4,944625
4,061007	4,944951
4,167442	4,947234
4,142398	4,948538
3,963963	4,949843
4,051615	4,951799
4,236312	4,953430
4,411616	4,954082
4,242572	4,955386
4,220659	4,957343
4,358399	4,959299
4,226920	4,960930
4,095442	4,962560
4,035963	4,962886
4,161181	4,963864
4,273877	4,966799
3,895093	4,967451
3,879441	4,967777
4,355268	4,969408
4,314573	4,971364
3,613354	4,973321
3,967094	4,975277
4,518051	4,976582
4,806052	4,978212
4,568138	4,978538
4,067268	4,980821
4,370920	4,982451
4,605704	4,982777
4,242572	4,984734
3,785528	4,987017
4,151790	4,987995
4,521182	4,989299
4,380312	4,990930
3,769876	4,990930
4,521182	4,993538
4,408486	4,994843
4,167442	4,996147
3,813702	4,999082
4,320833	5,000060
4,217529	5,000712
3,650919	5,002017
4,023442	5,003321
4,239442	5,004625
4,070398	5,005930
3,923267	5,009191
4,173703	5,008538
3,525701	5,011473
4,345877	5,011473
4,336486	5,012778
4,721530	5,015712
4,383442	5,017995
4,089181	5,017995
4,223790	5,018973
4,073529	5,021908
4,111094	5,023864
4,158050	5,023538
4,198746	5,024843
4,427268	5,027451
4,283268	5,028756
4,627617	5,030060
4,082920	5,031365
3,782398	5,032669
4,273877	5,034625
4,029702	5,034299
4,317703	5,036908
4,327094	5,038212
4,120485	5,042125
4,208138	5,040821
4,048485	5,043104
