-2,929935	0,987226
-2,434282	0,986248
-2,254934	0,986574
-2,740804	0,986574
-2,382108	0,986900
-2,140803	0,988857
-2,750587	0,990161
-2,642978	0,990487
-2,056021	0,992444
-2,274499	0,995052
-2,238630	0,996031
-2,049499	0,997009
-2,114716	0,997987
-2,297325	1,000596
-2,440804	1,002226
-2,267977	1,003857
-2,140803	1,005813
-2,378847	1,006792
-2,206021	1,007118
-2,444065	1,008748
-2,294064	1,010052
-2,320151	1,012661
-2,131021	1,014618
-2,388630	1,014618
-2,421239	1,016248
-2,277760	1,017879
-2,535369	1,019835
-2,470152	1,019835
-2,310369	1,021792
-2,206021	1,025052
-2,434282	1,025379
-2,548413	1,026357
-2,450586	1,027661
-2,294064	1,028313
-2,411456	1,031574
-2,108195	1,032552
-2,303847	1,033205
-2,590804	1,034509
-2,157108	1,037444
-2,470152	1,037770
-2,388630	1,040379
-2,346238	1,041683
-2,538630	1,043313
-2,479934	1,045270
-2,528848	1,045270
-2,502761	1,046574
-2,411456	1,047553
-2,652761	1,051139
-2,525587	1,052118
-2,470152	1,053748
-2,225586	1,055705
-2,577761	1,056357
-2,251673	1,057661
-2,290804	1,057987
-2,600587	1,059944
-2,554935	1,061248
-2,525587	1,063531
-2,639717	1,064509
-2,258195	1,067770
-2,372325	1,067444
-2,303847	1,070053
-2,382108	1,070705
-2,519065	1,071031
-2,316891	1,073966
-2,307108	1,075922
-2,564717	1,075922
-2,623413	1,078205
-2,127760	1,079509
-2,903848	1,080487
-2,342978	1,083748
-2,665804	1,083096
-2,740804	1,084400
-2,848413	1,086357
-2,232108	1,088313
-2,215803	1,089944
-2,294064	1,091574
-2,206021	1,092553
-2,587543	1,094509
-2,150586	1,094835
-2,652761	1,096466
-2,238630	1,099074
-2,049499	1,101031
-2,388630	1,102009
-1,912542	1,103314
-2,453847	1,103640
-2,023412	1,105270
-2,261456	1,106574
-2,300586	1,109183
-2,095151	1,109509
-1,971238	1,112444
-2,007107	1,113096
-2,199499	1,114074
-2,166890	1,115379
-2,150586	1,116357
-2,254934	1,118966
-2,375586	1,121248
-1,987542	1,121574
-2,026673	1,124183
-2,310369	1,124183
-2,339717	1,127118
-2,329934	1,128748
-1,971238	1,129727
-2,652761	1,131357
-2,307108	1,131357
-1,821237	1,133314
-2,300586	1,133966
-1,726672	1,135922
-1,941890	1,138857
-2,065803	1,139835
-2,026673	1,140487
-1,837542	1,141792
-1,612541	1,143748
-1,703846	1,146683
-1,902759	1,145705
-1,606020	1,148640
-1,697324	1,150596
-1,534280	1,149944
-1,635368	1,154183
-1,827759	1,153531
-1,182106	1,155814
-1,664715	1,157770
-1,335367	1,158422
-1,788629	1,160705
-1,442976	1,162009
-1,322323	1,161683
-1,416889	1,164292
-1,583194	1,165596
-1,416889	1,167879
-1,612541	1,168531
-1,433193	1,171140
-1,707107	1,170814
-1,423411	1,173096
-1,504933	1,173422
-1,478845	1,177009
-1,136454	1,176357
-1,540802	1,177661
-1,756020	1,180270
-1,420150	1,183205
-1,677759	1,183857
-1,273410	1,184183
-1,407106	1,185488
-1,469063	1,189401
-1,658194	1,188422
-1,886455	1,190705
-1,120149	1,191357
-1,064714	1,192335
-1,475585	1,195270
-1,090801	1,195922
-1,658194	1,197879
-1,182106	1,198531
-1,449498	1,202444
-1,191888	1,202770
-1,456019	1,203748
-1,703846	1,204401
-1,632107	1,207009
-1,531020	1,209292
-1,234280	1,208966
-1,690802	1,209944
-1,570150	1,212227
-1,726672	1,215488
-1,808194	1,215162
-1,576672	1,216466
-1,182106	1,217770
-1,547324	1,220379
-1,527759	1,220053
-1,478845	1,222335
-1,504933	1,224944
-1,537541	1,225922
-1,840803	1,226575
-1,354932	1,228205
-1,485367	1,229835
-1,599498	1,232444
-1,964716	1,233422
-1,312541	1,235379
-1,400584	1,235705
-1,589715	1,238640
-1,654933	1,237662
-1,651672	1,240270
-1,592976	1,242879
-1,710368	1,242553
-1,332106	1,243857
-1,625585	1,245488
-1,769063	1,248749
-1,932107	1,248749
-1,537541	1,249075
-1,749498	1,252662
-1,061453	1,252662
-1,632107	1,254944
-1,547324	1,255596
-1,674498	1,257553
-1,606020	1,259836
-1,641889	1,261140
-1,149497	1,260814
-1,309280	1,264401
-1,478845	1,265705
-1,400584	1,265053
-1,273410	1,267988
-1,527759	1,270270
-1,071236	1,269618
-1,935368	1,272553
-1,517976	1,274509
-1,400584	1,276140
-1,364715	1,275814
-1,563628	1,279401
-1,651672	1,278749
-1,589715	1,281683
-1,123410	1,281683
-1,491889	1,284618
-1,684281	1,284618
-1,641889	1,286575
-1,762542	1,289836
-1,110367	1,289836
-1,687542	1,290814
-1,456019	1,294075
-1,459280	1,295705
-1,482106	1,295053
-1,338628	1,297010
-1,632107	1,297010
-1,390802	1,298966
-1,309280	1,302227
-1,840803	1,302553
-1,658194	1,303857
-1,488628	1,307444
-1,381019	1,306140
-1,423411	1,308749
-1,407106	1,311357
-1,472324	1,312988
-1,361454	1,314618
-1,381019	1,315270
-1,126671	1,317879
-1,253845	1,316901
-1,292976	1,319183
-1,390802	1,322118
-1,514715	1,321140
-1,306019	1,322444
-0,862540	1,325053
-0,970149	1,326683
-1,345150	1,328640
-1,553846	1,328640
-1,381019	1,330597
-1,025584	1,330923
-1,048410	1,332553
-1,159280	1,336792
-1,077758	1,335162
-1,413628	1,337444
-1,002758	1,339075
-0,908192	1,340705
-0,771235	1,342988
-1,195149	1,343314
-0,947323	1,345923
-0,911453	1,347879
-0,647322	1,347879
-0,869062	1,350162
-0,996236	1,351466
-0,953844	1,350814
-0,771235	1,354401
-0,732105	1,355705
-0,516887	1,356357
-0,725583	1,357662
-0,679931	1,360923
-0,921236	1,361575
-0,523409	1,362879
-0,758192	1,363531
-0,738627	1,366792
-0,816888	1,367118
-0,409278	1,369401
-0,878844	1,371031
-0,591887	1,372010
-0,966888	1,373966
-0,748409	1,375271
-0,800583	1,375271
-0,947323	1,377553
-0,604931	1,379836
-0,539713	1,379510
-0,458191	1,382118
-0,842975	1,384401
-0,389713	1,386031
-0,285365	1,385379
-0,650583	1,387662
-0,728844	1,389944
-0,738627	1,390923
-0,692974	1,391249
-0,966888	1,392879
-0,353843	1,394184
-0,301669	1,395814
-0,109278	1,397771
-0,640800	1,399401
-0,781018	1,401358
-0,657105	1,403314
-0,406017	1,403640
-0,856018	1,405923
-0,849496	1,407879
-0,598409	1,407879
-0,588626	1,408205
-0,399496	1,410162
-0,650583	1,412118
-0,526670	1,412771
-0,249495	1,415379
-0,288626	1,416358
-0,624496	1,419292
-0,458191	1,419292
-0,350582	1,420271
-0,484278	1,422553
-0,748409	1,424836
-0,787540	1,424184
-0,396235	1,426792
-0,490800	1,428749
-0,060365	1,431358
-0,132104	1,432336
-0,021234	1,432336
0,057027	1,433640
0,268984	1,436575
0,748333	1,438532
0,591811	1,437879
0,754854	1,439836
0,924420	1,442445
0,705941	1,444401
0,666811	1,444075
0,800507	1,446358
0,950507	1,447336
0,829855	1,450271
0,650506	1,450923
0,943985	1,450923
0,953768	1,453532
1,227681	1,454836
0,604854	1,455162
0,774420	1,456466
0,813550	1,459727
1,266812	1,462010
1,221160	1,463640
0,930942	1,464292
1,416812	1,465923
1,077681	1,466249
0,683115	1,466249
1,103768	1,468858
1,667900	1,471466
0,937463	1,471792
1,651595	1,473749
1,002681	1,475053
1,374421	1,476032
1,260290	1,478966
1,592900	1,479945
1,276595	1,481575
1,051594	1,482227
1,214638	1,484510
1,211377	1,486792
1,351595	1,486466
1,377682	1,488749
1,746161	1,489075
1,351595	1,492662
1,720074	1,492988
1,012464	1,495597
1,286377	1,497227
1,191812	1,497553
1,077681	1,497227
1,217899	1,500488
1,384203	1,500488
1,322247	1,504401
1,097246	1,504401
1,286377	1,507010
1,455943	1,507010
1,234203	1,509619
1,201594	1,511249
1,635291	1,511901
0,660289	1,512227
1,045072	1,514184
1,305942	1,516793
0,930942	1,518423
1,159203	1,518423
1,113551	1,520380
0,992898	1,521358
0,904855	1,524293
1,103768	1,526575
1,012464	1,526249
1,433117	1,529184
1,465725	1,528858
0,816811	1,529836
1,250508	1,531466
1,279855	1,534401
1,804856	1,536358
1,710291	1,537988
1,654856	1,537662
1,804856	1,539945
2,016813	1,541901
1,605943	1,542553
1,778769	1,543206
1,501595	1,544510
1,100507	1,547445
1,296160	1,547445
1,123333	1,550380
1,159203	1,550380
0,816811	1,551684
0,943985	1,553640
1,201594	1,555923
0,777681	1,555923
0,790724	1,558532
0,412462	1,560488
0,748333	1,562445
0,542898	1,562445
0,634202	1,563097
0,917898	1,566032
0,859202	1,567988
0,852681	1,569293
0,536376	1,569293
0,790724	1,571249
0,507028	1,572880
0,996159	1,573206
0,565724	1,576140
0,692898	1,577119
0,741811	1,577771
0,774420	1,579401
0,370071	1,581684
0,578767	1,582662
0,761376	1,584619
0,937463	1,586575
0,634202	1,585923
0,572245	1,589184
0,957029	1,589184
1,012464	1,592445
1,041812	1,593097
0,673333	1,593423
0,477680	1,595706
0,617898	1,597988
0,927681	1,600597
0,758115	1,599619
0,445071	1,602880
0,334201	1,602554
0,598332	1,604184
0,520071	1,606467
0,565724	1,608097
0,487463	1,609728
0,542898	1,612010
0,878768	1,613967
0,503767	1,613967
0,441810	1,616249
0,793985	1,616901
0,321158	1,617228
0,608115	1,619184
0,464636	1,621793
0,715724	1,621467
0,813550	1,623097
0,425506	1,625706
0,754854	1,626032
0,725507	1,627010
1,113551	1,628641
0,585289	1,632228
0,634202	1,632880
0,549419	1,634836
0,735289	1,634836
0,836376	1,637771
0,650506	1,639075
0,904855	1,640380
0,728767	1,640706
0,803768	1,641684
0,402680	1,643641
0,696159	1,645271
0,585289	1,646575
0,047244	1,649510
0,399419	1,650488
-0,004930	1,650488
-0,177756	1,653749
0,272245	1,656032
-0,119060	1,656684
-0,487539	1,656358
-0,604931	1,659945
-0,174495	1,659619
-0,337539	1,662228
-0,295148	1,662554
-0,546235	1,664184
-0,631018	1,667119
-0,441887	1,668749
-0,513626	1,669075
-0,562539	1,669728
-0,556018	1,671358
-0,709279	1,674619
-0,865801	1,675271
-0,259278	1,676902
-0,598409	1,679836
-0,539713	1,680162
-0,461452	1,680489
-0,285365	1,683097
-0,422322	1,682771
-0,360365	1,685706
-0,673409	1,687336
-0,709279	1,688967
-0,556018	1,690923
-0,660366	1,692228
-0,008191	1,692554
-0,331017	1,694836
-0,764714	1,696467
-0,190800	1,696793
-0,895149	1,697445
-0,660366	1,700706
-0,445148	1,701358
-0,370148	1,703967
-0,246234	1,703967
-0,754931	1,705923
-0,376669	1,705923
-0,060365	1,709184
-0,497322	1,709184
-0,696235	1,711793
-0,158191	1,714076
-0,164713	1,713423
-0,060365	1,716032
0,383115	1,716032
0,229853	1,718315
0,122245	1,719945
1,061377	1,720923
0,630941	1,724184
1,283116	1,723532
1,374421	1,725489
1,553769	1,727445
1,573334	1,729402
1,716813	1,730706
2,055944	1,731032
2,157031	1,732336
2,143988	1,733967
2,052683	1,736576
2,561380	1,736576
2,470075	1,739836
2,342901	1,741141
2,232031	1,741467
2,323336	1,744076
1,932031	1,745054
2,512467	1,745380
2,241814	1,747010
2,157031	1,750271
2,466814	1,749945
2,183118	1,752880
2,228770	1,753532
1,909204	1,754510
2,098335	1,757119
2,140727	1,758750
2,124422	1,759402
2,313553	1,761358
2,176596	1,763641
2,277683	1,763967
1,912465	1,764619
1,961378	1,767554
1,932031	1,768206
2,293988	1,770489
2,130944	1,771467
1,941813	1,773097
1,863552	1,774728
1,964639	1,776684
2,143988	1,777989
1,755943	1,777989
1,843987	1,780271
1,674421	1,781902
2,365727	1,783532
1,651595	1,784837
1,922248	1,786467
2,368988	1,786467
2,082031	1,788097
2,160292	1,791358
2,398336	1,792989
1,733117	1,793967
2,147248	1,795271
2,254857	1,796902
1,873335	1,796250
2,199422	1,797880
2,121161	1,799837
1,488552	1,802119
2,215727	1,802119
1,772248	1,805380
1,553769	1,805706
1,540726	1,805380
1,628769	1,809619
1,641813	1,809619
1,240725	1,811902
1,332029	1,815163
2,140727	1,813858
1,772248	1,817119
1,729856	1,818097
1,478769	1,818750
1,061377	1,821358
1,482030	1,822011
0,934203	1,822663
1,638552	1,825597
1,599421	1,825597
1,488552	1,827880
1,413551	1,828532
1,159203	1,831467
1,374421	1,833098
1,146160	1,833750
0,908116	1,836032
0,650506	1,837011
0,891811	1,837011
0,947246	1,839293
0,927681	1,841902
0,373332	1,842554
0,357028	1,844511
-0,174495	1,845163
0,171158	1,846467
-0,099495	1,848424
-0,285365	1,850054
-0,438626	1,850380
-0,334278	1,853967
-0,582105	1,853967
-1,221236	1,855271
-1,094062	1,858206
-1,521237	1,859185
-1,332106	1,859185
-1,791890	1,862119
-1,420150	1,863098
-1,694063	1,863424
-1,159280	1,866358
-1,651672	1,868641
-1,592976	1,868641
-1,739716	1,868641
-1,381019	1,871576
-1,782107	1,873532
-1,853846	1,875489
-1,817977	1,876793
-1,573411	1,877445
-1,990803	1,879076
-1,495150	1,879402
-2,095151	1,881032
-1,586454	1,882989
-1,296236	1,885272
-1,912542	1,885272
-1,814716	1,887554
-1,804933	1,890163
-1,338628	1,891793
-1,782107	1,892772
-2,052760	1,892445
-1,664715	1,894402
-2,121238	1,896685
-1,449498	1,898315
-1,860368	1,900272
-2,144064	1,902228
-1,752759	1,902228
-1,883194	1,903206
-1,658194	1,905489
-1,501672	1,907445
-2,356021	1,907772
-1,671237	1,910706
-1,899498	1,910706
-1,844064	1,911359
-1,808194	1,914945
-2,104934	1,914619
-1,821237	1,915924
-2,196238	1,916902
-1,544063	1,920489
-1,821237	1,921141
-1,902759	1,922772
-1,801672	1,924402
-1,938629	1,927011
-1,459280	1,927989
-2,219064	1,929293
-1,994064	1,929619
-1,958194	1,930924
-1,847324	1,933532
-1,997325	1,934185
-1,677759	1,934837
-1,857107	1,937772
-2,153847	1,938098
-2,108195	1,941359
-1,690802	1,942663
-1,589715	1,943315
-1,941890	1,945272
-1,860368	1,946902
-2,225586	1,947228
-1,671237	1,947880
-2,007107	1,949185
-2,453847	1,952446
-1,684281	1,953098
-2,046238	1,955054
-2,033194	1,956033
-2,238630	1,956359
-2,160369	1,958641
-1,961455	1,961576
-2,238630	1,960924
-2,342978	1,964185
-2,153847	1,966467
-2,313630	1,966141
-2,150586	1,968750
-2,238630	1,967772
-2,323412	1,970380
-2,215803	1,971359
-1,974499	1,973967
-2,206021	1,974293
-2,401673	1,976902
-2,538630	1,978206
-2,453847	1,980489
-2,153847	1,981141
-2,121238	1,981467
-1,938629	1,983424
-2,375586	1,984402
-2,192977	1,986033
-2,329934	1,987663
-1,987542	1,990598
-1,814716	1,991902
-2,362543	1,991576
-2,515804	1,995489
-2,310369	1,994511
-2,460369	1,997120
-1,974499	1,998750
-2,581022	2,000054
-2,473413	2,001359
-3,021240	2,003315
-2,049499	2,003315
-2,395152	2,006576
-2,411456	2,007228
-2,326673	2,008207
-2,258195	2,010489
-2,186456	2,010815
-2,003847	2,013098
-2,137542	2,013750
-2,117977	2,016359
-2,192977	2,017011
-2,212543	2,019620
-2,098412	2,020924
-2,558195	2,021250
-2,496239	2,023207
-2,235369	2,026141
-2,401673	2,026467
-2,124499	2,026794
-2,457108	2,030054
-2,062542	2,029728
-2,323412	2,032663
-2,613630	2,033967
-2,362543	2,034294
-2,463630	2,036902
-2,538630	2,036576
-2,538630	2,041141
-2,329934	2,040815
-2,277760	2,042446
-2,209282	2,044402
-2,248412	2,044728
-2,316891	2,045707
-2,235369	2,048315
-2,199499	2,050598
-2,267977	2,049620
-2,512543	2,051576
-2,424499	2,054511
-2,372325	2,054837
-2,342978	2,058098
-2,101673	2,057446
-2,186456	2,060707
-2,382108	2,061685
-2,473413	2,063315
-2,121238	2,063315
-2,222325	2,066902
-2,600587	2,067228
-2,209282	2,069837
-2,538630	2,070163
-2,189716	2,071141
-2,404934	2,074076
-2,440804	2,074402
-2,349499	2,076033
-2,395152	2,077337
-2,069064	2,079620
-2,444065	2,078968
-2,085368	2,080924
-2,189716	2,083533
-2,310369	2,083533
-2,558195	2,087120
-2,114716	2,088750
-2,724500	2,089728
-2,626674	2,090381
-2,150586	2,093315
-2,535369	2,093968
-2,453847	2,094946
-2,039716	2,096576
-2,140803	2,099185
-2,509282	2,100163
-2,365804	2,099185
-2,192977	2,102772
-2,307108	2,102446
-2,333195	2,104728
-2,528848	2,105381
-2,382108	2,109620
-2,525587	2,110272
-2,388630	2,112228
-2,222325	2,112228
-2,336456	2,113533
-2,183195	2,116142
-2,411456	2,116794
-2,297325	2,119076
-2,688630	2,119728
-2,297325	2,121685
-2,206021	2,121359
-2,499500	2,125272
-2,326673	2,124294
-2,342978	2,126250
-2,196238	2,127881
-2,339717	2,130489
-2,642978	2,130489
-2,515804	2,134402
-2,310369	2,134076
-2,091890	2,134729
-2,662543	2,136359
-2,639717	2,138968
-2,176673	2,140924
-2,369065	2,139946
-2,157108	2,142881
-2,427760	2,142881
-2,349499	2,144837
-2,378847	2,146142
-2,199499	2,147446
-2,388630	2,149402
-2,294064	2,151359
-2,251673	2,154620
-2,277760	2,154294
-2,541891	2,155924
-2,431021	2,156576
-2,254934	2,157555
-2,023412	2,160816
-2,069064	2,161794
-2,303847	2,163750
-2,567978	2,166359
-2,248412	2,165381
-2,150586	2,167663
-2,509282	2,169946
-2,212543	2,169620
-2,238630	2,173207
-2,717978	2,172555
-2,372325	2,174511
-2,258195	2,177446
-2,607109	2,176794
-2,444065	2,179729
-2,320151	2,180381
-2,499500	2,182663
-2,287543	2,183968
-2,564717	2,185598
-2,095151	2,185272
-2,447326	2,189185
-2,254934	2,188533
-2,704935	2,189837
-2,254934	2,193750
-2,033194	2,193750
-2,222325	2,194403
-2,199499	2,197011
-2,039716	2,198968
-2,499500	2,199294
-2,346238	2,201250
-2,284282	2,202555
-2,323412	2,203859
-2,577761	2,206794
-2,114716	2,206142
-2,117977	2,207772
-2,678848	2,210381
-2,365804	2,211359
-1,860368	2,212990
-1,906020	2,214620
-2,437543	2,214620
-2,088629	2,216250
-2,029934	2,218207
-2,124499	2,219185
-2,528848	2,221794
-2,271238	2,223098
-2,359282	2,224403
-2,007107	2,226685
-2,316891	2,226685
-2,369065	2,229620
-2,323412	2,231250
-2,046238	2,232229
-2,571239	2,232881
-2,186456	2,234511
-2,714717	2,236794
-2,362543	2,237446
-2,225586	2,238424
-2,199499	2,240707
-2,016890	2,241033
-2,290804	2,243316
-2,336456	2,244620
-2,398412	2,246577
-2,336456	2,247881
-2,460369	2,249511
-1,964716	2,249185
-2,267977	2,252120
-2,561456	2,252446
-2,620152	2,254077
-2,264717	2,256033
-2,310369	2,257337
-2,665804	2,260924
-2,512543	2,260924
-2,166890	2,262229
-2,101673	2,263533
-2,245151	2,265490
-2,313630	2,267120
-2,378847	2,268424
-2,082108	2,269729
-2,192977	2,272011
-2,069064	2,272664
-2,274499	2,272990
-2,349499	2,275272
-2,013629	2,277229
-2,183195	2,278533
-2,336456	2,279511
-2,056021	2,279511
-2,183195	2,282120
-2,440804	2,284403
-2,290804	2,286033
-2,241890	2,286685
-2,157108	2,289620
-2,342978	2,289620
-1,997325	2,291577
-1,756020	2,291577
-2,189716	2,295164
-2,117977	2,297446
-2,359282	2,298098
-2,365804	2,298098
-2,232108	2,299729
-2,444065	2,301359
-2,378847	2,303316
-2,209282	2,303968
-1,847324	2,306251
-1,817977	2,306577
-1,778846	2,308533
-1,951672	2,310164
-2,049499	2,312446
-2,062542	2,314077
-2,104934	2,315707
-1,971238	2,315707
-2,179934	2,316685
-1,866890	2,318316
-2,026673	2,321251
-2,326673	2,322229
-2,248412	2,322229
-1,896238	2,325164
-2,007107	2,326142
-2,137542	2,327446
-2,150586	2,329077
-1,635368	2,330707
-2,470152	2,332664
-2,124499	2,333968
-2,098412	2,335272
-1,765803	2,336251
-1,736455	2,338533
-1,925585	2,339185
-2,127760	2,342120
-2,085368	2,343425
-1,964716	2,343425
-1,948412	2,346033
-1,429932	2,348316
-1,860368	2,347990
-2,264717	2,348968
-1,667976	2,352229
-2,196238	2,351577
-2,404934	2,354838
-2,085368	2,354838
-1,723411	2,356794
-1,713629	2,357120
-1,808194	2,360381
-1,896238	2,362664
-2,065803	2,363642
-1,645150	2,364294
-2,222325	2,365599
-1,589715	2,366903
-2,147325	2,367881
-1,964716	2,369185
-2,134282	2,372772
-2,320151	2,373099
-2,264717	2,373751
-1,746237	2,376686
-1,759281	2,377664
-1,997325	2,378968
-1,906020	2,380925
-2,108195	2,380925
-1,945151	2,383207
-1,892977	2,384186
-2,241890	2,387120
-1,713629	2,388425
-1,994064	2,388425
-1,971238	2,390707
-2,176673	2,391686
-1,817977	2,393968
-1,684281	2,393642
-1,899498	2,395925
-1,589715	2,397229
-2,349499	2,398533
-1,817977	2,399838
-1,560367	2,401794
-1,566889	2,402773
-1,824498	2,404077
-1,374497	2,407664
-1,661455	2,408316
-1,599498	2,409294
-1,152758	2,409294
-2,003847	2,414186
-0,758192	2,414838
-1,407106	2,414512
-1,302758	2,415816
-0,842975	2,417120
-1,100584	2,418751
-1,129932	2,420381
-1,110367	2,422990
-1,283193	2,423642
-1,234280	2,426251
-1,061453	2,426903
-1,465802	2,427555
-1,217975	2,429512
-1,403845	2,431468
-1,061453	2,432120
-1,110367	2,434729
-0,803844	2,436033
-1,041888	2,436360
-0,477757	2,437664
-0,957105	2,439620
-1,188628	2,441251
-0,777757	2,442555
-1,400584	2,443860
-1,312541	2,446468
-1,217975	2,447120
-0,970149	2,447773
-0,552757	2,449403
-1,015801	2,450707
-0,865801	2,452664
-1,178845	2,453642
-0,748409	2,455599
-0,471235	2,457229
-0,973410	2,457881
-1,237541	2,459186
-0,575583	2,463099
-0,722322	2,464729
-0,187539	2,465707
-1,309280	2,464729
-0,852757	2,468316
-0,696235	2,468642
-1,237541	2,470599
-0,732105	2,472881
-1,022323	2,471903
-1,084280	2,473534
-0,813627	2,477120
-0,989714	2,478099
-0,908192	2,480707
-0,829931	2,481686
-0,598409	2,482012
-0,794062	2,485273
-0,432104	2,484620
-0,402756	2,486903
-0,520148	2,487555
-0,317974	2,490816
-1,012540	2,490490
-0,666887	2,491468
-0,363626	2,493099
-0,562539	2,495707
0,070071	2,496034
-0,083191	2,498316
-0,034278	2,500273
0,265723	2,502229
0,793985	2,502555
0,582028	2,504186
0,937463	2,504838
1,364638	2,507447
1,120073	2,507773
1,380943	2,508751
1,560291	2,511686
2,010292	2,512012
2,082031	2,514621
2,052683	2,515599
2,192901	2,516903
1,883117	2,519512
2,186379	2,520490
2,613554	2,523099
2,212466	2,522121
2,574423	2,523751
2,166814	2,525381
2,558119	2,526360
2,743989	2,529621
2,378771	2,531251
2,365727	2,531577
3,043989	2,533208
2,796163	2,535164
2,535293	2,535164
2,851598	2,537773
2,623336	2,538751
3,030946	2,540708
2,518988	2,540708
2,845076	2,542990
2,655945	2,543642
2,851598	2,544947
2,682032	2,548208
2,926598	2,550816
2,714641	2,550816
3,043989	2,550490
2,587467	2,554077
2,880945	2,555055
3,011381	2,557664
2,682032	2,557990
2,554858	2,560599
2,541814	2,559947
2,818989	2,562882
2,903772	2,563534
2,708119	2,565816
2,828771	2,565816
2,695076	2,568751
2,522249	2,570382
2,789641	2,570708
2,747250	2,572664
3,141816	2,572664
2,590728	2,574621
2,349423	2,578208
2,828771	2,579186
2,789641	2,579186
2,802684	2,582121
2,685293	2,583425
2,655945	2,583099
2,730945	2,585708
2,711380	2,586360
2,916815	2,588642
2,959206	2,590273
2,662467	2,590599
2,845076	2,591903
3,115729	2,594512
3,275511	2,596142
3,520077	2,596795
3,520077	2,598425
3,777686	2,600382
4,302687	2,601360
4,253774	2,603969
4,318992	2,604295
4,713558	2,605273
4,684210	2,608208
4,573340	2,607882
4,423340	2,609512
4,563557	2,613099
5,225515	2,612447
5,264646	2,614403
5,417907	2,616686
5,170080	2,617990
5,166819	2,619621
5,633125	2,620925
5,166819	2,620925
5,368994	2,623860
5,770081	2,625816
5,414646	2,626469
5,453776	2,627773
5,134211	2,629077
5,280950	2,632012
5,453776	2,632338
5,512472	2,633316
5,750516	2,634295
5,391820	2,636577
5,453776	2,637229
5,447255	2,640164
5,580951	2,640816
5,421168	2,642773
5,342907	2,643099
5,457037	2,646034
5,430950	2,646360
5,183124	2,648316
5,225515	2,650925
5,007037	2,650925
5,479864	2,651251
5,238559	2,654512
4,935297	2,655490
5,033124	2,657447
4,899428	2,658425
4,618992	2,661360
5,013558	2,661360
4,713558	2,663969
4,534210	2,663969
4,599427	2,665925
4,332035	2,666577
4,557036	2,669512
4,557036	2,670490
4,126600	2,671143
4,227687	2,673751
3,696164	2,674403
3,836382	2,677012
4,002687	2,677012
3,888556	2,678643
3,957034	2,679621
3,829860	2,683208
4,400514	2,683534
4,087470	2,685490
4,116817	2,687121
4,765732	2,687773
5,274428	2,689077
5,730951	2,690382
5,900516	2,692012
6,536387	2,693317
7,172258	2,695273
7,700520	2,695599
8,284217	2,698534
9,422262	2,699186
9,784220	2,700164
10,315742	2,702121
10,694004	2,704404
11,444005	2,704404
11,649441	2,705382
12,441833	2,707990
13,015748	2,710599
13,195096	2,709621
13,694010	2,712230
13,769010	2,713534
14,183141	2,716469
14,408141	2,716469
14,303793	2,717121
14,522272	2,718425
14,479881	2,722012
14,437489	2,722664
14,835316	2,725273
15,242926	2,725925
14,894012	2,728534
15,366839	2,729512
15,353795	2,731143
15,595100	2,731469
15,327708	2,732773
15,327708	2,734730
15,741840	2,736034
15,285317	2,737338
15,771188	2,740273
15,373361	2,741251
15,536405	2,740925
15,392926	2,743208
15,582057	2,743208
15,810318	2,747121
15,432057	2,746795
15,800535	2,749404
15,494013	2,750382
15,679883	2,750708
15,650535	2,753317
15,399448	2,754295
15,262491	2,756251
15,037491	2,757556
15,575535	2,758860
15,653796	2,760817
15,190752	2,761143
15,458144	2,764404
15,265752	2,764404
14,949447	2,766360
15,344013	2,767012
15,383143	2,768969
15,233143	2,769947
15,105969	2,771578
14,479881	2,773534
14,610316	2,774838
14,261402	2,776469
14,313576	2,778751
14,101619	2,780056
14,104880	2,779404
14,033141	2,782665
14,457055	2,784621
13,775532	2,784947
14,375533	2,785599
14,450533	2,789186
14,411402	2,789186
14,062489	2,790491
13,974445	2,791795
14,920099	2,793425
14,385315	2,796360
14,786403	2,797665
15,044012	2,797665
14,926621	2,799947
14,991838	2,801904
15,428796	2,802230
15,425535	2,803534
15,445100	2,805817
15,132056	2,807773
15,451622	2,807121
15,477709	2,809404
15,383143	2,812339
15,301621	2,812012
15,285317	2,815273
15,216839	2,816904
15,523361	2,817556
15,360317	2,817882
15,004882	2,819186
15,194013	2,822121
15,180969	2,824404
15,510318	2,823099
15,030969	2,825056
15,125534	2,829295
15,177708	2,829295
14,427707	2,830273
15,001621	2,829621
14,636403	2,833860
14,753794	2,833860
14,522272	2,835491
14,245098	2,837773
14,473359	2,838099
14,365750	2,841686
14,183141	2,841360
13,782053	2,843969
13,733140	2,843969
12,999443	2,845273
13,152704	2,846904
13,257052	2,849186
12,705964	2,850491
12,549442	2,851143
12,269007	2,852773
12,141833	2,855056
11,730962	2,855708
11,571180	2,857339
11,450527	2,859295
10,997265	2,862230
10,827700	2,863860
10,560308	2,862882
10,201612	2,866143
10,019003	2,866795
9,836394	2,868426
9,076610	2,868752
8,887479	2,869730
8,440739	2,873643
7,853781	2,872991
6,826605	2,876904
6,158126	2,876578
5,593994	2,878534
5,130950	2,878208
4,772253	2,882773
4,547253	2,882447
3,559208	2,884404
4,054861	2,884404
3,513555	2,886360
3,660295	2,887013
3,154859	2,889947
3,210294	2,891904
3,686382	2,892230
3,418990	2,893534
3,709208	2,895165
3,523338	2,896469
3,552686	2,897447
3,598338	2,901034
3,357033	2,902665
3,445077	2,902339
3,014641	2,904947
3,683121	2,904621
3,357033	2,907230
3,624425	2,909513
3,653773	2,910491
3,109207	2,912121
3,418990	2,911469
3,389642	2,914404
3,787469	2,916034
3,657034	2,917339
3,490729	2,918317
3,376599	2,920926
2,995076	2,921578
3,507034	2,923534
3,314642	2,924513
2,835293	2,924513
3,027685	2,927774
2,760293	2,928426
3,242903	2,931360
3,057033	2,930708
2,841815	2,932991
2,776597	2,936252
2,978772	2,937230
2,766815	2,937882
2,616815	2,940165
2,890728	2,939839
2,799424	2,942447
2,884206	2,942447
2,858119	2,944730
2,858119	2,944730
2,636380	2,948643
2,760293	2,949295
2,264640	2,950600
2,313553	2,951904
2,189640	2,954839
2,600510	2,954839
2,512467	2,956143
2,349423	2,958752
1,909204	2,960708
2,202683	2,962013
2,307031	2,963317
2,121161	2,964621
1,661378	2,966252
1,749422	2,967882
1,746161	2,966904
1,465725	2,971143
1,645074	2,970491
1,488552	2,972121
1,716813	2,973752
1,217899	2,975056
1,407030	2,976361
1,243986	2,977339
1,592900	2,979621
1,100507	2,980926
1,028768	2,981904
0,960290	2,984839
1,263551	2,985817
1,514639	2,988752
1,834204	2,988426
2,398336	2,989730
3,203772	2,991687
3,216816	2,993969
4,410296	2,994295
4,573340	2,995926
4,791819	2,997556
5,978778	2,999839
5,936386	3,000491
6,298343	3,001143
6,800518	3,002774
6,807040	3,005382
7,175519	3,007339
8,170086	3,006687
7,980955	3,009622
7,909216	3,011252
8,551609	3,010600
8,525522	3,012882
8,708131	3,015817
8,848348	3,017448
9,229871	3,016795
9,846176	3,019404
9,109218	3,021687
9,366827	3,021687
9,396175	3,023643
9,820089	3,025274
9,780959	3,028535
9,670089	3,027556
10,175525	3,030491
9,934220	3,031795
10,462482	3,031795
9,878785	3,033426
10,035307	3,035709
10,077698	3,036361
10,175525	3,037665
10,713569	3,039295
10,837482	3,041252
10,397264	3,043535
11,000526	3,045491
10,358134	3,046469
10,677700	3,048100
10,664656	3,049730
10,765743	3,050382
11,101613	3,052013
11,078787	3,053317
11,101613	3,055274
10,873352	3,055274
10,752700	3,056578
11,052700	3,057556
10,964657	3,060491
10,694004	3,062774
10,775526	3,064078
11,020092	3,065382
11,137483	3,066687
10,713569	3,067991
11,144005	3,070274
10,958135	3,070274
11,140744	3,071904
11,078787	3,074839
10,772265	3,074839
11,013570	3,076796
10,821178	3,076796
10,752700	3,078752
10,589656	3,081687
10,817917	3,082991
10,648352	3,082665
10,778787	3,085600
10,583134	3,085926
10,348351	3,086904
10,227699	3,090165
10,416829	3,092122
10,511395	3,092448
10,482047	3,093100
10,619004	3,095056
10,632047	3,097339
10,253786	3,099622
10,175525	3,100926
10,133133	3,101252
10,305960	3,102883
10,322264	3,102883
10,250525	3,106470
9,699437	3,108426
9,520089	3,107448
9,653785	3,109078
9,275523	3,112339
9,794002	3,112991
9,438567	3,115274
9,435306	3,114622
9,060305	3,116904
8,887479	3,118861
8,760305	3,120165
8,867913	3,122448
9,350523	3,121796
8,792913	3,123752
8,685304	3,125383
8,297260	3,128317
9,021175	3,128643
8,750522	3,129622
8,395086	3,132230
8,447260	3,132883
8,365739	3,134187
8,153782	3,136143
7,896172	3,135817
8,104869	3,139078
7,830955	3,139404
7,866825	3,141035
7,573346	3,143970
7,472259	3,145274
7,309215	3,145274
7,592911	3,147230
7,123345	3,149513
6,930953	3,149187
6,780953	3,152774
6,396170	3,154078
6,754866	3,156035
6,203778	3,156035
6,092908	3,158970
5,685299	3,159948
5,678777	3,160274
5,437472	3,161578
5,267907	3,164513
5,143993	3,163861
5,016819	3,167122
5,010297	3,169078
4,263557	3,169731
4,318992	3,170057
4,557036	3,172339
3,660295	3,173970
3,448338	3,174948
3,122250	3,177883
3,379859	3,178209
2,577684	3,180165
2,235292	3,180491
1,782030	3,182448
1,641813	3,184078
0,986377	3,186035
0,050505	3,187339
-0,337539	3,188970
-0,800583	3,189948
-1,224497	3,192557
-1,423411	3,191904
-1,165801	3,194513
-1,407106	3,195818
-1,772324	3,196144
-1,452758	3,200057
-1,876672	3,201035
-1,873411	3,201035
-1,720150	3,203318
-1,889716	3,205274
-2,225586	3,206252
-2,238630	3,208535
-2,039716	3,208209
-1,896238	3,211796
-1,778846	3,212774
-1,990803	3,212448
-1,860368	3,215709
-2,056021	3,216687
-1,762542	3,217665
-2,150586	3,218644
-1,997325	3,220926
-1,795150	3,222231
-1,906020	3,224839
-1,635368	3,224187
-2,046238	3,227448
-1,906020	3,227774
-1,961455	3,229405
-2,251673	3,231361
-1,831020	3,232339
-2,134282	3,232665
-2,088629	3,235600
-2,212543	3,237231
-2,104934	3,238209
-1,782107	3,239513
-2,026673	3,240165
-1,974499	3,241796
-2,372325	3,243752
-1,782107	3,245709
-2,232108	3,247339
-2,095151	3,247339
-1,928846	3,251252
-2,313630	3,249948
-2,219064	3,252883
-2,434282	3,253535
-2,108195	3,256796
-1,945151	3,255492
-2,271238	3,257774
-2,297325	3,259079
-2,183195	3,260383
-1,694063	3,262013
-2,378847	3,264622
-2,688630	3,265274
-2,502761	3,265926
-2,320151	3,267883
-1,967977	3,270818
-1,954933	3,271144
-2,284282	3,273752
-2,362543	3,274731
-1,990803	3,276687
-2,111455	3,276361
-2,479934	3,279948
-1,756020	3,280274
-2,206021	3,282557
-2,512543	3,281905
-2,349499	3,285166
-1,775585	3,285818
-2,323412	3,287774
-1,821237	3,289079
-2,212543	3,290383
-2,137542	3,292666
-2,519065	3,294296
-2,147325	3,294948
-1,915803	3,297231
-2,675587	3,296579
-2,447326	3,299839
-2,215803	3,300818
-2,108195	3,301796
-2,192977	3,302774
-2,127760	3,304405
-1,876672	3,307339
-1,892977	3,308970
-2,287543	3,308644
-2,326673	3,310274
-2,267977	3,312231
-2,215803	3,314839
-2,186456	3,313535
-2,206021	3,316470
-2,189716	3,318753
-2,525587	3,319079
-2,349499	3,321035
-2,088629	3,321361
-2,757109	3,324296
-2,228847	3,325600
-2,274499	3,328209
-2,310369	3,328861
-2,137542	3,329187
-2,274499	3,331470
-2,717978	3,331796
-2,287543	3,333100
-2,515804	3,337340
-2,656022	3,335709
-2,095151	3,338644
-2,245151	3,341253
-2,199499	3,338970
-2,561456	3,341579
-2,209282	3,345166
-1,945151	3,344840
-2,342978	3,346470
-2,300586	3,347774
-2,753848	3,349731
-2,509282	3,352340
-2,378847	3,353970
-2,528848	3,353970
-2,196238	3,356579
-2,339717	3,358209
-2,049499	3,359187
-2,473413	3,359187
-2,056021	3,362122
-2,202760	3,363753
-1,994064	3,363100
-2,160369	3,365709
-2,264717	3,367340
-2,339717	3,367666
-2,372325	3,370274
-2,121238	3,372557
-2,192977	3,374187
-2,466891	3,373861
-2,450586	3,376796
-2,554935	3,377774
-2,251673	3,380057
-2,603848	3,379079
-2,642978	3,381687
-2,284282	3,383318
-2,329934	3,384948
-2,362543	3,387883
-2,525587	3,388535
-2,346238	3,388861
-1,977759	3,391144
-2,548413	3,394079
-2,620152	3,393753
-2,483195	3,396361
-2,310369	3,395709
-2,222325	3,398970
-2,356021	3,400601
-2,532108	3,400601
-2,382108	3,402557
-2,219064	3,403861
-2,672326	3,405818
-2,235369	3,406144
-2,352760	3,407774
-2,290804	3,410057
-2,300586	3,411687
-2,140803	3,413970
-2,258195	3,413970
-2,215803	3,415601
-2,372325	3,417557
-2,342978	3,420166
-2,300586	3,419840
-2,349499	3,421796
-2,036455	3,421796
-2,284282	3,424731
-2,202760	3,425057
-2,369065	3,426688
-1,814716	3,428644
-2,561456	3,431253
-2,567978	3,430927
-2,189716	3,433209
-2,323412	3,434840
-2,512543	3,436796
-2,633196	3,437448
-2,408195	3,438753
-2,460369	3,441035
-2,036455	3,442014
-2,124499	3,443644
-2,512543	3,444622
-2,206021	3,446579
-2,307108	3,448535
-2,036455	3,449840
-2,147325	3,450492
-2,320151	3,451796
-2,209282	3,453753
-2,215803	3,454405
-2,346238	3,455709
-2,356021	3,457666
-2,512543	3,459622
-2,271238	3,459622
-2,499500	3,462231
-2,382108	3,463209
-2,033194	3,464514
-2,095151	3,467775
-2,597326	3,468753
-2,372325	3,468753
-2,440804	3,470383
-2,225586	3,471688
-1,876672	3,472666
-1,847324	3,474296
-2,362543	3,475927
-2,538630	3,477231
-2,385369	3,479840
-2,610369	3,481470
-2,179934	3,483101
-2,378847	3,483427
-2,294064	3,485057
-2,173412	3,488318
-2,222325	3,488318
-2,075586	3,490927
-2,238630	3,492231
-2,170151	3,492557
-1,958194	3,494514
-2,294064	3,494188
-2,078847	3,496470
-2,186456	3,497775
-2,509282	3,501035
-2,277760	3,500057
-2,342978	3,502666
-2,450586	3,505601
-2,052760	3,505275
-2,623413	3,508536
-2,515804	3,507883
-2,095151	3,509514
-2,225586	3,511470
-2,323412	3,512122
-2,427760	3,514405
-2,254934	3,515383
-2,153847	3,517014
-1,977759	3,518318
-2,095151	3,519622
-2,411456	3,522883
-2,036455	3,523536
-2,587543	3,525166
-2,731022	3,527122
-2,509282	3,528753
-2,600587	3,529405
-2,398412	3,530709
-2,176673	3,532014
-2,822326	3,534296
-2,160369	3,535927
-2,489717	3,535601
-2,176673	3,538862
-2,385369	3,539840
-2,411456	3,539188
-2,558195	3,541796
-2,287543	3,544405
-2,444065	3,545057
-2,444065	3,546036
-2,581022	3,547340
-2,721239	3,549296
-2,225586	3,549623
-2,349499	3,552883
-2,600587	3,552883
-2,144064	3,554840
-2,538630	3,556470
-2,414717	3,558427
-2,326673	3,559405
-2,069064	3,560383
-2,378847	3,562340
-2,261456	3,563644
-2,346238	3,564623
-2,339717	3,565927
-2,626674	3,568862
-2,649500	3,570492
-2,303847	3,570818
-2,036455	3,573753
-2,440804	3,574079
-2,150586	3,575057
-2,287543	3,576362
-2,222325	3,578318
-2,258195	3,579949
-2,522326	3,579949
-2,675587	3,582557
-2,486456	3,584514
-2,144064	3,584840
-2,356021	3,587449
-2,388630	3,590057
-2,528848	3,589405
-2,033194	3,590383
-2,326673	3,592666
-2,251673	3,593644
-1,997325	3,595275
-2,150586	3,597884
-2,558195	3,599514
-2,336456	3,600166
-2,108195	3,600492
-2,515804	3,602775
-2,254934	3,604405
-2,189716	3,607666
-2,369065	3,607992
-2,108195	3,609949
-2,082108	3,610275
-2,007107	3,611579
-2,153847	3,613862
-2,326673	3,615492
-2,261456	3,616797
-2,088629	3,618101
-2,166890	3,619405
-2,232108	3,620057
-2,254934	3,622014
-2,271238	3,623971
-2,131021	3,625275
-1,922325	3,626579
-2,069064	3,627231
-2,307108	3,628536
-1,932107	3,630166
-2,320151	3,632449
-2,225586	3,634079
-2,460369	3,635710
-2,144064	3,636362
-2,186456	3,639297
-2,457108	3,639949
-2,069064	3,641579
-2,404934	3,642884
-1,987542	3,644514
-1,954933	3,645166
-2,039716	3,645492
-1,808194	3,648101
-1,902759	3,649405
-1,912542	3,651362
-2,095151	3,652666
-2,033194	3,653971
-2,082108	3,656253
-2,277760	3,658210
-2,069064	3,657558
-2,173412	3,659840
-2,701674	3,662449
-2,287543	3,663753
-2,642978	3,663753
-2,134282	3,664731
-2,114716	3,667992
-2,150586	3,668971
-2,104934	3,669623
-2,137542	3,671905
-2,098412	3,673536
-1,729933	3,674840
-2,642978	3,675818
-1,827759	3,676471
-2,183195	3,679405
-2,382108	3,680058
-1,919064	3,682014
-2,127760	3,683645
-2,267977	3,684623
-1,840803	3,686905
-2,329934	3,688536
-2,085368	3,688862
-1,547324	3,691471
-2,111455	3,691145
-2,023412	3,693101
-1,866890	3,694405
-2,046238	3,695384
-1,990803	3,696688
-1,759281	3,699623
-2,075586	3,699949
-1,827759	3,701579
-1,775585	3,702884
-1,857107	3,704514
-2,121238	3,706145
-2,258195	3,708753
-1,899498	3,708753
-2,202760	3,710710
-1,938629	3,711362
-2,297325	3,712340
-2,369065	3,715927
-2,170151	3,715927
-2,303847	3,718210
-2,150586	3,720492
-1,935368	3,720819
-1,592976	3,723101
-2,336456	3,722775
-1,974499	3,724732
-1,759281	3,727014
-1,857107	3,728319
-1,889716	3,730601
-2,098412	3,732232
-2,241890	3,732884
-1,853846	3,733536
-1,844064	3,736471
-2,114716	3,736797
-1,879933	3,737449
-1,648411	3,740058
-1,928846	3,741362
-2,049499	3,742992
-2,131021	3,743971
-1,834281	3,745927
-2,059281	3,748210
-1,788629	3,747884
-1,808194	3,751145
-1,967977	3,751145
-1,351671	3,753753
-1,785368	3,753753
-1,945151	3,756362
-1,844064	3,756036
-1,876672	3,758971
-1,674498	3,759297
-1,837542	3,760927
-2,320151	3,763536
-1,547324	3,765166
-1,612541	3,765166
-1,700585	3,768101
-1,537541	3,767449
-2,114716	3,771688
-1,726672	3,772340
-1,801672	3,774297
-1,641889	3,773319
-1,469063	3,776253
-1,746237	3,778536
-1,279932	3,778210
-1,292976	3,781471
-1,713629	3,782449
-1,550585	3,783427
-1,371237	3,785058
-1,716889	3,785710
-1,191888	3,787666
-1,286454	3,789949
-1,139714	3,791906
-1,358193	3,792884
-1,266889	3,794514
-1,257106	3,794840
-1,038627	3,795819
-1,312541	3,797775
-1,570150	3,800710
-1,169062	3,800384
-1,361454	3,802993
-1,240802	3,803971
-1,332106	3,805927
-1,358193	3,806906
-1,312541	3,809188
-1,201671	3,810493
-1,123410	3,810819
-1,152758	3,814080
-1,364715	3,813427
-1,416889	3,814080
-1,547324	3,818319
-1,801672	3,817993
-1,423411	3,820275
-1,592976	3,822558
-1,341889	3,822232
-1,051671	3,825493
-1,273410	3,826145
-1,025584	3,826471
-1,413628	3,829406
-1,482106	3,829732
-1,182106	3,830710
-1,260367	3,832340
-1,165801	3,834623
-1,195149	3,834623
-1,498411	3,838210
-1,113627	3,838862
-1,273410	3,839514
-1,162541	3,842775
-1,129932	3,843754
-1,162541	3,845058
-1,279932	3,845710
-0,784279	3,847014
-1,103845	3,849623
-1,426671	3,850927
-1,390802	3,852884
-1,048410	3,853536
-1,090801	3,854188
-1,478845	3,856471
-1,214715	3,857449
-1,195149	3,859732
-1,126671	3,860384
-1,456019	3,862993
-1,756020	3,864297
-1,136454	3,864297
-0,960366	3,866906
-1,019062	3,867884
-1,175584	3,868862
-1,266889	3,871145
-1,097323	3,872775
-1,064714	3,873428
-1,345150	3,876036
-1,019062	3,878319
-1,485367	3,877341
-1,338628	3,878319
-1,260367	3,881254
-1,041888	3,883536
-1,136454	3,882884
-0,761453	3,884514
-0,940801	3,887449
-1,126671	3,889080
-0,963627	3,889080
-0,999497	3,890384
-0,940801	3,892341
-0,940801	3,894297
-1,028845	3,896580
-0,797322	3,897884
-1,201671	3,899515
-1,094062	3,900493
-0,888627	3,902449
-0,885366	3,903754
-1,224497	3,905710
-1,015801	3,905710
-0,963627	3,906362
-0,741888	3,908971
-0,771235	3,911254
-1,273410	3,911580
-0,986453	3,912558
-0,758192	3,914841
-0,490800	3,916471
-0,816888	3,918102
-1,064714	3,919406
-0,898410	3,920384
-1,025584	3,921036
-1,309280	3,923971
-0,865801	3,925275
-1,116888	3,927232
-0,790801	3,928210
-1,103845	3,927884
-0,960366	3,929841
-0,924497	3,931797
-0,712540	3,933428
-0,856018	3,934732
-1,231019	3,937015
-0,862540	3,938319
-1,348410	3,938971
-0,728844	3,939623
-0,650583	3,941580
-0,803844	3,944841
-1,459280	3,944515
-1,266889	3,946797
-0,986453	3,948754
-0,800583	3,949406
-1,129932	3,950710
-1,172323	3,954297
-0,745148	3,952993
-0,790801	3,954949
-1,123410	3,957232
-1,341889	3,958536
-0,725583	3,959515
-1,077758	3,960493
-1,054932	3,963102
-1,550585	3,965058
-0,800583	3,965384
-0,784279	3,965710
-1,054932	3,967993
-1,312541	3,968971
-1,058193	3,971580
-0,650583	3,972232
-1,032106	3,973862
-0,839714	3,976145
-0,653844	3,977449
-0,562539	3,980058
-0,875583	3,979080
-0,944062	3,982667
-1,035366	3,983319
-0,787540	3,984623
-0,631018	3,986580
-0,931018	3,987558
-0,996236	3,989515
-0,891888	3,990819
-0,715801	3,991797
-0,754931	3,993754
-0,666887	3,994080
-1,296236	3,996363
-0,810366	3,997341
-0,777757	3,999297
-0,888627	4,000602
-0,937540	4,003210
-0,859279	4,003863
-1,032106	4,005493
-0,777757	4,006471
-0,875583	4,006471
-0,601670	4,009080
-0,683192	4,010058
-0,379930	4,011689
-0,712540	4,013645
-0,624496	4,013319
-1,306019	4,017232
-1,142975	4,018210
-0,914714	4,020167
-1,231019	4,020819
-1,032106	4,021145
-0,784279	4,023754
-1,051671	4,026036
-0,973410	4,026036
-0,921236	4,028645
-0,856018	4,028971
-0,895149	4,031254
-0,810366	4,032884
-0,966888	4,034841
-0,816888	4,036145
-0,875583	4,036797
-0,989714	4,039080
-1,038627	4,039080
-0,807105	4,042667
-1,064714	4,043319
-0,696235	4,045276
-0,957105	4,044623
-0,686453	4,048537
-0,944062	4,048210
-1,599498	4,049515
-0,983192	4,052450
-1,087540	4,053428
-0,738627	4,054406
-1,077758	4,055058
-0,794062	4,057341
-0,957105	4,060928
-0,461452	4,061254
-1,028845	4,062558
-0,829931	4,062884
-0,914714	4,064515
-0,653844	4,066471
-0,803844	4,067776
-1,002758	4,068428
-0,940801	4,070384
-0,692974	4,072667
-0,634279	4,074297
-0,751670	4,075276
-1,067975	4,076580
-0,683192	4,076906
-0,676670	4,080167
-0,569061	4,080493
-0,875583	4,081471
-0,604931	4,081797
-0,653844	4,085711
-0,249495	4,085384
-0,777757	4,087341
-0,487539	4,087667
-0,513626	4,091254
-0,692974	4,092558
-0,109278	4,092558
-0,849496	4,093863
-0,471235	4,095493
-0,239713	4,098754
-0,647322	4,098428
-0,917975	4,099732
-0,556018	4,102667
-0,308191	4,103319
-0,445148	4,104298
-0,738627	4,107232
-0,441887	4,109189
-0,119060	4,109515
-0,357104	4,111471
-0,572322	4,112124
-0,572322	4,114732
-0,709279	4,115058
-0,611453	4,116037
-0,288626	4,119298
-0,604931	4,120276
-0,386452	4,122232
-0,647322	4,124189
-0,764714	4,124189
-0,715801	4,126471
-0,438626	4,127450
-0,226669	4,128102
-0,826670	4,130058
-0,679931	4,132341
-0,927757	4,132667
-1,084280	4,133971
-0,970149	4,136906
-0,604931	4,138211
-0,556018	4,138537
-0,865801	4,141472
-0,578844	4,140819
-0,624496	4,143102
-1,123410	4,143102
-0,787540	4,145711
-0,888627	4,147341
-0,402756	4,148645
-0,660366	4,150602
-0,712540	4,152232
-0,604931	4,152232
-0,712540	4,156472
-0,637540	4,156798
-0,347322	4,156472
-0,647322	4,160058
-0,637540	4,161363
-0,435365	4,163319
-0,699496	4,162667
-0,748409	4,166254
-0,901670	4,165602
0,070071	4,168537
-0,562539	4,170167
-0,494061	4,171472
-0,226669	4,173428
-0,106017	4,173102
-0,288626	4,176037
-0,344061	4,176363
-0,344061	4,178972
-0,138626	4,178645
-0,177756	4,181906
-0,092973	4,183863
0,086375	4,183211
0,203766	4,186146
0,151592	4,186146
-0,011451	4,188102
0,216810	4,190059
0,298332	4,191689
0,409202	4,192015
0,575506	4,194298
0,908116	4,196580
0,288549	4,197559
0,255940	4,197559
0,357028	4,198863
0,187462	4,200819
0,340723	4,203754
0,350506	4,203428
0,017897	4,205711
0,595072	4,207993
0,324419	4,208972
0,917898	4,210928
0,418984	4,210602
-0,324495	4,212233
0,738550	4,215493
0,555941	4,215819
0,343984	4,218428
0,986377	4,220059
-0,024495	4,220385
0,699420	4,222015
0,252680	4,222993
-0,145147	4,224624
0,190723	4,225602
0,132027	4,227885
0,546158	4,229841
1,054855	4,229189
0,376593	4,230820
0,148332	4,234406
0,396158	4,233754
0,516811	4,237341
0,239636	4,237341
0,643985	4,237993
0,748333	4,238972
0,568985	4,241906
0,520071	4,244515
0,621159	4,245820
0,487463	4,245167
0,458115	4,246798
0,552680	4,248754
0,911376	4,250711
0,392897	4,252993
0,562463	4,253972
0,477680	4,255602
0,885289	4,257233
0,161375	4,258537
0,709202	4,259189
0,262462	4,260167
0,507028	4,263102
0,546158	4,263102
0,634202	4,265059
0,578767	4,267667
0,741811	4,267015
0,624419	4,268646
0,846159	4,271580
1,015725	4,271254
1,201594	4,272233
1,276595	4,275820
1,811378	4,276146
1,371160	4,277124
1,243986	4,280385
1,260290	4,280711
1,566813	4,281689
1,553769	4,285276
1,788552	4,285602
1,367899	4,286254
1,928770	4,289189
2,143988	4,289841
1,889639	4,291146
2,023335	4,292450
2,157031	4,295059
1,785291	4,295711
2,365727	4,296689
2,313553	4,298320
2,225509	4,300928
2,365727	4,301907
2,176596	4,302559
2,395075	4,303537
2,225509	4,305167
2,437466	4,307124
2,333118	4,309081
2,551597	4,308754
2,352684	4,312341
2,202683	4,313646
2,280944	4,313972
2,000509	4,315602
2,251596	4,316581
2,326597	4,319841
2,026596	4,320494
2,121161	4,321146
2,548336	4,323428
2,176596	4,324081
2,170075	4,326037
2,215727	4,327994
2,248336	4,328320
1,703769	4,329624
2,218988	4,332233
2,108118	4,332233
2,434205	4,335168
1,993987	4,337124
2,218988	4,339081
2,095074	4,338754
2,173335	4,340711
2,496162	4,342015
2,313553	4,342994
1,693987	4,345276
2,757032	4,346581
2,316814	4,347885
2,483119	4,349841
2,238553	4,351472
2,078770	4,353428
2,577684	4,353428
2,460292	4,356037
2,111379	4,356363
2,626597	4,357668
2,590728	4,358320
2,678771	4,361255
2,349423	4,362885
2,166814	4,365168
2,232031	4,365494
3,037468	4,367776
2,825511	4,367450
3,226598	4,369081
3,275511	4,372342
3,415729	4,372668
3,471164	4,374950
3,686382	4,375928
3,855947	4,378211
4,217905	4,378537
4,012469	4,379842
4,338557	4,382124
4,918993	4,383755
4,899428	4,383755
4,632036	4,385385
5,130950	4,387668
5,222254	4,388320
5,486385	4,390929
5,717907	4,391581
5,424429	4,392233
5,134211	4,394189
5,300515	4,396472
5,818995	4,396798
5,982038	4,400385
5,668994	4,400059
6,105952	4,402668
5,942908	4,404298
5,727690	4,404950
5,646168	4,407559
5,411385	4,409189
5,933125	4,409842
5,818995	4,411472
6,027691	4,412776
5,642907	4,414407
5,916821	4,415385
6,321169	4,416037
6,357039	4,419298
5,567907	4,419624
5,779864	4,419950
5,972256	4,421907
5,460298	4,422885
5,734212	4,425168
5,655951	4,426798
5,613559	4,427450
5,809212	4,429407
5,740734	4,430711
5,457037	4,432016
5,786386	4,433972
5,727690	4,435603
5,685299	4,436255
5,026602	4,439842
5,724429	4,440494
5,802690	4,440494
5,776603	4,443755
5,551603	4,444081
5,727690	4,446363
5,942908	4,446037
6,086386	4,449624
5,584212	4,450603
6,099430	4,451581
5,789647	4,452559
5,708125	4,454189
5,665733	4,457124
5,789647	4,457776
5,861386	4,458755
5,613559	4,460711
5,861386	4,461690
5,633125	4,463646
5,580951	4,463972
5,665733	4,465276
6,115734	4,467885
5,750516	4,468211
5,760299	4,471472
5,792908	4,471798
6,500518	4,473429
6,461387	4,474733
6,220082	4,475711
6,200517	4,477668
6,343996	4,479298
6,715735	4,481581
6,637474	4,482885
6,552692	4,484516
6,767909	4,484190
6,396170	4,485820
6,621170	4,487450
6,748344	4,489733
6,882040	4,491363
6,852692	4,492016
7,022258	4,494624
6,852692	4,494624
6,728779	4,496581
6,836388	4,498211
6,891823	4,500168
6,875518	4,500820
6,696170	4,501798
6,875518	4,505059
6,621170	4,507016
6,523344	4,507342
6,797257	4,507668
6,523344	4,508646
6,722257	4,512559
6,555953	4,512885
6,787475	4,515494
6,373343	4,515168
6,487474	4,517777
6,484213	4,520059
6,363561	4,520711
6,438561	4,521037
5,802690	4,522016
6,057039	4,525277
5,620081	4,526581
5,574429	4,527559
5,704864	4,529516
5,835299	4,531146
5,512472	4,532777
5,391820	4,534407
5,320081	4,536037
5,382037	4,534733
5,473342	4,536690
5,440733	4,538646
5,303776	4,541255
4,912471	4,542885
5,391820	4,543864
4,987471	4,546146
5,114645	4,545494
4,850514	4,547777
5,166819	4,550385
4,788558	4,550385
5,183124	4,550711
5,251602	4,553646
5,437472	4,554951
5,020080	4,556581
5,016819	4,557233
4,446166	4,560168
4,935297	4,560494
4,977689	4,562451
5,378776	4,564081
4,811384	4,565059
4,543992	4,567016
4,286383	4,568646
4,886384	4,569298
4,609210	4,571581
4,716819	4,573538
4,459209	4,573211
4,596166	4,576146
4,739645	4,576472
4,384209	4,578429
4,393992	4,580711
4,661384	4,579733
4,439644	4,581690
4,729862	4,584951
4,175513	4,584951
3,983122	4,587233
4,348340	4,588538
4,054861	4,589190
3,940730	4,591146
3,797252	4,592451
4,120078	4,594733
3,908121	4,596038
3,549425	4,596690
3,334207	4,599298
3,709208	4,600277
3,820078	4,600929
3,458120	4,602559
3,692904	4,604516
3,386381	4,605168
3,422251	4,606798
2,985294	4,608755
3,073337	4,609081
3,073337	4,611364
3,624425	4,612016
2,861380	4,615277
2,867902	4,616907
2,346162	4,617233
2,483119	4,618212
3,092902	4,619842
2,121161	4,620820
1,785291	4,622777
1,693987	4,624407
1,651595	4,626690
1,641813	4,627668
0,846159	4,629951
0,725507	4,629951
0,673333	4,632559
0,617898	4,634190
0,246158	4,634190
0,435289	4,636146
0,193984	4,638429
0,053766	4,638103
-0,040799	4,640059
0,109201	4,642994
-0,011451	4,642994
0,043984	4,646581
-0,337539	4,647233
-0,008191	4,647233
0,043984	4,650494
0,236375	4,650494
-0,158191	4,652777
-0,546235	4,653429
-0,252756	4,654733
0,154853	4,657994
-0,239713	4,658972
0,060288	4,659951
0,360288	4,660277
0,282027	4,662886
-0,311452	4,664190
-0,073408	4,665168
-0,360365	4,668103
-0,265800	4,668429
-0,034278	4,669733
-0,317974	4,671690
-0,151669	4,672668
-0,412539	4,673973
-0,184278	4,675603
-0,223408	4,676907
-0,308191	4,678864
-0,647322	4,681799
-0,216887	4,681799
-0,425583	4,682451
-0,278843	4,683429
-0,409278	4,685060
-0,931018	4,687342
-0,464713	4,690277
-0,350582	4,690929
-0,640800	4,692233
-0,216887	4,693538
-0,578844	4,695168
-0,164713	4,696473
-1,077758	4,697451
-0,790801	4,699733
-0,461452	4,700386
-0,500583	4,701364
-0,604931	4,702994
-0,800583	4,705603
-0,807105	4,706255
-0,640800	4,708538
-0,872323	4,708538
-0,823409	4,712451
-0,917975	4,711799
-1,188628	4,712125
-0,927757	4,714733
-1,328845	4,716364
-0,807105	4,717668
-1,067975	4,718647
-0,885366	4,721255
-0,878844	4,722886
-1,482106	4,723538
-1,345150	4,723864
-1,162541	4,726799
-1,521237	4,729081
-1,700585	4,728755
-1,945151	4,731364
-1,403845	4,732994
-1,592976	4,734625
-2,023412	4,734951
-2,075586	4,736907
-1,971238	4,738212
-2,232108	4,740494
-1,547324	4,739842
-2,042977	4,742451
-2,232108	4,743103
-2,267977	4,744407
-2,170151	4,746038
-2,104934	4,749625
-2,346238	4,749951
-2,016890	4,750929
-2,170151	4,751581
-1,915803	4,753864
-2,179934	4,755821
-2,235369	4,758103
-2,238630	4,758429
-2,059281	4,760386
-2,219064	4,760386
-2,522326	4,762668
-2,294064	4,762994
-2,144064	4,765603
-2,271238	4,767560
-2,206021	4,768538
-2,567978	4,770168
-1,981020	4,771473
-2,258195	4,772451
-2,267977	4,774081
-2,134282	4,777016
-2,131021	4,776038
-1,945151	4,778321
-2,629935	4,781255
-2,196238	4,782560
-2,098412	4,783864
-2,385369	4,784842
-2,098412	4,786147
-2,173412	4,787125
-1,850585	4,790060
-1,857107	4,791364
-1,834281	4,792342
-2,512543	4,793321
-2,391891	4,793973
-1,544063	4,797560
-2,179934	4,796581
-1,938629	4,799190
-2,359282	4,801147
-1,837542	4,800495
-2,013629	4,803103
-2,121238	4,803755
-2,867979	4,807016
-2,062542	4,806364
-1,834281	4,808321
-1,866890	4,808973
-2,010368	4,811255
-2,127760	4,812886
-2,144064	4,815821
-2,065803	4,815821
-2,206021	4,817777
-1,772324	4,818755
-1,997325	4,820060
-2,424499	4,821364
-1,697324	4,822668
-1,563628	4,825929
-1,547324	4,826582
-1,677759	4,827886
-1,873411	4,829842
-1,958194	4,830168
-1,961455	4,831147
-2,342978	4,834408
-1,573411	4,834734
-1,935368	4,836038
-1,932107	4,837668
-1,749498	4,838647
-1,860368	4,840929
-2,059281	4,843538
-2,121238	4,844842
-1,351671	4,844516
-1,795150	4,847125
-1,863629	4,848103
-1,645150	4,849734
-1,765803	4,851364
-1,964716	4,852016
-1,866890	4,854299
-1,501672	4,855277
-1,831020	4,856908
-1,485367	4,857886
-1,945151	4,859516
-1,684281	4,861147
-1,778846	4,862777
-1,322323	4,864734
-1,896238	4,866364
-1,915803	4,867669
-1,961455	4,869951
-1,879933	4,869951
-1,700585	4,873212
-1,641889	4,873864
-1,729933	4,875495
-1,625585	4,877451
-1,553846	4,878103
-1,814716	4,879408
-1,462541	4,880712
-1,589715	4,882016
-1,094062	4,883647
-1,791890	4,884625
-1,990803	4,887234
-2,033194	4,887886
-1,834281	4,890495
-1,765803	4,891799
-2,026673	4,893103
-1,948412	4,894408
-1,609281	4,895386
-1,619063	4,897343
-1,609281	4,897669
-1,658194	4,899625
-1,615802	4,901908
-1,550585	4,902560
-1,465802	4,903538
-1,824498	4,904516
-1,886455	4,907125
-1,599498	4,908429
-1,557107	4,909734
-1,788629	4,912016
-1,667976	4,912343
-2,026673	4,912995
-1,850585	4,916582
-1,589715	4,917560
-1,586454	4,918538
-1,873411	4,920495
-1,762542	4,922125
-1,442976	4,922125
-1,769063	4,925712
-1,677759	4,926038
-1,547324	4,927343
-2,284282	4,928647
-2,121238	4,929951
-1,831020	4,930603
-1,583194	4,932560
-1,684281	4,933864
-1,570150	4,935169
-1,703846	4,936473
-2,170151	4,939408
-1,791890	4,939408
-1,814716	4,942995
-2,056021	4,942669
-1,808194	4,944951
-1,606020	4,947234
-1,892977	4,948212
-1,566889	4,948538
-1,537541	4,951147
-2,016890	4,952125
-1,664715	4,953103
-1,553846	4,955712
-2,075586	4,958321
-1,478845	4,957017
-1,831020	4,958647
-1,961455	4,962234
-1,677759	4,962560
-2,062542	4,963538
-1,795150	4,964517
-1,573411	4,966473
-1,338628	4,967777
-1,749498	4,969408
-1,739716	4,971690
-1,831020	4,971690
-1,831020	4,974951
-1,729933	4,976256
-1,896238	4,976256
-1,612541	4,978538
-1,641889	4,980169
-1,609281	4,980169
