11,220325	0,988857
10,800846	0,987226
10,253019	0,988857
10,672498	0,988857
10,187279	0,988205
10,440845	0,988857
10,478410	0,990487
10,378236	0,992118
10,328149	0,993748
10,494063	0,995379
10,484671	0,997335
10,127801	0,998313
10,628672	0,998965
10,453367	1,000596
10,753889	1,000922
11,289195	1,002552
11,539630	1,003531
10,706933	1,005813
9,930583	1,006465
10,062062	1,008748
9,536148	1,010379
10,368845	1,012009
10,782063	1,012987
10,738237	1,015596
10,778933	1,016248
11,157716	1,018531
10,829020	1,020161
10,985542	1,021792
10,800846	1,022118
10,597367	1,022444
9,965018	1,025705
10,919803	1,026683
10,700672	1,027987
10,528497	1,030270
10,735107	1,031248
10,879107	1,032552
10,963629	1,034509
10,716324	1,035487
10,681889	1,037118
10,800846	1,039074
11,270412	1,038748
11,389369	1,042009
11,201542	1,043639
10,750759	1,045596
11,373716	1,045270
10,647454	1,045922
10,835281	1,047879
11,214064	1,050813
10,778933	1,051139
11,045020	1,053096
10,763281	1,053748
10,553541	1,055379
11,082586	1,058313
11,646065	1,058313
11,542760	1,060922
11,041890	1,060922
11,307977	1,064183
11,254760	1,064183
10,772672	1,066140
11,223455	1,067770
11,279803	1,069074
10,760150	1,070379
11,307977	1,072335
11,126412	1,073966
11,282934	1,076574
11,386238	1,076574
11,358064	1,078531
10,800846	1,080161
11,445717	1,081466
11,229716	1,082770
10,381367	1,082770
11,639804	1,087661
11,583456	1,087009
10,947977	1,087335
11,549021	1,087661
11,968500	1,092227
11,790065	1,092879
11,104499	1,094183
11,561543	1,095161
11,314238	1,096140
11,307977	1,098748
11,520847	1,099727
11,549021	1,101357
11,511456	1,102661
10,816498	1,103314
11,539630	1,105596
12,272153	1,106248
11,520847	1,109183
11,802587	1,110487
11,376847	1,113096
11,348673	1,113422
11,868326	1,114074
10,522237	1,116357
11,539630	1,117009
12,156327	1,118640
12,428675	1,120596
11,486412	1,122553
11,808848	1,122553
11,934065	1,125814
11,511456	1,124509
11,680500	1,128748
11,739978	1,129727
12,171979	1,130053
12,394240	1,132335
11,830761	1,134944
12,040500	1,135922
11,705543	1,136248
12,391110	1,138205
12,009196	1,138205
11,743109	1,140161
11,320499	1,142444
12,256501	1,143748
11,949718	1,145705
12,585197	1,145705
12,049892	1,147335
12,810589	1,148966
12,513197	1,149618
12,171979	1,151248
11,940326	1,154183
11,981022	1,155161
11,552152	1,156792
12,491284	1,159401
12,331631	1,158422
12,647806	1,161031
12,935806	1,162988
12,444327	1,163640
12,290936	1,166248
12,572675	1,166901
12,469371	1,168857
12,140674	1,169183
12,635284	1,172444
12,907632	1,174401
12,945198	1,174401
12,610241	1,175705
12,506936	1,177988
12,591458	1,179618
12,913893	1,179944
13,402242	1,182553
13,007807	1,182227
13,389720	1,185161
12,713545	1,187444
12,801197	1,188096
12,694763	1,188096
12,992154	1,190053
12,569545	1,192988
13,561895	1,193640
12,982763	1,194618
13,107981	1,194944
12,588328	1,196901
13,696504	1,200162
13,073546	1,200162
13,718417	1,202770
13,151807	1,203422
13,514938	1,206031
13,223807	1,207009
14,285026	1,207988
13,258242	1,210596
13,458590	1,210922
13,248851	1,212553
13,158068	1,213857
13,405373	1,214835
13,032850	1,216792
13,076676	1,217444
13,045372	1,219075
13,186242	1,220705
13,477373	1,222662
13,993895	1,223966
13,383459	1,225596
13,427286	1,226575
13,386590	1,228857
13,586938	1,229509
13,239459	1,232118
13,561895	1,234401
13,909374	1,233096
13,815460	1,236357
13,590069	1,237662
13,264503	1,239944
13,843634	1,239944
13,539982	1,241575
13,649547	1,242553
13,455460	1,245162
13,536851	1,246466
13,834243	1,246792
13,887460	1,248096
13,784156	1,249401
14,084678	1,252988
13,527460	1,253314
14,162939	1,254292
13,624503	1,256575
13,555634	1,259183
13,308329	1,259183
13,768504	1,260488
13,824852	1,263096
13,521199	1,262770
13,658938	1,266357
13,862417	1,266031
13,117372	1,267988
13,921895	1,268966
13,849895	1,270596
13,968852	1,272553
14,294418	1,273205
13,724678	1,275488
13,837373	1,275488
14,266244	1,278749
14,363287	1,280053
14,106591	1,280705
14,513549	1,282336
14,604331	1,284618
14,338244	1,286901
14,266244	1,285923
13,956330	1,288205
14,266244	1,289183
14,479114	1,292444
14,072156	1,293096
14,216157	1,293749
14,904854	1,295705
15,261724	1,296683
14,322592	1,297988
14,306940	1,300270
14,986245	1,300596
14,748332	1,303205
14,619984	1,303857
14,854767	1,305488
14,169200	1,308097
15,797029	1,308749
14,851636	1,309727
14,717027	1,311357
15,152159	1,312662
15,496507	1,313640
15,496507	1,314944
14,964332	1,318205
14,867288	1,318205
15,161550	1,320162
15,286767	1,321466
14,901723	1,323749
15,411985	1,324075
15,762594	1,325379
14,876680	1,327662
15,371289	1,328640
15,987986	1,330597
15,339985	1,332227
15,753203	1,332553
16,329204	1,335162
15,487116	1,335162
15,693725	1,336466
15,446420	1,338749
15,318072	1,341031
15,505898	1,342010
15,947290	1,342662
14,967463	1,345270
16,266595	1,346901
15,743812	1,348205
16,272856	1,349184
15,994247	1,351140
16,125726	1,352444
16,369900	1,353097
15,593551	1,354401
16,438770	1,357336
16,191465	1,358314
15,289898	1,358314
16,789379	1,361575
16,626596	1,361575
16,898944	1,364836
15,843986	1,365162
15,962943	1,366792
16,388683	1,370053
17,340337	1,371031
16,742422	1,372336
16,363639	1,372988
16,880162	1,375597
16,814423	1,375923
16,873901	1,377227
17,315293	1,378858
17,315293	1,379510
16,739292	1,381140
17,634598	1,384401
17,891294	1,383749
17,427989	1,385053
17,412337	1,387988
17,650250	1,387988
17,665902	1,389618
17,618946	1,392227
17,982077	1,393531
18,651991	1,395488
17,581381	1,397118
17,791120	1,397771
18,617556	1,399075
18,392165	1,402010
18,232512	1,401684
18,263817	1,404618
18,564339	1,406901
18,842948	1,405923
18,692687	1,407879
18,517382	1,409836
19,018253	1,412118
19,412688	1,411140
19,415819	1,414727
18,908687	1,415053
19,015122	1,416031
18,457904	1,418966
18,905557	1,419292
19,631819	1,420271
19,306253	1,423205
19,328167	1,425162
19,591124	1,423858
19,594254	1,426140
19,484689	1,429401
19,274949	1,429075
19,083992	1,432336
19,525384	1,432662
19,024514	1,434292
19,982429	1,436249
19,062079	1,437227
19,393906	1,438205
19,544167	1,440488
19,375123	1,442771
19,024514	1,443097
19,844689	1,444727
20,045037	1,447010
20,226603	1,447336
20,113907	1,447662
20,207820	1,450597
19,694428	1,451575
20,045037	1,452553
19,879124	1,453858
20,170255	1,457445
19,960516	1,458749
19,578602	1,459401
20,777561	1,460379
20,536517	1,462988
20,567821	1,463640
20,386256	1,465597
20,793213	1,465271
20,671126	1,468858
20,520864	1,469184
20,761908	1,470488
21,156344	1,472771
21,027996	1,475053
21,663475	1,473423
21,585214	1,476358
21,569562	1,478640
21,416171	1,479292
20,805735	1,480271
21,963998	1,482227
21,870084	1,484184
22,051650	1,484510
22,762260	1,486466
22,377216	1,488749
21,672867	1,489401
22,098607	1,491358
23,084695	1,492010
22,536868	1,494293
22,086085	1,494619
22,759130	1,496249
23,263131	1,498206
23,244348	1,500488
22,292694	1,500814
23,260000	1,502119
23,125391	1,504401
22,724695	1,505379
23,231826	1,507010
23,444696	1,507988
22,925043	1,509619
23,673218	1,512553
23,688871	1,513858
23,538609	1,513206
23,594957	1,516466
23,760871	1,517119
23,666957	1,518423
23,450957	1,520380
23,181739	1,522662
23,162956	1,523966
23,491653	1,525271
23,156696	1,526901
23,541740	1,527880
23,585566	1,529184
23,219304	1,531466
22,931304	1,531466
23,153565	1,532445
22,633912	1,534401
22,721564	1,535053
22,505564	1,537988
22,511825	1,538967
22,120520	1,539619
22,126781	1,542553
21,891998	1,544184
21,998433	1,544836
21,823128	1,546467
21,647823	1,547445
21,876345	1,549727
21,463127	1,552010
21,829389	1,552662
22,233216	1,552988
21,541388	1,555271
20,827648	1,556901
21,500692	1,559184
21,475649	1,557880
21,250257	1,562119
21,187648	1,562771
21,309736	1,563423
21,125040	1,566684
21,416171	1,567662
21,416171	1,568314
21,084344	1,569945
21,084344	1,572227
21,153214	1,572227
21,156344	1,574836
21,488171	1,574836
21,300344	1,577445
21,375475	1,578423
21,588345	1,578749
21,854432	1,580380
20,996691	1,582010
20,505212	1,585597
21,563301	1,584619
21,384866	1,586249
21,942085	1,587880
21,334779	1,589836
21,513214	1,592119
21,478779	1,594075
21,400518	1,593423
21,513214	1,595054
21,901389	1,598314
21,954606	1,598314
21,625910	1,599945
21,629041	1,603532
22,424172	1,602880
21,603997	1,604510
22,167476	1,607119
22,308346	1,608097
21,763649	1,608749
21,976519	1,610380
21,863824	1,612988
21,863824	1,613967
21,976519	1,615597
21,841910	1,616575
22,320868	1,616901
22,086085	1,620162
22,035998	1,621793
21,960867	1,623097
20,724343	1,624075
21,187648	1,625380
21,729215	1,626358
22,464868	1,627988
22,408520	1,629293
21,513214	1,630271
22,029737	1,632880
21,553910	1,633858
20,971648	1,634836
20,996691	1,637445
21,078083	1,638749
20,896517	1,639075
20,824517	1,642662
21,046779	1,642010
20,326777	1,645597
20,389386	1,645923
20,282951	1,646902
20,708691	1,648206
20,395647	1,649836
20,148342	1,652445
19,825907	1,653423
19,938602	1,654075
20,135820	1,654728
19,935472	1,656684
19,725733	1,660271
20,013733	1,659619
20,298603	1,662554
20,345560	1,663206
19,744515	1,664184
19,719472	1,665488
19,973037	1,668097
19,766428	1,668749
19,484689	1,670054
20,192168	1,671358
19,807124	1,672662
19,487819	1,674293
19,951124	1,675923
19,462775	1,678206
19,337558	1,678858
19,904168	1,681793
19,550428	1,683423
20,527125	1,683097
20,348690	1,685054
19,782080	1,686032
19,932342	1,688967
19,951124	1,690597
19,982429	1,692554
20,564691	1,693532
19,932342	1,692880
20,123298	1,695162
20,073211	1,696793
20,170255	1,699402
20,151472	1,701032
20,104516	1,701032
20,505212	1,702662
20,858952	1,703967
20,555299	1,705923
20,683647	1,706576
20,649213	1,708858
20,902778	1,709510
20,473908	1,710489
20,771300	1,712445
20,780691	1,715706
20,079472	1,715706
20,658604	1,717010
20,974778	1,719293
20,977909	1,719619
20,959126	1,721902
21,406779	1,723532
20,830778	1,723858
20,602256	1,726793
20,849561	1,727771
20,721213	1,729402
20,768169	1,730706
21,031126	1,732010
21,497562	1,732010
21,247127	1,733967
20,696169	1,737228
20,646082	1,739184
20,833909	1,739184
20,971648	1,740163
20,768169	1,741793
20,846430	1,743750
21,068692	1,744402
20,949735	1,746684
20,805735	1,747010
20,946604	1,748967
20,777561	1,751250
21,137561	1,752554
21,647823	1,753206
21,341040	1,756141
20,974778	1,756141
21,212692	1,759076
21,347301	1,760706
20,821387	1,760054
21,181387	1,762010
21,926432	1,764619
21,397388	1,765271
21,369214	1,767554
21,697910	1,768532
21,866954	1,769184
21,691649	1,772119
22,067302	1,772771
21,938954	1,773750
22,176868	1,777010
22,076694	1,777010
22,477390	1,779293
22,367825	1,781250
21,713562	1,781250
21,666606	1,783858
22,737217	1,784837
23,516696	1,786141
22,430433	1,786467
22,759130	1,789076
22,765391	1,789402
22,912521	1,791684
23,432174	1,794293
22,899999	1,795597
22,965739	1,795924
23,504175	1,796902
23,801566	1,799837
23,341392	1,801793
23,166087	1,802119
23,482261	1,802771
23,651305	1,805380
23,917393	1,807011
23,078435	1,807989
22,715303	1,808641
23,510435	1,810271
23,889219	1,812554
23,579305	1,812228
23,119130	1,814184
24,020697	1,815163
23,288174	1,818750
23,522957	1,820380
22,962608	1,821684
22,690260	1,821358
22,887478	1,823641
22,737217	1,825924
22,637042	1,826902
22,261390	1,826576
22,283303	1,829184
21,979650	1,830815
21,228344	1,833098
21,303475	1,832771
20,880865	1,835054
20,423821	1,837011
20,420690	1,838315
20,326777	1,840924
19,403297	1,841576
19,008862	1,842228
18,886774	1,844511
18,169903	1,844837
18,185556	1,846141
17,950773	1,849402
17,866251	1,850380
17,080510	1,850054
17,474946	1,852011
17,515641	1,854293
16,545205	1,855924
16,388683	1,858858
16,069378	1,859185
15,875290	1,860163
15,997378	1,861141
15,894073	1,864402
14,835984	1,864402
15,005028	1,865380
14,926767	1,868315
14,810940	1,868315
14,547983	1,869619
14,272505	1,871576
14,695114	1,872880
13,467981	1,874185
13,777895	1,875815
13,990765	1,877772
13,007807	1,877772
13,142416	1,881358
14,153548	1,881685
14,200505	1,882989
13,489894	1,885272
12,538240	1,886902
12,125022	1,887554
12,406762	1,888858
13,205024	1,892445
12,876328	1,892119
13,289546	1,894076
12,951459	1,896032
12,344153	1,897663
12,444327	1,897337
11,317369	1,898967
12,895111	1,902228
12,845024	1,901576
12,181370	1,902880
11,840152	1,906141
12,312849	1,906467
11,790065	1,908750
11,752500	1,910706
11,696152	1,911359
11,555282	1,912337
11,699282	1,912989
11,768152	1,915598
10,969890	1,917554
11,210934	1,918532
11,558413	1,919185
11,232847	1,920815
11,830761	1,922119
10,741367	1,923098
11,273542	1,926359
9,971279	1,928641
11,189020	1,928641
11,192151	1,929619
10,766411	1,932228
10,140323	1,934837
10,384497	1,935489
10,731976	1,936141
10,703802	1,937772
10,894759	1,937772
10,462758	1,940706
10,340671	1,942663
10,052670	1,943315
9,842931	1,945598
9,939975	1,947880
9,617539	1,947880
10,112149	1,949185
9,651974	1,949837
9,767800	1,951467
10,077714	1,954402
9,717713	1,955706
9,426582	1,956359
9,749018	1,958315
9,157364	1,959946
8,813016	1,959619
8,490581	1,961902
9,777192	1,964185
9,110408	1,965163
9,326408	1,966141
8,712842	1,968098
8,888147	1,968750
9,451626	1,971685
9,949366	1,973315
9,276321	1,973315
8,944494	1,974620
8,869364	1,977228
9,254408	1,979185
9,104147	1,979185
8,838059	1,980489
9,320147	1,982446
9,035277	1,983750
8,305885	1,987011
8,478059	1,986033
8,672146	1,988641
8,274580	1,989946
8,715972	1,990598
8,584494	1,993859
8,512494	1,995163
8,828668	1,995163
9,075973	1,996793
9,198060	1,998750
9,260669	2,000380
8,706581	2,002011
7,983449	2,002989
8,625189	2,003967
8,462407	2,006576
8,434233	2,007554
8,910060	2,007880
8,631450	2,011141
8,362232	2,011794
8,190058	2,015054
8,305885	2,015707
9,069712	2,015054
8,553189	2,018641
7,861362	2,018967
8,741016	2,020272
9,113538	2,021250
7,798753	2,023533
8,089884	2,023859
7,870753	2,028098
8,966408	2,026794
8,033536	2,029402
8,193189	2,031685
8,750407	2,032011
8,809885	2,033641
7,316665	2,034294
8,499972	2,035598
7,917710	2,038533
7,889536	2,040815
8,061710	2,041467
8,675277	2,042120
8,352841	2,043098
8,230754	2,044728
7,880145	2,047337
8,114928	2,048315
7,908319	2,049620
8,024145	2,050598
8,622059	2,052554
8,099275	2,053533
8,074232	2,055163
7,729883	2,056794
7,939623	2,057446
8,102406	2,060707
8,108667	2,060707
8,540668	2,062663
7,845710	2,065272
7,773710	2,065272
8,312145	2,067554
8,118058	2,068859
8,215102	2,070815
8,042927	2,071468
7,989710	2,073098
7,676666	2,076359
8,312145	2,076033
8,381015	2,077011
7,714231	2,078968
7,798753	2,079620
8,064841	2,082881
8,850581	2,084185
8,105536	2,084837
8,449885	2,085815
7,958406	2,088750
7,729883	2,089402
7,686057	2,090055
8,168145	2,093315
8,427972	2,093968
8,027275	2,093968
7,736144	2,096250
8,143102	2,097881
7,955275	2,099185
8,021014	2,099511
7,992840	2,102446
7,977188	2,104076
8,161884	2,104728
8,036667	2,107989
8,030406	2,107011
8,086754	2,109946
8,139971	2,111250
8,046058	2,112555
7,989710	2,113859
6,865882	2,116468
8,230754	2,116468
8,634581	2,118750
8,111797	2,119076
8,327798	2,122011
8,124319	2,122011
8,196319	2,125272
7,454405	2,125272
8,215102	2,127229
8,409189	2,129185
8,011623	2,128533
7,576492	2,132446
8,080493	2,130489
8,565711	2,134402
8,064841	2,134402
7,589014	2,136685
8,384146	2,139620
7,977188	2,139294
8,484320	2,140598
8,368493	2,142881
8,684668	2,145489
8,246406	2,146142
8,424841	2,147772
8,036667	2,149402
7,864492	2,150055
8,283971	2,152337
8,202580	2,153642
8,237015	2,153968
8,437363	2,155598
8,343450	2,158207
8,196319	2,158533
8,343450	2,159837
8,478059	2,160816
8,346580	2,163098
7,995971	2,164076
8,089884	2,166033
8,149362	2,166359
8,396667	2,169946
8,650233	2,169620
8,518754	2,171250
8,456146	2,174185
8,124319	2,174837
7,701709	2,176142
8,875625	2,177446
8,205710	2,179729
8,027275	2,180707
8,355972	2,182989
8,449885	2,184946
8,590755	2,185924
8,368493	2,186576
8,963277	2,188207
8,355972	2,189511
9,025886	2,190163
8,459276	2,193098
8,528146	2,194076
8,377885	2,195055
8,628320	2,195707
8,709711	2,199946
8,957016	2,199620
8,233884	2,202555
8,321537	2,201250
8,875625	2,204185
8,844320	2,205490
8,312145	2,207446
8,456146	2,208750
8,841190	2,210707
8,853712	2,212011
8,825538	2,213316
8,556320	2,215598
9,389017	2,216903
7,466926	2,217881
10,127801	2,219511
9,360843	2,219837
8,913190	2,221794
8,293363	2,224077
8,061710	2,224403
8,775451	2,225381
9,216843	2,227663
8,906929	2,228968
9,301365	2,231903
9,448495	2,231577
8,888147	2,234185
8,925712	2,234837
8,906929	2,235816
8,853712	2,237446
9,010234	2,238424
9,107277	2,242011
9,126060	2,241685
9,238756	2,243968
8,741016	2,245598
8,869364	2,247881
9,057190	2,247229
9,047799	2,250816
8,953886	2,250490
9,207451	2,252772
9,523626	2,253098
9,329539	2,256033
9,232495	2,256359
9,673887	2,258316
9,573713	2,258642
9,824148	2,260924
9,592496	2,263859
8,503102	2,263533
10,381367	2,266142
9,426582	2,265816
9,323278	2,269729
9,000842	2,269729
9,698931	2,271685
10,080844	2,271359
9,010234	2,274946
10,872846	2,275924
9,470408	2,276903
9,345191	2,277881
10,519106	2,279837
9,273191	2,282120
11,298586	2,282446
10,090236	2,285381
9,971279	2,285055
9,911801	2,287011
8,859973	2,288642
10,021366	2,289294
10,810237	2,291903
10,209193	2,294185
10,206062	2,293859
9,852322	2,297120
10,171627	2,296794
10,002583	2,299077
9,849192	2,300381
10,083975	2,302664
10,143453	2,302990
10,885368	2,305598
10,062062	2,305598
10,622411	2,307881
10,584845	2,310164
9,983801	2,310490
10,312497	2,313425
10,209193	2,314077
10,497193	2,315381
10,497193	2,317664
10,566063	2,318316
11,057542	2,319620
10,901020	2,321251
10,973020	2,321577
10,722585	2,323533
10,850933	2,325164
9,980670	2,326468
10,412671	2,327120
11,198412	2,329729
11,411282	2,331359
11,151455	2,332338
11,145194	2,334294
11,013716	2,335272
11,445717	2,336903
11,786935	2,338859
10,791455	2,340164
11,714935	2,341142
11,423804	2,342772
11,145194	2,344403
11,185890	2,345055
11,636674	2,347338
11,101368	2,348642
11,705543	2,350599
11,351803	2,350925
11,658587	2,352555
11,714935	2,354838
11,855804	2,356794
11,974761	2,356468
11,608500	2,359403
11,802587	2,360707
12,215805	2,361033
12,165718	2,363968
12,672849	2,365599
12,247109	2,365925
12,294066	2,366577
12,519458	2,368533
12,741719	2,370490
12,112501	2,372446
12,269023	2,375055
12,650936	2,374403
12,550762	2,376686
13,133024	2,378642
12,234588	2,379294
12,813719	2,379946
12,763632	2,381577
12,569545	2,383533
12,957720	2,385816
13,521199	2,387446
13,283285	2,387446
13,323981	2,389077
13,233198	2,390707
13,214416	2,392664
13,236329	2,393316
14,084678	2,393968
13,367807	2,396903
13,042241	2,398533
13,615112	2,399838
13,709025	2,401794
14,047113	2,402773
14,025200	2,403425
13,364677	2,406359
13,518068	2,407990
13,768504	2,408968
14,613723	2,409620
14,610592	2,410925
13,590069	2,413859
14,861028	2,416142
14,814071	2,415164
14,585549	2,416794
15,005028	2,419403
14,501027	2,421360
14,851636	2,420707
14,738940	2,422664
14,911115	2,425599
14,707636	2,426903
14,798419	2,427229
15,161550	2,427229
15,462072	2,430164
15,956682	2,431468
15,393202	2,433099
14,688853	2,434403
15,487116	2,437338
16,513900	2,437664
15,499637	2,438968
15,211637	2,439620
15,737551	2,442229
15,972334	2,442555
15,211637	2,445164
15,872160	2,447447
16,814423	2,447447
15,346246	2,448751
15,837725	2,449403
16,138247	2,451686
15,568507	2,454294
16,776857	2,455273
16,598422	2,456903
16,642248	2,456903
16,401204	2,458860
17,922599	2,461794
16,689205	2,461142
17,052336	2,463099
17,453033	2,465055
17,093032	2,467338
17,468685	2,467012
17,762946	2,468316
17,537554	2,471577
17,427989	2,473207
18,007121	2,474186
17,891294	2,475490
17,994599	2,477447
17,809903	2,477773
17,885033	2,480381
18,533035	2,482990
18,745905	2,482990
18,417208	2,483642
18,551817	2,485925
18,974427	2,486577
18,874253	2,487881
18,911818	2,489512
19,325036	2,491468
19,331297	2,492773
19,362601	2,495055
19,443993	2,496686
19,575471	2,497012
19,672515	2,498642
19,863472	2,500273
20,348690	2,501251
19,863472	2,503534
20,110777	2,505164
20,595995	2,505490
20,721213	2,508425
20,508343	2,508751
20,946604	2,511686
20,821387	2,512990
20,962257	2,513968
21,469388	2,515599
21,197040	2,516251
21,250257	2,517555
21,679128	2,519186
21,701041	2,520164
22,189389	2,522121
21,929563	2,523425
22,026606	2,525055
22,386607	2,526034
22,533738	2,529294
22,746608	2,528642
23,053391	2,531251
23,275652	2,533208
23,122261	2,535164
23,363305	2,533860
23,116000	2,537121
23,554262	2,537447
23,178609	2,539729
23,275652	2,542012
23,009565	2,542990
24,268002	2,543968
24,108350	2,545273
24,127132	2,546251
23,992523	2,548860
24,596698	2,550490
24,631133	2,551142
24,274263	2,553099
25,247830	2,555708
25,047482	2,555382
25,185221	2,555708
25,498265	2,558316
25,391830	2,558968
25,316700	2,561903
25,833222	2,563534
25,689222	2,563534
25,839483	2,565816
26,290267	2,567121
26,584528	2,568425
25,880179	2,569729
26,377919	2,570382
27,780357	2,572664
27,207486	2,576251
26,365397	2,575925
26,590789	2,576577
26,496876	2,579512
28,559836	2,580164
28,531662	2,581469
28,315662	2,583425
28,171662	2,584729
28,663141	2,585708
28,888533	2,587012
29,232881	2,589295
28,960533	2,589947
29,207838	2,591577
29,899665	2,593534
29,492708	2,594838
29,661752	2,597447
30,281579	2,597121
30,106274	2,598099
30,616536	2,599077
30,882623	2,602012
31,004711	2,603316
30,719841	2,605925
31,349059	2,605925
31,295842	2,607882
32,764018	2,610164
32,050278	2,609838
32,037756	2,612773
32,388365	2,614403
33,005062	2,615056
32,692018	2,616034
33,117758	2,618316
33,449585	2,618969
33,020715	2,620925
33,152193	2,622229
33,581063	2,623534
34,103847	2,624512
34,463848	2,626143
33,487150	2,628425
33,634281	2,630382
34,097586	2,630708
34,441935	2,631360
35,174458	2,634295
34,723674	2,636577
34,920892	2,637229
34,839501	2,639512
34,748718	2,640164
34,864544	2,642447
34,222804	2,642773
34,614109	2,645056
35,174458	2,647012
35,165066	2,647012
35,042979	2,647664
34,789414	2,650925
34,726805	2,652556
34,585935	2,653208
34,614109	2,655490
34,676718	2,656795
34,526457	2,658099
34,920892	2,659403
34,576544	2,661360
34,567152	2,662664
34,701761	2,663643
34,473239	2,663316
34,269760	2,667230
34,845762	2,668208
34,457587	2,668208
34,200891	2,670490
35,202632	2,671795
35,910111	2,673099
35,309067	2,675708
35,271501	2,676360
35,127501	2,678317
35,049240	2,678643
34,529587	2,680925
35,556372	2,682556
36,122981	2,683534
36,589417	2,684186
35,878807	2,686469
36,489243	2,689077
36,354634	2,689404
36,576895	2,690382
36,858635	2,691686
37,337592	2,694621
36,714635	2,694295
37,475332	2,696577
38,192203	2,697556
37,650636	2,699186
37,569245	2,700490
38,164029	2,702447
38,223507	2,703099
38,085768	2,705056
38,790117	2,705708
39,131335	2,707990
39,456901	2,708643
39,707336	2,710273
39,491336	2,712882
39,960902	2,713860
40,032902	2,715491
40,392903	2,717773
40,865599	2,717773
41,272556	2,720056
41,901775	2,720708
41,316383	2,723969
41,576209	2,724295
42,289950	2,725599
40,962643	2,727882
41,463513	2,730164
41,989427	2,731143
43,150821	2,732773
43,535865	2,734077
43,254125	2,736034
43,870822	2,736360
41,538644	2,738643
44,465606	2,738969
43,945953	2,739621
44,064910	2,742230
45,144912	2,743534
44,531345	2,744186
44,305954	2,745817
45,899348	2,747447
44,299693	2,750056
44,240214	2,751034
44,512563	2,751034
44,606476	2,753969
45,367173	2,754947
44,700389	2,757230
44,888216	2,758534
45,439173	2,760491
45,849261	2,761795
45,846130	2,763099
45,742826	2,764404
45,830478	2,765382
46,231175	2,767012
45,871174	2,768643
46,347001	2,768969
47,076394	2,770925
47,173437	2,771251
46,966828	2,774186
47,151524	2,775165
47,176568	2,776795
48,053091	2,780056
48,328570	2,780708
48,294135	2,781686
48,240918	2,782665
48,594657	2,784947
48,913962	2,785925
49,264572	2,788860
49,392920	2,789186
49,712225	2,790491
50,181791	2,792447
50,776575	2,792121
50,980053	2,793752
51,352576	2,796034
51,405793	2,798317
51,684403	2,798317
50,770314	2,800925
51,750142	2,801252
52,463882	2,803208
52,645448	2,804186
53,280927	2,805165
53,315362	2,808099
53,121275	2,810708
53,377971	2,810708
54,129277	2,812339
53,997798	2,812991
54,792930	2,814621
54,808582	2,816904
54,742843	2,817882
55,096583	2,819186
54,889974	2,819839
55,137279	2,822773
55,087192	2,823425
55,597453	2,824404
54,936930	2,826686
54,993278	2,827991
55,112235	2,828643
56,082672	2,830926
55,494149	2,831578
55,469105	2,834839
54,811713	2,835491
54,157451	2,835817
54,670843	2,838426
53,155710	2,840056
52,933448	2,842665
52,701796	2,843317
52,276056	2,842991
52,072577	2,844621
51,815881	2,847230
51,631185	2,848860
50,238139	2,850165
49,380398	2,852447
48,535179	2,854078
47,442655	2,854404
46,478479	2,856686
46,318827	2,857665
45,354651	2,858317
44,268388	2,859621
43,751866	2,862556
43,407517	2,863534
43,344908	2,864839
42,496559	2,866143
41,106643	2,868752
40,903164	2,867773
40,837425	2,870382
39,478814	2,872013
39,056204	2,873317
39,068726	2,874621
38,558464	2,875926
38,226638	2,877230
37,766463	2,878208
37,544201	2,881469
37,074635	2,882447
37,215505	2,882773
36,514286	2,885708
36,558113	2,887013
35,784894	2,887339
35,910111	2,889947
36,276373	2,890600
35,656546	2,892556
34,855153	2,894187
34,639152	2,895817
34,924023	2,897121
34,344891	2,897121
34,429413	2,898426
34,160195	2,900708
34,369935	2,902013
34,094456	2,903643
34,019325	2,904947
33,765759	2,907230
33,790803	2,907882
33,505933	2,910491
33,834629	2,910491
33,462107	2,912121
33,130280	2,915056
33,346280	2,914404
32,626279	2,918317
32,873584	2,918969
33,221063	2,919947
33,293063	2,921904
33,502802	2,923860
33,055149	2,923534
32,607496	2,925491
32,598105	2,926795
32,366452	2,927774
32,801584	2,930382
31,552538	2,931360
32,281931	2,932665
32,075321	2,935274
32,447844	2,935274
32,266278	2,938208
32,119148	2,939187
31,702799	2,939513
31,336537	2,941795
31,054798	2,944404
31,104885	2,944404
30,638449	2,947013
30,456884	2,948317
30,237753	2,948643
29,912187	2,949947
29,646099	2,952556
29,874622	2,954839
28,919837	2,955817
28,609923	2,955491
28,494097	2,958100
28,594271	2,960056
27,896183	2,961361
27,529921	2,961034
27,364008	2,964295
27,213747	2,964621
27,060355	2,966578
27,329573	2,967230
26,769224	2,968861
26,036701	2,971795
26,118093	2,971795
26,243310	2,975056
25,654787	2,974078
25,974092	2,977665
25,905223	2,979621
25,426265	2,979621
25,379309	2,982882
25,404352	2,981252
25,535831	2,984187
25,119482	2,986143
25,044351	2,986143
24,912873	2,988752
25,031830	2,989730
24,881568	2,991361
24,862786	2,994295
24,884699	2,995274
24,246089	2,994948
25,135134	2,998208
25,304178	2,998535
25,263482	2,999839
24,552872	3,000817
24,690612	3,003426
24,803307	3,005382
24,637394	3,005382
25,319830	3,008317
24,925395	3,007991
24,330611	3,010926
25,147656	3,012230
25,204004	3,012230
25,188352	3,013861
24,906612	3,016143
24,797047	3,018426
25,288526	3,018426
25,194613	3,020382
25,733048	3,021687
25,244700	3,023643
25,169569	3,024622
25,679831	3,025926
25,679831	3,028535
25,855136	3,029839
25,523309	3,029513
26,277745	3,033100
26,039832	3,033100
25,764353	3,034078
25,911484	3,036035
26,474963	3,037665
26,086788	3,038643
26,881920	3,041252
26,500006	3,043535
26,546963	3,043535
26,822442	3,044839
27,310791	3,047448
26,737920	3,047774
26,841224	3,048752
27,360878	3,050709
26,860007	3,052665
27,648878	3,054296
28,002618	3,056578
27,561226	3,055926
27,996357	3,059187
27,783487	3,059187
27,958792	3,061796
28,271836	3,061796
28,331314	3,064404
29,101403	3,065056
29,542795	3,067013
29,060707	3,068317
29,189055	3,070274
29,348707	3,070274
29,439490	3,072556
29,339316	3,074839
29,627317	3,075817
29,699317	3,077448
30,018622	3,078426
30,353579	3,080709
30,600884	3,081361
30,713580	3,082991
30,647840	3,084296
30,954624	3,085274
31,352190	3,088535
31,746625	3,088535
31,264537	3,089839
31,374103	3,091143
32,122278	3,093100
32,225583	3,094078
32,341409	3,095709
33,124019	3,097665
32,663844	3,099622
32,986280	3,101252
33,346280	3,101578
33,518455	3,103535
33,969238	3,105491
33,596716	3,107774
34,081934	3,106796
34,185239	3,110709
34,877066	3,110709
35,111849	3,112665
34,877066	3,115274
35,327849	3,114948
35,055501	3,116904
34,889588	3,117556
35,684720	3,119187
35,932024	3,120817
35,794285	3,121796
36,029068	3,122448
35,584546	3,125383
35,916372	3,125709
35,349762	3,128317
36,088547	3,130274
36,323330	3,130926
36,805417	3,132230
36,292025	3,134839
36,241938	3,136470
35,781763	3,135817
35,822459	3,139404
35,903850	3,139078
35,296545	3,141035
34,830109	3,144296
35,246458	3,143644
35,042979	3,145274
33,850281	3,148209
33,637411	3,146904
33,098976	3,150491
32,754627	3,151144
31,768538	3,153426
31,408538	3,153752
30,744884	3,156035
30,528884	3,158317
30,197057	3,158644
29,182794	3,160600
28,503488	3,161252
28,228010	3,163535
26,781746	3,164187
25,983484	3,167448
25,889570	3,168100
25,560874	3,168752
24,602959	3,170057
23,939306	3,172991
23,369566	3,173970
22,831130	3,174622
22,082954	3,177883
21,672867	3,179187
21,228344	3,179187
20,833909	3,181144
20,095125	3,181796
19,769559	3,183426
19,274949	3,184078
19,065210	3,187665
18,291991	3,186361
18,498600	3,188970
17,878772	3,190274
18,029034	3,191578
17,402945	3,194513
16,789379	3,194187
16,013030	3,196144
16,642248	3,197774
16,423117	3,198426
15,624855	3,202339
14,904854	3,202665
14,670071	3,202991
14,213026	3,204296
15,045724	3,207883
15,737551	3,208861
14,848506	3,210491
13,796678	3,211470
13,997026	3,213752
14,097200	3,215383
13,596329	3,216035
13,267633	3,215709
12,694763	3,218318
12,970241	3,220926
12,732328	3,231361
11,883978	3,222557
12,115631	3,224839
12,719806	3,226144
12,215805	3,227122
12,143805	3,227448
11,539630	3,230057
11,389369	3,231687
11,505195	3,233970
11,267282	3,235274
10,994933	3,234622
11,229716	3,237883
11,245368	3,240165
10,656846	3,241144
11,001194	3,241796
10,578585	3,243426
10,237366	3,244078
10,334410	3,247665
10,140323	3,247992
9,877366	3,248970
9,739626	3,249948
10,299975	3,250600
9,842931	3,253209
9,539278	3,256144
9,608148	3,255818
9,335800	3,258100
9,338930	3,258752
9,119799	3,260383
8,935103	3,262992
9,708322	3,263318
8,762929	3,265274
8,374754	3,266579
10,353193	3,268209
9,229365	3,269839
8,459276	3,269839
8,008493	3,271796
6,966056	3,274079
8,118058	3,274731
8,055449	3,277339
7,632840	3,278318
8,155623	3,279296
8,703451	3,280926
8,108667	3,281905
7,823797	3,283535
8,146232	3,286470
7,917710	3,287448
7,341709	3,288100
7,970927	3,291361
7,369883	3,291361
6,991099	3,293970
7,507622	3,294622
7,385535	3,296252
7,488839	3,296252
7,297883	3,299187
7,297883	3,299839
7,388665	3,301144
6,987969	3,302448
7,016143	3,303426
6,934751	3,305383
6,843969	3,307013
6,105185	3,307339
7,520144	3,310600
6,656142	3,311253
6,637360	3,312883
6,399446	3,315166
6,574751	3,316796
6,458924	3,316796
6,706229	3,318426
6,797012	3,320383
6,646751	3,321687
6,449533	3,323318
6,455794	3,326253
6,152141	3,327883
6,690577	3,327231
6,305533	3,329513
6,365011	3,331470
6,584142	3,332448
5,638749	3,334079
6,509012	3,336361
6,402577	3,335383
5,995619	3,338318
6,061358	3,339622
6,327446	3,340926
5,751445	3,342557
6,048837	3,343209
6,011271	3,345492
5,043965	3,344840
5,228661	3,346470
6,211620	3,349731
6,487098	3,351361
5,735793	3,352013
5,435270	3,353970
6,471446	3,354296
5,691966	3,355600
5,682575	3,359187
5,407096	3,359513
6,020663	3,360492
5,626227	3,360818
5,807793	3,364079
5,150400	3,365383
5,619966	3,367666
5,795271	3,367992
5,604314	3,369948
5,945532	3,372231
5,613705	3,372557
5,353879	3,375492
5,331966	3,375818
5,322574	3,376144
5,494749	3,378753
5,150400	3,380709
4,655791	3,381035
5,363270	3,383644
5,003269	3,385274
4,993878	3,386579
5,676314	3,386905
5,482227	3,387883
5,469705	3,390818
5,338227	3,392448
5,732662	3,393427
5,031443	3,395383
4,971965	3,396035
5,322574	3,398318
5,798401	3,398644
5,360140	3,400274
5,331966	3,402231
5,626227	3,402883
4,755965	3,404840
5,084661	3,407448
4,940661	3,408101
4,718399	3,409079
5,231792	3,409405
5,663792	3,411361
4,461703	3,414296
4,881182	3,416253
5,053357	3,416579
4,971965	3,417231
4,467964	3,419514
5,156661	3,420166
4,906226	3,423753
4,646399	3,424405
5,137878	3,425057
5,347618	3,426361
4,298920	3,428644
4,978226	3,428970
5,225531	3,432557
5,150400	3,433861
5,219270	3,434840
5,225531	3,435818
4,649530	3,436796
5,200487	3,440057
4,502399	3,440057
4,361529	3,441688
4,831095	3,443644
5,069009	3,445275
4,903095	3,445927
4,899965	3,447231
5,285009	3,448861
5,112835	3,451144
5,219270	3,452122
4,486747	3,453427
4,543095	3,454405
5,488488	3,456035
4,298920	3,457014
4,158050	3,460275
4,652660	3,460927
4,555616	3,461905
5,119096	3,463862
5,178574	3,464840
4,774747	3,465492
4,633877	3,467775
4,687095	3,470057
4,856139	3,470709
5,573010	3,472992
4,774747	3,474622
4,696486	3,474622
4,759095	3,475275
5,106574	3,476905
4,909356	3,478535
4,073529	3,480166
4,696486	3,482775
4,289529	3,482449
4,511790	3,484731
4,467964	3,487666
4,367790	3,488644
3,942050	3,489622
4,430399	3,490275
4,693356	3,492557
4,674573	3,494840
4,893704	3,494840
5,341357	3,498101
4,518051	3,498101
4,699617	3,498427
5,056487	3,502666
4,796660	3,503970
4,693356	3,503644
4,148659	3,505927
3,904485	3,506579
4,245703	3,508209
4,270746	3,510492
4,067268	3,511470
5,554227	3,512122
5,419618	3,515057
4,154920	3,516362
4,386573	3,517014
4,349007	3,519296
5,203618	3,520601
4,646399	3,521905
4,637008	3,524514
4,849878	3,524514
4,865530	3,526470
4,446051	3,528101
4,571269	3,529405
4,514921	3,529079
4,549356	3,532340
4,771617	3,532666
4,239442	3,534949
4,853008	3,536905
4,674573	3,537883
4,536834	3,539840
4,755965	3,540166
4,596312	3,542123
4,079789	3,545057
4,264485	3,544405
4,709008	3,545383
4,455442	3,548970
4,837356	3,548644
4,909356	3,550601
4,558747	3,552883
4,615095	3,552883
4,377181	3,555166
4,574399	3,556470
4,693356	3,557123
4,330225	3,559079
4,352138	3,560710
4,668312	3,561688
4,561877	3,563644
4,568138	3,564623
4,715269	3,567231
4,349007	3,569514
4,796660	3,569840
4,721530	3,571144
4,392834	3,573101
5,078400	3,573753
4,183094	3,576036
4,646399	3,577340
4,577530	3,578318
4,133007	3,579297
4,471095	3,581905
4,749704	3,583210
4,787269	3,583536
5,159792	3,586470
4,599443	3,587123
4,928139	3,587449
4,192485	3,590057
4,164311	3,591362
4,518051	3,592014
5,050226	3,594949
4,583790	3,596253
4,508660	3,596905
5,407096	3,598536
4,355268	3,600818
4,768486	3,602449
4,493008	3,602123
4,781008	3,605710
4,997009	3,606362
4,743443	3,608318
4,577530	3,607992
4,649530	3,610601
4,430399	3,612557
4,868661	3,613536
4,718399	3,614840
4,489877	3,615818
4,677704	3,617449
4,586921	3,620057
5,012661	3,621036
4,640138	3,622666
4,571269	3,624297
4,493008	3,623644
3,566397	3,627231
5,228661	3,627231
5,438401	3,630166
4,455442	3,630492
4,671443	3,631797
4,136137	3,633753
5,087791	3,635710
4,518051	3,636036
4,990748	3,638318
4,687095	3,640275
4,709008	3,641253
4,142398	3,641579
5,134748	3,643862
4,943791	3,644840
5,454053	3,646797
4,280138	3,647123
4,521182	3,649731
5,069009	3,651036
5,147270	3,652666
5,175444	3,654297
4,937530	3,655275
5,069009	3,657558
4,834226	3,659188
5,037704	3,660818
4,918748	3,661144
5,056487	3,663753
5,147270	3,663101
4,590051	3,665710
4,740312	3,666036
5,006400	3,668318
4,718399	3,669297
5,072139	3,671579
4,987617	3,673862
4,812313	3,673862
5,234922	3,676145
4,718399	3,677449
5,009530	3,679405
5,513531	3,680058
4,752834	3,682014
5,200487	3,684297
4,984487	3,683971
4,981356	3,686253
5,122226	3,687232
5,310053	3,688536
5,122226	3,691145
5,310053	3,690818
4,621356	3,693427
4,899965	3,694079
5,203618	3,694732
4,912487	3,698318
5,363270	3,698971
5,641879	3,699623
5,159792	3,702558
4,815443	3,702884
4,818573	3,706145
5,228661	3,706145
5,535444	3,707123
5,497879	3,708753
5,920489	3,712014
5,763967	3,712014
5,657532	3,714297
4,834226	3,716579
5,313183	3,715927
5,194226	3,718536
5,209879	3,720166
5,187966	3,720166
4,514921	3,723101
5,989358	3,723753
5,598053	3,724732
5,526053	3,727340
5,278748	3,727992
5,632488	3,728971
5,018922	3,731253
4,818573	3,732232
5,801532	3,734840
5,313183	3,735819
5,106574	3,736471
4,633877	3,739406
6,396316	3,740384
5,573010	3,740710
5,986228	3,743319
5,798401	3,743971
5,253705	3,745275
5,582401	3,747558
5,338227	3,749514
5,247444	3,751145
5,400835	3,750492
5,253705	3,753427
5,497879	3,754079
5,807793	3,755710
5,501010	3,757993
5,109704	3,758319
5,363270	3,760601
5,391444	3,762884
5,726401	3,762232
5,998750	3,764840
6,221011	3,766797
4,997009	3,768753
5,472836	3,768753
5,989358	3,771362
5,009530	3,772993
5,450923	3,772340
6,058228	3,773971
6,255446	3,775601
4,543095	3,777558
5,870402	3,778536
5,854749	3,780166
5,463444	3,783427
5,331966	3,784406
6,033185	3,784732
5,939271	3,786362
5,369531	3,788319
5,795271	3,788971
5,460314	3,791580
5,482227	3,792232
5,244313	3,793862
5,770227	3,796471
5,347618	3,796145
5,632488	3,798753
5,970576	3,798101
6,083272	3,801036
6,621707	3,802014
5,591792	3,804623
6,033185	3,805927
5,685706	3,808536
5,454053	3,807884
5,538575	3,809840
5,798401	3,810493
6,374403	3,812775
5,898576	3,813427
5,820315	3,816362
5,735793	3,816362
5,911097	3,818971
5,773358	3,820927
5,895445	3,821580
6,045706	3,822232
6,086402	3,823862
5,870402	3,824840
6,073880	3,827123
5,954923	3,829732
6,120837	3,830384
6,286750	3,832014
5,823445	3,832340
5,720140	3,833645
6,083272	3,836580
6,098924	3,836906
5,948663	3,838862
5,951793	3,841145
5,970576	3,842775
5,936141	3,844406
6,001880	3,845710
6,505881	3,847014
6,221011	3,847014
5,660662	3,849623
5,472836	3,849949
6,415098	3,852232
6,975447	3,853210
6,399446	3,854514
5,845358	3,857449
5,889184	3,858101
6,023793	3,859732
6,048837	3,862014
6,324316	3,861688
6,581012	3,864297
6,822056	3,864949
6,055098	3,865275
6,199098	3,867884
5,704488	3,867884
5,729532	3,869514
7,009882	3,873428
6,077011	3,873101
6,048837	3,876036
6,001880	3,877014
6,339968	3,879623
6,346229	3,880601
6,343098	3,882232
6,458924	3,883210
6,518403	3,884514
6,277359	3,886145
6,127098	3,887449
6,590403	3,887775
6,502751	3,890710
6,177185	3,890710
6,355620	3,893971
6,111446	3,894623
6,399446	3,895601
6,609186	3,897232
6,239794	3,899188
6,152141	3,899841
6,530925	3,899841
6,177185	3,903101
6,571620	3,904406
6,781360	3,905710
6,684316	3,906362
6,822056	3,908645
6,505881	3,910601
6,753186	3,912232
6,568490	3,913210
6,537185	3,914841
6,505881	3,916471
7,088143	3,918102
6,712490	3,920058
6,640490	3,920058
6,405707	3,921362
6,477707	3,922667
6,458924	3,924623
6,637360	3,925602
6,490229	3,927232
6,264837	3,928536
6,612316	3,930493
7,182056	3,932449
7,047447	3,933754
6,615446	3,935710
6,746925	3,936036
6,809534	3,937015
6,349359	3,938319
6,033185	3,939949
7,441883	3,940275
7,266578	3,942558
7,717362	3,945493
7,153882	3,946471
6,956665	3,947449
6,825186	3,949406
6,853360	3,951362
6,731273	3,952993
7,275970	3,954949
6,731273	3,953319
5,679445	3,955602
6,252315	3,957232
6,878404	3,959515
7,247796	3,962123
6,305533	3,961797
6,271098	3,965384
7,388665	3,965058
7,066230	3,966362
6,962925	3,967993
7,113187	3,969623
7,000491	3,972232
6,950404	3,973210
6,765708	3,974189
7,326057	3,975493
7,197708	3,976797
6,374403	3,978754
7,091273	3,979406
6,997360	3,981036
6,872143	3,982993
7,106926	3,984623
7,013012	3,985928
6,931621	3,986906
7,222752	3,987884
6,721881	3,990493
6,734403	3,993102
6,809534	3,993428
6,812664	3,995384
7,009882	3,996363
6,862751	3,996689
7,085013	4,000276
7,188317	4,002232
6,624838	4,002558
6,756316	4,002884
6,731273	4,004189
6,887795	4,006145
7,169535	4,008428
7,241535	4,008754
7,178926	4,010710
6,161533	4,011363
6,358750	4,012993
7,485709	4,013971
7,542057	4,015602
6,906577	4,019515
7,056839	4,020493
7,285361	4,020167
7,128839	4,022776
7,880145	4,024732
6,837708	4,026363
6,972317	4,026689
7,022404	4,027341
6,737534	4,030276
7,657883	4,031580
7,338578	4,033537
7,194578	4,033863
7,160143	4,035819
7,291622	4,037450
7,260317	4,038754
7,282230	4,039406
7,513883	4,041689
7,488839	4,043971
7,623448	4,045276
7,006752	4,046580
6,984839	4,047232
7,435622	4,048537
7,513883	4,050167
7,667275	4,052450
7,698579	4,052776
7,714231	4,053428
7,473187	4,056037
7,623448	4,057993
7,523274	4,058645
7,182056	4,059624
7,667275	4,062232
7,216491	4,063863
7,526405	4,063537
7,620318	4,065493
7,758057	4,067124
8,089884	4,069732
7,517013	4,070710
7,066230	4,071689
7,232143	4,074624
7,491970	4,073971
8,030406	4,075928
7,958406	4,078211
7,751797	4,079841
7,889536	4,079515
7,723623	4,081797
7,316665	4,083754
7,498231	4,085711
7,601535	4,086689
6,596664	4,087993
8,017884	4,088971
8,374754	4,090602
7,789362	4,092558
7,632840	4,094189
7,664144	4,095167
7,479448	4,096798
7,733014	4,098102
8,139971	4,100058
7,238404	4,102015
7,457535	4,102667
8,033536	4,104624
7,923971	4,105928
8,186928	4,106580
7,629709	4,107558
7,567100	4,110493
7,764318	4,110819
7,758057	4,113102
8,252667	4,114080
8,133710	4,116037
8,202580	4,117341
7,714231	4,118971
8,437363	4,120276
8,337189	4,121254
8,634581	4,122232
8,384146	4,125493
8,193189	4,127124
8,183797	4,126471
7,723623	4,129732
7,961536	4,129732
8,180667	4,132667
7,986580	4,133319
8,499972	4,134950
9,154234	4,136254
7,535796	4,138211
7,579622	4,139841
8,546928	4,139515
8,834929	4,141145
8,625189	4,143428
8,706581	4,145711
7,642231	4,146689
8,146232	4,146689
9,029016	4,149624
8,700320	4,150928
8,766059	4,152232
8,762929	4,154841
8,362232	4,154515
8,618929	4,157450
9,088495	4,158428
8,994581	4,159080
8,218232	4,161037
8,737885	4,162667
9,010234	4,163319
8,935103	4,164950
8,753538	4,166254
8,950755	4,168863
8,750407	4,169189
8,859973	4,171472
8,681537	4,173102
9,122930	4,174080
8,925712	4,176363
9,119799	4,176363
9,104147	4,178319
9,279452	4,180276
9,085364	4,181580
9,204321	4,182885
8,102406	4,184189
8,831799	4,184515
9,332669	4,187124
8,725364	4,187776
9,219973	4,190059
9,626931	4,192341
9,273191	4,193646
8,816146	4,193646
8,478059	4,196906
9,163625	4,197559
9,558061	4,199189
9,579974	4,198537
9,079103	4,202450
9,539278	4,202450
9,614409	4,204080
9,248147	4,205385
9,198060	4,207341
9,260669	4,208319
9,032147	4,208646
9,517365	4,211580
9,338930	4,213537
9,442235	4,215167
8,675277	4,217450
9,626931	4,217450
9,514235	4,219406
10,544150	4,219406
10,005714	4,221689
9,426582	4,223319
9,730235	4,223646
10,052670	4,226254
9,789713	4,226580
9,852322	4,229189
10,027627	4,231146
9,564322	4,230820
9,980670	4,234080
10,093366	4,234406
9,943105	4,237667
10,115279	4,237667
9,889888	4,239298
10,791455	4,240276
9,683278	4,242559
10,675628	4,243211
10,500324	4,243863
10,544150	4,246798
10,018236	4,247124
10,625541	4,249733
10,437715	4,251689
10,509715	4,252341
11,229716	4,253972
11,724326	4,256580
10,281193	4,256254
10,087105	4,257559
9,921192	4,261146
10,434584	4,261146
10,941716	4,262450
10,929194	4,263428
11,354934	4,265711
11,448847	4,266363
10,832150	4,268646
10,262410	4,270276
10,572324	4,270276
11,423804	4,271254
11,135803	4,274189
10,922933	4,275167
11,195281	4,276798
11,865196	4,278102
10,710063	4,280059
11,783804	4,282015
12,272153	4,281689
11,060672	4,283646
11,915283	4,285276
10,782063	4,287559
11,395630	4,289515
11,204673	4,289189
11,962239	4,290820
11,718065	4,293428
10,844672	4,295385
11,768152	4,296363
11,336151	4,297015
12,150066	4,299298
12,234588	4,301254
11,286064	4,301581
12,331631	4,303537
11,539630	4,304189
11,658587	4,306798
11,880848	4,308754
12,040500	4,310385
12,356675	4,310711
11,461369	4,311363
12,638415	4,314298
11,974761	4,316581
12,162588	4,316581
12,773024	4,317233
12,068674	4,319841
13,001546	4,319841
12,206414	4,323428
12,391110	4,324081
12,447458	4,325059
12,732328	4,327015
12,951459	4,328320
13,139285	4,329950
13,411633	4,331581
13,126763	4,331907
12,619632	4,334189
13,026589	4,334515
12,506936	4,336472
12,575806	4,338754
13,727808	4,339081
13,461720	4,341363
13,649547	4,343972
13,524329	4,343972
14,917375	4,345928
13,521199	4,348211
13,937547	4,347233
13,799808	4,349515
14,065896	4,352124
14,350766	4,353755
13,812330	4,354407
14,266244	4,356689
13,674590	4,358320
13,424155	4,358646
14,917375	4,360602
14,810940	4,360928
13,514938	4,362233
14,075287	4,365168
12,131283	4,365820
12,788676	4,368755
14,112852	4,369733
16,808162	4,371037
15,552855	4,372668
14,623114	4,372668
15,149028	4,374950
14,958071	4,377233
14,012678	4,378537
14,717027	4,380168
14,529201	4,380820
14,701375	4,381146
13,633895	4,383102
14,635636	4,386037
14,691984	4,387342
14,760853	4,387994
14,303809	4,389624
14,137896	4,391255
14,623114	4,393537
14,347635	4,392233
15,102071	4,395820
14,751462	4,396146
14,535462	4,398102
14,247461	4,400059
14,191113	4,400711
14,303809	4,401689
14,882941	4,403646
14,735810	4,406581
14,566766	4,407233
15,139637	4,408211
14,989376	4,410494
15,130245	4,412124
14,654418	4,413102
14,297548	4,413429
15,011289	4,415385
14,062765	4,416037
15,130245	4,419298
15,089550	4,420276
15,136506	4,421907
15,865899	4,423211
15,008158	4,424842
15,211637	4,425494
15,750073	4,427450
14,726419	4,429081
15,418246	4,430711
15,699986	4,431363
15,383811	4,432668
15,809551	4,433972
15,715638	4,434950
15,408855	4,435929
16,078769	4,438537
16,116334	4,440494
15,671812	4,440820
15,825203	4,443103
16,125726	4,444407
16,050595	4,447016
15,987986	4,447668
15,887812	4,449624
16,657901	4,451907
16,689205	4,451907
15,837725	4,454189
16,166421	4,454516
16,726770	4,456798
16,620335	4,457450
16,182074	4,458429
16,682944	4,460385
16,266595	4,461037
16,792509	4,463646
17,305902	4,465276
16,817553	4,467233
17,205728	4,468863
17,271467	4,470168
16,726770	4,471798
17,640859	4,473103
17,055467	4,473103
16,776857	4,475059
16,867640	4,476690
17,283989	4,478646
16,576509	4,479624
16,250943	4,481255
16,398074	4,482559
16,939640	4,484190
17,093032	4,484190
17,058597	4,486146
16,933379	4,487450
16,610944	4,490385
16,855118	4,491690
16,441900	4,493320
16,498248	4,492994
16,729901	4,496255
16,726770	4,496255
16,592161	4,499190
17,030423	4,500820
16,720509	4,500494
16,598422	4,503103
16,144508	4,505059
16,617205	4,507016
17,177554	4,507342
16,808162	4,507342
17,152510	4,511255
16,501379	4,511907
16,808162	4,512559
17,014771	4,515168
16,745553	4,515820
17,030423	4,516146
16,864510	4,518429
16,933379	4,520711
17,431119	4,522342
17,039814	4,524298
17,014771	4,523320
17,196336	4,526255
17,246423	4,528211
17,121206	4,528537
16,977206	4,530168
17,565728	4,531472
17,352858	4,532777
17,161902	4,535059
17,052336	4,537342
18,091642	4,537342
17,859990	4,538320
17,653381	4,540277
17,431119	4,541255
17,640859	4,542559
17,640859	4,545168
17,625207	4,546472
18,016512	4,547451
17,794251	4,549733
17,991468	4,551690
17,703468	4,551690
17,866251	4,552668
18,241904	4,555603
18,817905	4,556581
18,301382	4,558538
18,169903	4,558211
18,079121	4,561146
17,941381	4,563103
18,210599	4,563429
18,147990	4,566038
18,323295	4,567342
17,853729	4,568972
17,775468	4,569624
18,342078	4,572233
18,833557	4,572233
18,313904	4,574190
17,891294	4,576146
17,772337	4,576472
17,612685	4,578755
17,127467	4,579081
17,168162	4,582016
16,911466	4,582668
17,190075	4,583646
16,814423	4,585603
16,726770	4,586581
16,848857	4,588211
16,197726	4,590820
15,743812	4,591798
15,925377	4,593103
15,756334	4,595059
15,230420	4,596038
15,255463	4,596690
15,008158	4,599298
15,089550	4,599951
14,200505	4,602559
13,978243	4,603212
14,350766	4,604516
13,893721	4,607777
14,178591	4,607451
13,374068	4,609081
13,580677	4,610712
13,931287	4,611364
13,442938	4,613320
13,079807	4,614298
13,493025	4,616581
13,032850	4,618538
12,588328	4,619190
13,092328	4,621146
12,688502	4,621472
12,735458	4,623755
12,563284	4,624407
12,810589	4,627994
12,478762	4,628646
12,347284	4,629625
12,294066	4,631581
12,300327	4,631907
12,096848	4,634516
11,899631	4,635168
12,434936	4,637125
11,912152	4,638103
11,614760	4,640386
11,865196	4,640386
11,483282	4,642994
11,564673	4,644625
11,436325	4,645929
11,937196	4,646907
12,056153	4,647233
12,056153	4,650494
11,458238	4,651146
11,624152	4,653755
11,674239	4,653429
11,389369	4,656690
11,182760	4,656690
11,113890	4,658972
11,611630	4,660929
10,879107	4,660929
11,016846	4,662233
11,348673	4,664842
11,013716	4,665168
10,960498	4,668103
10,951107	4,668755
11,001194	4,670712
10,778933	4,671038
10,187279	4,673973
10,490932	4,674625
10,716324	4,674625
10,331280	4,676907
10,312497	4,677886
9,974409	4,680820
10,462758	4,681799
9,977540	4,683103
10,478410	4,685712
10,005714	4,686364
9,821018	4,687016
10,465889	4,688973
9,439104	4,691581
9,188669	4,692886
9,219973	4,693212
9,332669	4,694190
8,859973	4,696146
8,784842	4,697451
8,650233	4,699733
8,719103	4,701690
8,233884	4,701690
8,531276	4,705603
8,384146	4,705929
8,215102	4,706581
8,293363	4,709516
7,886405	4,709190
8,283971	4,711147
7,617188	4,713103
7,576492	4,713103
7,604666	4,715712
7,147621	4,717016
7,557709	4,718647
7,545187	4,720277
6,928491	4,720929
7,122578	4,722886
6,862751	4,724190
6,847099	4,725820
6,994230	4,727451
6,437011	4,729081
6,790751	4,729407
6,465185	4,732668
6,302402	4,732668
6,762577	4,733973
6,568490	4,737234
6,440142	4,739190
6,631099	4,738538
6,405707	4,741473
6,258576	4,740494
6,083272	4,741799
6,274228	4,744734
5,742054	4,746364
6,217881	4,746690
6,064489	4,749299
6,584142	4,751581
5,904836	4,751581
5,942402	4,752234
6,114576	4,755494
5,798401	4,757125
5,679445	4,756799
5,745184	4,759081
6,023793	4,761038
5,551097	4,761364
5,084661	4,762668
5,729532	4,765277
5,626227	4,767560
5,069009	4,767886
5,604314	4,769842
5,657532	4,771147
5,479096	4,772777
5,050226	4,773429
5,382053	4,774407
5,275618	4,776038
5,378922	4,778973
5,159792	4,778973
5,435270	4,782560
5,285009	4,783864
5,422749	4,783864
5,141009	4,784842
5,263096	4,786473
4,856139	4,787451
5,187966	4,790386
5,053357	4,790712
4,978226	4,792994
4,508660	4,793647
5,022052	4,794951
4,777878	4,797234
5,482227	4,798538
5,244313	4,799842
4,984487	4,800168
4,856139	4,802125
4,643269	4,804081
4,702747	4,804734
4,649530	4,806038
4,768486	4,807668
4,840487	4,810929
4,821704	4,810929
5,056487	4,813864
4,530573	4,814842
4,884313	4,815168
4,737182	4,816799
4,380312	4,817451
4,555616	4,820386
4,812313	4,822016
4,627617	4,822995
4,987617	4,825929
4,436660	4,827234
4,903095	4,826908
4,824834	4,829842
4,552486	4,831473
4,561877	4,831799
4,721530	4,834082
4,236312	4,835386
4,668312	4,837016
4,518051	4,838321
4,514921	4,838973
4,261355	4,838973
4,749704	4,841908
4,427268	4,843538
4,333355	4,845495
4,712139	4,846799
4,226920	4,849408
4,480486	4,850386
4,173703	4,850712
4,471095	4,852016
4,211268	4,853321
4,655791	4,855603
4,558747	4,856255
4,436660	4,857886
4,355268	4,859190
4,392834	4,861799
4,405355	4,863103
4,611964	4,864408
4,195616	4,866364
3,757354	4,866364
4,530573	4,868321
4,305181	4,870603
4,637008	4,870929
4,539964	4,871908
3,535093	4,875495
4,142398	4,877125
4,142398	4,878429
4,583790	4,878429
4,668312	4,881038
4,242572	4,882669
4,302051	4,882995
4,489877	4,883973
4,402225	4,885603
3,932659	4,886582
3,973354	4,889190
4,474225	4,889843
4,477355	4,890821
4,117355	4,892125
4,057876	4,894408
4,161181	4,895060
4,201877	4,897016
4,201877	4,897995
4,292659	4,899625
4,330225	4,901582
4,245703	4,902886
4,596312	4,904516
4,123616	4,907125
3,885702	4,907777
3,935789	4,909734
4,023442	4,910712
4,211268	4,911364
4,555616	4,913973
3,882572	4,913647
4,339616	4,914625
4,035963	4,916582
4,123616	4,918538
4,186224	4,921473
4,333355	4,921147
3,898224	4,923756
4,342746	4,924734
4,370920	4,925712
4,405355	4,928321
3,710397	4,928647
4,179964	4,930603
4,277007	4,932234
4,796660	4,932886
4,164311	4,935821
4,195616	4,937451
4,477355	4,937451
4,070398	4,939082
3,647789	4,942669
3,826224	4,941364
4,264485	4,943647
4,308312	4,945277
4,565008	4,946582
4,292659	4,949190
3,967094	4,950495
4,129877	4,951147
4,486747	4,952451
4,305181	4,953756
4,136137	4,955060
4,136137	4,957669
3,644658	4,958647
4,120485	4,959951
4,064137	4,961256
4,436660	4,963538
4,317703	4,963538
4,158050	4,964517
4,010920	4,968104
4,302051	4,968756
4,189355	4,970712
4,101703	4,971690
4,117355	4,973973
3,913876	4,974299
4,035963	4,974951
3,982746	4,979191
4,255094	4,980495
4,205007	4,980169
4,258225	4,981147
3,450571	4,982777
3,838746	4,983756
4,565008	4,986691
4,057876	4,987995
4,311442	4,988973
4,020311	4,990604
4,233181	4,991908
4,126746	4,994191
3,732311	4,994843
3,794919	4,995169
4,035963	4,997125
4,796660	4,999408
4,683965	5,000712
4,248833	5,002995
4,039094	5,002017
4,574399	5,004299
3,951441	5,007886
3,854398	5,008212
4,493008	5,009517
4,486747	5,010495
4,330225	5,013430
4,330225	5,013430
4,230051	5,014408
4,211268	5,016691
4,111094	5,017669
4,618225	5,020930
4,158050	5,020278
4,302051	5,021908
4,421008	5,024843
4,251964	5,026473
4,392834	5,026147
4,026572	5,028430
4,511790	5,030386
4,173703	5,031691
