-2,633196	0,987552
-2,320151	0,987878
-2,372325	0,986574
-2,173412	0,987226
-2,245151	0,987226
-2,812544	0,987878
-2,528848	0,988857
-2,561456	0,991792
-2,222325	0,992118
-2,581022	0,992444
-2,734283	0,995052
-2,594065	0,996357
-2,183195	0,998313
-3,119066	0,999944
-2,356021	1,001900
-1,909281	1,003857
-2,571239	1,003531
-2,212543	1,005487
-2,587543	1,007444
-2,476673	1,009400
-2,284282	1,008748
-2,307108	1,010705
-2,000586	1,013313
-2,479934	1,013313
-2,457108	1,015270
-2,003847	1,017552
-2,095151	1,018205
-2,222325	1,021792
-2,486456	1,022118
-2,427760	1,022444
-2,362543	1,025052
-2,483195	1,025379
-2,538630	1,027009
-2,492978	1,028313
-2,535369	1,031900
-2,541891	1,032879
-2,225586	1,034835
-2,121238	1,034509
-2,538630	1,036466
-2,121238	1,036792
-2,431021	1,038422
-2,447326	1,041357
-2,633196	1,042009
-2,300586	1,044292
-2,444065	1,045270
-2,264717	1,045270
-2,238630	1,048205
-2,486456	1,050487
-2,153847	1,050813
-2,098412	1,051792
-2,297325	1,054074
-2,499500	1,055053
-2,597326	1,057661
-2,183195	1,059618
-2,607109	1,059618
-2,206021	1,061248
-2,401673	1,063531
-2,447326	1,065161
-2,535369	1,066140
-2,323412	1,068422
-2,362543	1,067444
-2,629935	1,069074
-2,222325	1,072009
-2,659283	1,073640
-2,571239	1,073966
-2,042977	1,075596
-2,356021	1,077553
-2,512543	1,078531
-2,541891	1,081466
-2,349499	1,083422
-2,607109	1,084074
-2,466891	1,085379
-2,329934	1,085379
-2,362543	1,088966
-2,447326	1,088966
-2,597326	1,091574
-2,281021	1,092879
-2,173412	1,093205
-2,088629	1,094509
-2,170151	1,096466
-2,160369	1,098096
-2,238630	1,100379
-2,457108	1,099727
-2,678848	1,103314
-2,173412	1,104618
-2,665804	1,105922
-2,356021	1,106248
-2,290804	1,108205
-2,281021	1,108857
-2,404934	1,113096
-2,284282	1,114074
-2,492978	1,114074
-2,825587	1,116031
-2,783196	1,117335
-2,303847	1,118640
-2,095151	1,119618
-2,251673	1,121248
-2,192977	1,122553
-2,385369	1,125487
-2,538630	1,126466
-2,607109	1,127118
-2,701674	1,130053
-2,884283	1,129727
-2,372325	1,131683
-2,486456	1,134292
-1,853846	1,134292
-2,528848	1,135922
-2,179934	1,138531
-2,375586	1,140161
-2,460369	1,140161
-2,127760	1,141792
-2,277760	1,144401
-2,222325	1,143422
-2,033194	1,147009
-2,369065	1,147988
-2,607109	1,148314
-2,688630	1,150922
-2,140803	1,153857
-2,672326	1,154183
-2,238630	1,154835
-2,166890	1,156792
-2,036455	1,157118
-1,909281	1,160053
-2,199499	1,160379
-2,329934	1,162335
-2,339717	1,164292
-2,457108	1,163640
-2,457108	1,166248
-2,274499	1,167879
-2,466891	1,170488
-2,274499	1,171792
-2,284282	1,173422
-2,629935	1,172770
-2,267977	1,174075
-2,170151	1,176357
-2,303847	1,177988
-2,284282	1,178640
-2,408195	1,181901
-2,238630	1,182879
-2,121238	1,185161
-1,866890	1,185161
-2,411456	1,186466
-2,365804	1,189075
-2,362543	1,190705
-2,417978	1,191357
-2,290804	1,192009
-2,166890	1,194944
-2,131021	1,196901
-1,984281	1,197879
-1,879933	1,198205
-2,199499	1,199509
-1,788629	1,201792
-1,716889	1,201792
-2,108195	1,205379
-2,215803	1,206031
-2,225586	1,208314
-1,994064	1,208314
-2,033194	1,212227
-1,798411	1,212227
-2,398412	1,212553
-2,170151	1,213205
-1,860368	1,216466
-1,742976	1,218096
-2,131021	1,220053
-1,625585	1,221031
-1,645150	1,222335
-1,951672	1,222988
-1,984281	1,226575
-2,232108	1,227879
-2,147325	1,228531
-1,521237	1,227879
-1,990803	1,230162
-2,326673	1,233422
-2,466891	1,234401
-1,961455	1,236031
-2,202760	1,236031
-2,238630	1,238314
-1,824498	1,238640
-2,346238	1,240270
-2,108195	1,242553
-1,987542	1,244509
-1,922325	1,245162
-1,860368	1,246140
-1,645150	1,249075
-1,866890	1,249401
-2,091890	1,250379
-2,026673	1,253966
-2,046238	1,253966
-2,111455	1,256575
-2,183195	1,256901
-2,261456	1,258531
-1,446237	1,261140
-1,739716	1,261140
-2,241890	1,263096
-1,739716	1,264401
-1,951672	1,265705
-1,508193	1,268640
-1,804933	1,268966
-1,716889	1,271575
-1,964716	1,270923
-2,013629	1,272227
-1,889716	1,273857
-1,831020	1,275162
-1,834281	1,278423
-2,248412	1,280053
-1,814716	1,282009
-1,896238	1,282336
-2,049499	1,283966
-1,749498	1,285270
-1,762542	1,286249
-2,473413	1,288531
-1,547324	1,288857
-1,821237	1,291792
-2,313630	1,291792
-1,720150	1,293423
-1,808194	1,295705
-1,958194	1,297336
-1,850585	1,297336
-1,459280	1,299618
-1,684281	1,301575
-1,795150	1,301901
-1,270149	1,303205
-1,641889	1,304836
-1,674498	1,307118
-1,935368	1,309075
-1,879933	1,309401
-1,517976	1,311683
-1,677759	1,312988
-1,377758	1,314292
-1,521237	1,315270
-1,645150	1,317879
-1,482106	1,319183
-1,769063	1,319510
-1,671237	1,322444
-2,052760	1,321792
-2,199499	1,324075
-1,742976	1,327010
-1,876672	1,326683
-1,374497	1,329618
-1,645150	1,330923
-1,638628	1,332227
-1,697324	1,332553
-1,749498	1,335162
-1,909281	1,336140
-2,117977	1,338097
-2,042977	1,339401
-1,896238	1,340705
-2,147325	1,342662
-1,739716	1,343966
-1,746237	1,345923
-2,176673	1,347553
-2,016890	1,347227
-1,488628	1,349184
-2,114716	1,349836
-1,821237	1,353097
-1,762542	1,353097
-1,977759	1,355379
-1,729933	1,358314
-1,632107	1,358314
-1,928846	1,359292
-2,049499	1,360271
-1,765803	1,363531
-1,863629	1,364184
-1,984281	1,364836
-1,971238	1,367771
-2,117977	1,369075
-1,941890	1,368749
-2,033194	1,370705
-1,879933	1,373640
-1,749498	1,374618
-1,919064	1,376575
-1,899498	1,375923
-1,919064	1,377227
-2,212543	1,380488
-1,902759	1,381792
-1,720150	1,382444
-1,804933	1,383423
-1,726672	1,387010
-2,395152	1,386358
-1,821237	1,389618
-1,883194	1,389618
-1,909281	1,391901
-1,697324	1,393531
-1,573411	1,393531
-1,762542	1,395162
-1,720150	1,398097
-1,694063	1,398097
-1,697324	1,402336
-1,948412	1,402336
-1,387541	1,403314
-1,687542	1,403640
-1,456019	1,404618
-1,260367	1,407553
-1,129932	1,408205
-1,651672	1,409836
-1,609281	1,413097
-1,296236	1,414075
-1,501672	1,415379
-1,563628	1,415705
-1,684281	1,416684
-1,592976	1,419292
-1,514715	1,421249
-1,785368	1,422227
-1,599498	1,423205
-1,221236	1,426140
-1,547324	1,427118
-1,446237	1,429727
-1,403845	1,430379
-1,870151	1,430705
-1,123410	1,432010
-1,938629	1,434618
-1,697324	1,434945
-1,801672	1,436575
-2,075586	1,438858
-1,654933	1,440814
-1,729933	1,440488
-1,684281	1,443097
-1,974499	1,443749
-1,860368	1,444401
-1,860368	1,446358
-1,863629	1,449619
-2,212543	1,450597
-2,267977	1,451575
-1,788629	1,452879
-1,785368	1,453858
-1,756020	1,455162
-1,961455	1,457119
-2,049499	1,458749
-1,932107	1,460705
-2,059281	1,461032
-1,922325	1,463966
-2,010368	1,464292
-1,628846	1,467227
-1,967977	1,465597
-1,694063	1,469184
-1,765803	1,469510
-1,703846	1,472119
-2,277760	1,473097
-1,765803	1,474075
-2,013629	1,476358
-1,739716	1,477662
-1,876672	1,478314
-2,258195	1,480271
-1,371237	1,482227
-1,625585	1,483532
-1,853846	1,483532
-1,834281	1,486140
-1,954933	1,486792
-1,915803	1,490379
-1,759281	1,489727
-1,553846	1,493314
-1,866890	1,493966
-1,967977	1,494619
-1,964716	1,497553
-1,635368	1,497553
-1,159280	1,499184
-1,782107	1,499836
-1,697324	1,503423
-1,742976	1,503097
-1,377758	1,505706
-1,325584	1,505706
-1,139714	1,507336
-1,413628	1,509619
-0,908192	1,510597
-1,159280	1,514184
-1,390802	1,513532
-0,706018	1,514510
-1,576672	1,517119
-1,175584	1,517771
-1,041888	1,520380
-1,074497	1,521358
-1,087540	1,523640
-0,794062	1,525597
-0,983192	1,526575
-1,038627	1,526901
-1,214715	1,528858
-1,517976	1,529836
-1,247323	1,531140
-1,948412	1,532445
-1,651672	1,535706
-1,521237	1,536684
-2,342978	1,536684
-2,271238	1,537988
-2,007107	1,540923
-1,994064	1,541575
-1,821237	1,543858
-2,320151	1,546140
-2,160369	1,546467
-2,434282	1,547445
-2,085368	1,548749
-2,294064	1,549401
-2,339717	1,551684
-2,326673	1,553640
-2,016890	1,553640
-2,600587	1,555271
-2,232108	1,558858
-2,567978	1,558206
-2,352760	1,560814
-2,294064	1,560814
-2,232108	1,564401
-2,346238	1,564727
-2,434282	1,567010
-2,303847	1,568967
-2,548413	1,569619
-1,870151	1,570271
-2,290804	1,571249
-1,994064	1,573532
-2,352760	1,574184
-2,362543	1,576140
-2,016890	1,578423
-2,235369	1,578423
-2,287543	1,581684
-2,382108	1,581684
-2,346238	1,583967
-2,202760	1,585923
-1,899498	1,585923
-2,192977	1,589184
-2,401673	1,590162
-2,342978	1,592445
-2,013629	1,592445
-2,114716	1,593749
-1,775585	1,594727
-2,065803	1,597010
-1,886455	1,599293
-1,700585	1,600271
-1,977759	1,601249
-1,720150	1,602554
-1,928846	1,603206
-1,906020	1,605488
-1,788629	1,607771
-1,811455	1,608097
-1,566889	1,609075
-1,367976	1,611358
-1,436454	1,612988
-1,648411	1,614619
-1,250584	1,616249
-1,866890	1,616575
-1,348410	1,619184
-1,312541	1,619836
-1,283193	1,622445
-1,341889	1,622771
-1,498411	1,624075
-1,400584	1,627010
-1,475585	1,627336
-1,456019	1,627988
-1,912542	1,631249
-1,694063	1,632880
-1,495150	1,633532
-1,677759	1,634510
-1,834281	1,635815
-1,967977	1,638423
-1,964716	1,641032
-1,990803	1,640706
-2,049499	1,642988
-2,512543	1,643315
-1,941890	1,645597
-1,886455	1,645597
-2,117977	1,648858
-2,434282	1,648206
-2,479934	1,650162
-1,772324	1,653097
-2,219064	1,652771
-2,336456	1,656684
-2,597326	1,656684
-1,847324	1,659293
-2,202760	1,659293
-2,046238	1,662554
-2,277760	1,663532
-2,029934	1,664510
-2,261456	1,664836
-2,189716	1,665488
-2,466891	1,667445
-2,473413	1,669402
-2,196238	1,671358
-2,616891	1,672989
-2,603848	1,673967
-1,964716	1,676575
-2,577761	1,678206
-2,408195	1,677880
-2,251673	1,681141
-2,248412	1,681467
-2,196238	1,683749
-2,476673	1,683423
-2,267977	1,687010
-2,600587	1,687662
-2,391891	1,689619
-2,434282	1,690597
-2,388630	1,691249
-1,928846	1,694836
-1,928846	1,695162
-1,928846	1,696793
-2,450586	1,699076
-2,144064	1,698423
-2,414717	1,699728
-1,935368	1,702662
-2,049499	1,704293
-2,026673	1,704619
-1,824498	1,706576
-1,892977	1,708858
-2,290804	1,707880
-1,703846	1,710162
-1,726672	1,712445
-1,801672	1,712771
-2,222325	1,715706
-2,173412	1,717336
-1,599498	1,716684
-1,837542	1,718967
-1,716889	1,719293
-2,013629	1,721576
-2,225586	1,724510
-2,085368	1,725163
-1,909281	1,727771
-2,199499	1,727119
-2,114716	1,729076
-2,042977	1,732010
-1,814716	1,731684
-2,238630	1,734619
-2,049499	1,735271
-2,349499	1,736902
-2,258195	1,738532
-2,176673	1,740489
-2,173412	1,742119
-2,310369	1,741141
-1,710368	1,744402
-2,088629	1,745054
-2,303847	1,746358
-2,509282	1,749619
-2,401673	1,749293
-2,447326	1,751902
-2,166890	1,753532
-2,121238	1,754836
-2,333195	1,756141
-2,359282	1,757771
-2,450586	1,760380
-2,479934	1,759076
-2,026673	1,761684
-1,994064	1,763641
-2,362543	1,763315
-2,587543	1,767228
-2,228847	1,767554
-2,264717	1,770163
-2,281021	1,770489
-2,457108	1,771141
-2,600587	1,771793
-2,313630	1,775054
-2,095151	1,775706
-1,964716	1,778641
-2,473413	1,778641
-2,000586	1,779619
-2,349499	1,780923
-2,492978	1,782554
-1,951672	1,785489
-2,215803	1,785815
-2,147325	1,788424
-1,909281	1,790054
-2,297325	1,791684
-1,932107	1,792337
-2,127760	1,793315
-1,932107	1,794619
-2,131021	1,796576
-1,896238	1,798532
-1,958194	1,799184
-2,222325	1,800489
-1,632107	1,801141
-1,726672	1,803424
-1,994064	1,804076
-1,756020	1,805706
-1,844064	1,808315
-1,677759	1,808315
-1,681020	1,812228
-1,332106	1,812880
-1,364715	1,815163
-1,413628	1,816793
-1,156019	1,816793
-0,816888	1,819076
-1,006019	1,820706
-1,358193	1,821684
-1,012540	1,823641
-1,058193	1,824619
-0,898410	1,825924
-1,423411	1,826250
-1,527759	1,829511
-1,407106	1,830815
-1,142975	1,830489
-1,658194	1,834076
-1,651672	1,834728
-1,074497	1,836032
-1,837542	1,838315
-1,729933	1,838315
-1,984281	1,839293
-2,033194	1,840924
-2,082108	1,843532
-1,821237	1,844511
-2,271238	1,846467
-2,254934	1,846467
-2,225586	1,849402
-2,294064	1,851358
-2,356021	1,851032
-2,378847	1,853967
-2,124499	1,853967
-2,095151	1,855598
-2,300586	1,859185
-2,391891	1,858206
-2,196238	1,860163
-1,974499	1,861141
-1,954933	1,863424
-2,238630	1,865380
-2,310369	1,865706
-2,206021	1,867011
-2,372325	1,868967
-2,313630	1,871576
-2,685370	1,871576
-2,046238	1,873532
-2,271238	1,875815
-2,091890	1,876141
-2,261456	1,877445
-2,082108	1,878750
-1,941890	1,880706
-2,134282	1,882337
-2,613630	1,885272
-2,104934	1,885924
-2,173412	1,887228
-2,532108	1,887228
-2,369065	1,888858
-2,352760	1,892119
-2,033194	1,893424
-2,424499	1,894076
-2,316891	1,896032
-2,342978	1,895706
-2,502761	1,899293
-1,977759	1,899293
-2,111455	1,900598
-2,095151	1,902554
-2,251673	1,904185
-2,672326	1,907119
-2,267977	1,907119
-2,342978	1,908098
-2,078847	1,909728
-2,114716	1,911685
-2,245151	1,913641
-1,883194	1,914293
-2,238630	1,916576
-2,463630	1,917554
-1,589715	1,919837
-2,251673	1,921141
-2,199499	1,922119
-2,535369	1,923424
-1,876672	1,926032
-2,329934	1,925380
-2,056021	1,928315
-2,362543	1,929619
-2,323412	1,932228
-1,987542	1,931250
-2,241890	1,933532
-1,919064	1,935815
-2,166890	1,935815
-1,974499	1,936467
-2,160369	1,940054
-1,964716	1,940380
-2,104934	1,942989
-2,209282	1,944619
-2,496239	1,944946
-2,447326	1,948206
-2,225586	1,947880
-2,460369	1,948859
-2,170151	1,951793
-2,277760	1,952772
-2,502761	1,953750
-2,095151	1,956033
-2,147325	1,957011
-2,352760	1,958641
-2,160369	1,960272
-2,378847	1,961902
-2,095151	1,961250
-1,984281	1,965163
-2,131021	1,965163
-1,990803	1,966141
-2,196238	1,968750
-2,342978	1,970706
-2,248412	1,970380
-2,440804	1,972011
-2,235369	1,973641
-2,316891	1,974293
-2,685370	1,976250
-2,434282	1,978206
-2,173412	1,980815
-2,245151	1,981467
-2,832109	1,982772
-1,964716	1,985054
-2,440804	1,984402
-2,108195	1,986359
-2,440804	1,989620
-2,117977	1,990924
-2,013629	1,990272
-2,466891	1,993859
-2,274499	1,995489
-2,734283	1,995163
-2,486456	1,997120
-2,059281	1,998750
-2,085368	2,000380
-2,326673	2,000380
-2,417978	2,004293
-2,261456	2,005598
-2,189716	2,004620
-2,470152	2,007880
-2,551674	2,007880
-1,814716	2,010489
-2,098412	2,012772
-1,814716	2,014728
-2,153847	2,013750
-1,876672	2,016033
-2,000586	2,017337
-2,515804	2,018967
-2,049499	2,019946
-2,284282	2,021902
-1,984281	2,022880
-2,196238	2,025163
-1,723411	2,026141
-1,664715	2,027772
-1,661455	2,030054
-2,303847	2,029402
-2,219064	2,031359
-1,860368	2,034294
-1,906020	2,035272
-1,941890	2,036576
-2,232108	2,037228
-1,866890	2,039511
-1,772324	2,039511
-1,941890	2,042120
-1,785368	2,043424
-1,938629	2,044728
-1,892977	2,047011
-1,912542	2,049294
-2,303847	2,051250
-2,144064	2,051576
-2,219064	2,052228
-1,746237	2,053859
-1,687542	2,056141
-2,271238	2,056468
-1,964716	2,058098
-2,140803	2,059076
-1,987542	2,061685
-2,173412	2,062011
-1,945151	2,064620
-1,694063	2,066902
-2,202760	2,068207
-1,795150	2,069837
-2,235369	2,071468
-1,824498	2,073098
-2,101673	2,074402
-1,749498	2,076033
-1,909281	2,077011
-2,170151	2,076359
-1,958194	2,077989
-2,437543	2,079620
-2,049499	2,080924
-1,844064	2,083533
-2,046238	2,084837
-1,791890	2,087446
-1,674498	2,088750
-2,033194	2,090055
-1,583194	2,092337
-1,954933	2,091033
-1,537541	2,094946
-2,039716	2,096576
-1,772324	2,095598
-1,400584	2,098533
-1,778846	2,100489
-1,746237	2,100163
-1,485367	2,102446
-1,661455	2,104728
-1,694063	2,104728
-1,883194	2,105381
-1,808194	2,107663
-1,723411	2,111250
-1,540802	2,111250
-1,726672	2,113533
-1,844064	2,115163
-2,082108	2,117446
-1,971238	2,118098
-1,765803	2,118424
-1,886455	2,119076
-1,609281	2,122337
-1,612541	2,121685
-1,638628	2,124946
-1,488628	2,125598
-1,579933	2,127229
-1,749498	2,129511
-1,860368	2,130489
-1,635368	2,132446
-1,990803	2,133750
-1,850585	2,135707
-1,932107	2,135707
-1,997325	2,136359
-1,498411	2,138315
-1,752759	2,139294
-1,951672	2,140924
-1,912542	2,142881
-1,609281	2,143859
-1,749498	2,145163
-2,091890	2,148750
-1,824498	2,149729
-1,752759	2,149402
-2,408195	2,152011
-1,912542	2,153316
-1,863629	2,156576
-1,381019	2,155924
-1,726672	2,157555
-1,850585	2,158859
-1,990803	2,160163
-1,723411	2,161794
-1,622324	2,161794
-1,935368	2,165707
-2,082108	2,167989
-1,951672	2,168316
-1,782107	2,169620
-1,566889	2,170924
-1,853846	2,173207
-1,599498	2,173207
-2,320151	2,173859
-1,902759	2,175816
-1,912542	2,178098
-1,690802	2,180381
-1,749498	2,181033
-1,651672	2,182663
-1,981020	2,183968
-2,307108	2,184946
-1,941890	2,185598
-1,834281	2,187881
-1,619063	2,188859
-1,886455	2,191794
-1,788629	2,193424
-1,635368	2,194403
-1,625585	2,196033
-1,739716	2,196359
-1,834281	2,197011
-2,127760	2,198968
-1,948412	2,200924
-1,840803	2,203859
-2,209282	2,203533
-1,831020	2,204511
-1,909281	2,206794
-2,254934	2,207120
-1,876672	2,209729
-2,069064	2,210381
-1,938629	2,213316
-1,899498	2,213316
-2,114716	2,214620
-1,844064	2,215924
-2,000586	2,217229
-2,091890	2,221794
-1,749498	2,221142
-1,951672	2,223098
-1,915803	2,224403
-2,029934	2,227663
-2,046238	2,227663
-1,945151	2,229946
-2,271238	2,229620
-2,173412	2,232229
-2,349499	2,232555
-1,990803	2,234837
-2,046238	2,237446
-2,323412	2,237446
-1,827759	2,237772
-1,928846	2,240055
-1,850585	2,241359
-1,866890	2,242664
-2,078847	2,245272
-1,994064	2,245598
-1,932107	2,246577
-2,163629	2,249511
-2,134282	2,250490
-2,016890	2,250816
-2,078847	2,253750
-1,694063	2,255707
-2,375586	2,257990
-1,909281	2,259294
-2,466891	2,259946
-2,444065	2,261577
-1,798411	2,262555
-2,114716	2,263859
-2,476673	2,266142
-2,538630	2,266794
-2,281021	2,268751
-2,300586	2,270707
-2,258195	2,270707
-2,033194	2,272664
-1,853846	2,272990
-2,267977	2,276251
-2,642978	2,275598
-2,114716	2,279185
-2,013629	2,280164
-1,651672	2,281142
-2,150586	2,283424
-2,408195	2,283098
-2,056021	2,286033
-2,206021	2,288316
-2,642978	2,287664
-2,284282	2,289946
-2,509282	2,292555
-2,199499	2,292555
-2,310369	2,294838
-1,870151	2,294838
-2,509282	2,296142
-2,607109	2,298424
-2,740804	2,301685
-2,163629	2,303316
-2,235369	2,303316
-2,502761	2,304620
-2,056021	2,306577
-2,545152	2,306251
-2,492978	2,308533
-2,287543	2,311468
-2,512543	2,313098
-2,173412	2,313425
-2,235369	2,314403
-2,466891	2,317011
-2,222325	2,318316
-2,352760	2,318316
-2,261456	2,321903
-2,766891	2,321577
-2,356021	2,322881
-2,356021	2,325816
-2,424499	2,325816
-2,483195	2,327120
-2,372325	2,330055
-2,215803	2,331685
-2,616891	2,331359
-2,356021	2,333968
-2,561456	2,334946
-2,519065	2,336577
-2,316891	2,337555
-2,600587	2,340490
-2,297325	2,341794
-2,316891	2,341794
-2,678848	2,343425
-2,587543	2,346685
-2,486456	2,347012
-2,444065	2,348968
-2,414717	2,348642
-2,642978	2,351577
-2,734283	2,352229
-2,395152	2,354838
-2,300586	2,355164
-2,858196	2,357120
-2,411456	2,357446
-2,091890	2,360707
-2,346238	2,360381
-2,372325	2,363316
-2,382108	2,365272
-2,065803	2,365272
-2,502761	2,369185
-2,466891	2,368533
-2,881022	2,370490
-2,577761	2,371468
-2,287543	2,372120
-2,626674	2,375707
-2,196238	2,374403
-2,056021	2,377012
-2,721239	2,379294
-2,773413	2,378642
-2,492978	2,380925
-2,320151	2,382555
-2,581022	2,384838
-2,294064	2,386142
-2,020151	2,387446
-2,085368	2,388425
-2,232108	2,389729
-2,274499	2,391686
-2,411456	2,391359
-2,398412	2,395273
-2,147325	2,397229
-2,320151	2,397555
-2,290804	2,398207
-2,359282	2,400164
-2,199499	2,403425
-2,489717	2,405055
-2,349499	2,405707
-2,447326	2,405707
-2,313630	2,407012
-1,889716	2,409620
-2,352760	2,409946
-2,532108	2,412229
-2,294064	2,413859
-2,600587	2,415816
-2,274499	2,415164
-2,535369	2,418425
-2,258195	2,419403
-2,424499	2,421033
-2,519065	2,420707
-2,463630	2,423316
-2,362543	2,425599
-2,434282	2,426251
-2,104934	2,428207
-2,502761	2,429838
-2,408195	2,431142
-2,512543	2,432446
-1,981020	2,433425
-2,329934	2,435707
-2,039716	2,437338
-2,258195	2,438642
-2,466891	2,440273
-2,261456	2,440273
-2,310369	2,443860
-2,166890	2,442881
-2,290804	2,444186
-2,189716	2,445816
-2,424499	2,448751
-2,241890	2,449729
-2,290804	2,451360
-2,016890	2,452664
-2,453847	2,454294
-2,333195	2,456903
-2,616891	2,458533
-2,525587	2,460490
-2,114716	2,460490
-2,486456	2,460816
-2,271238	2,463099
-1,925585	2,464403
-2,127760	2,466034
-2,245151	2,467338
-2,199499	2,468642
-2,163629	2,469620
-2,199499	2,471251
-2,476673	2,473207
-2,545152	2,474838
-2,532108	2,477120
-2,444065	2,477120
-2,222325	2,479077
-2,320151	2,480055
-2,359282	2,482338
-2,212543	2,483316
-2,235369	2,484294
-2,509282	2,485925
-2,636456	2,488534
-2,652761	2,488860
-1,840803	2,489512
-2,062542	2,491142
-2,310369	2,494403
-2,072325	2,494403
-2,538630	2,497338
-1,954933	2,497664
-2,499500	2,499294
-2,457108	2,500599
-2,179934	2,502555
-2,639717	2,502881
-2,091890	2,504838
-2,463630	2,507121
-2,369065	2,508751
-2,339717	2,509729
-2,616891	2,511686
-1,964716	2,511686
-2,414717	2,513642
-2,078847	2,515925
-2,672326	2,518208
-2,007107	2,518208
-2,424499	2,519186
-1,615802	2,521468
-2,313630	2,523425
-2,281021	2,523425
-2,029934	2,526034
-2,297325	2,527664
-2,049499	2,529294
-2,248412	2,529621
-2,134282	2,532555
-2,144064	2,532881
-2,095151	2,533860
-1,860368	2,535816
-2,241890	2,537121
-2,281021	2,538751
-2,082108	2,541686
-1,879933	2,542664
-2,558195	2,542990
-2,313630	2,544621
-2,411456	2,545273
-2,134282	2,546577
-1,997325	2,549512
-2,672326	2,549512
-2,277760	2,551795
-2,088629	2,552447
-2,166890	2,554729
-2,166890	2,556034
-2,036455	2,557664
-2,091890	2,559295
-1,817977	2,561577
-2,127760	2,562882
-2,245151	2,563534
-1,883194	2,563860
-2,153847	2,566142
-2,241890	2,568099
-2,131021	2,569403
-2,411456	2,571686
-2,313630	2,571686
-2,179934	2,574621
-2,007107	2,573968
-2,424499	2,577229
-2,232108	2,579186
-2,036455	2,579186
-2,326673	2,580816
-2,479934	2,583099
-2,460369	2,584729
-2,424499	2,584403
-2,581022	2,585382
-2,427760	2,589947
-2,483195	2,589947
-2,310369	2,591903
-2,179934	2,592882
-2,300586	2,592555
-2,147325	2,596795
-2,447326	2,597447
-1,883194	2,599077
-2,059281	2,600708
-2,219064	2,600056
-2,196238	2,603316
-2,108195	2,603642
-2,196238	2,603969
-2,114716	2,606903
-2,215803	2,609186
-2,056021	2,611469
-2,052760	2,610816
-2,016890	2,613425
-2,342978	2,614403
-2,470152	2,616034
-2,114716	2,617338
-1,720150	2,619947
-2,078847	2,621251
-2,274499	2,622229
-1,723411	2,622882
-1,876672	2,624838
-1,661455	2,626795
-1,896238	2,627121
-2,023412	2,629403
-1,700585	2,631360
-1,762542	2,631360
-1,214715	2,632664
-1,824498	2,635273
-1,381019	2,635599
-1,374497	2,636903
-1,573411	2,639512
-1,253845	2,640816
-1,374497	2,642121
-1,224497	2,644403
-1,348410	2,645708
-2,023412	2,646034
-1,628846	2,647338
-1,778846	2,649295
-2,062542	2,650925
-1,798411	2,651903
-1,433193	2,652882
-2,241890	2,656143
-1,752759	2,656469
-1,948412	2,660056
-2,470152	2,660382
-2,356021	2,661034
-2,473413	2,663969
-2,160369	2,662664
-2,391891	2,665599
-2,222325	2,667882
-2,088629	2,669512
-2,323412	2,670490
-2,144064	2,670490
-2,219064	2,673751
-2,267977	2,675382
-2,183195	2,675056
-2,590804	2,678317
-2,561456	2,677012
-2,316891	2,680599
-2,519065	2,681251
-2,281021	2,682556
-2,251673	2,684186
-2,417978	2,685490
-1,925585	2,687773
-2,274499	2,689077
-2,362543	2,689730
-2,091890	2,690382
-2,212543	2,692664
-2,121238	2,694295
-1,697324	2,695273
-2,157108	2,697882
-2,395152	2,699186
-2,023412	2,701143
-2,401673	2,702773
-1,821237	2,702773
-2,463630	2,705382
-2,144064	2,705382
-2,127760	2,706686
-2,085368	2,709621
-1,886455	2,711251
-2,395152	2,711904
-2,098412	2,713208
-1,879933	2,714186
-2,088629	2,716795
-1,928846	2,717773
-1,977759	2,719077
-1,922325	2,722338
-2,157108	2,722991
-1,912542	2,724947
-1,857107	2,724621
-2,082108	2,726577
-1,847324	2,727882
-1,674498	2,728860
-1,756020	2,731795
-1,544063	2,733425
-1,446237	2,732773
-1,667976	2,734730
-1,609281	2,737012
-1,129932	2,738969
-1,289715	2,739947
-1,756020	2,741578
-1,495150	2,742230
-1,485367	2,744186
-1,403845	2,745164
-1,612541	2,746795
-1,619063	2,748751
-1,442976	2,749404
-1,710368	2,751686
-1,817977	2,752338
-1,889716	2,753643
-2,297325	2,756578
-2,052760	2,757882
-1,961455	2,759186
-2,000586	2,759512
-2,284282	2,761795
-2,196238	2,762447
-1,804933	2,764078
-1,703846	2,765056
-2,310369	2,766360
-2,329934	2,770599
-2,447326	2,770273
-2,065803	2,772556
-1,990803	2,772556
-2,189716	2,773860
-2,258195	2,775817
-2,313630	2,777121
-2,157108	2,779404
-2,486456	2,781360
-1,814716	2,782991
-2,131021	2,784621
-2,166890	2,785599
-2,349499	2,785599
-2,117977	2,787556
-2,000586	2,789186
-1,756020	2,789512
-2,088629	2,790817
-1,844064	2,792447
-2,052760	2,795708
-2,179934	2,796360
-2,192977	2,797665
-1,694063	2,800273
-1,831020	2,800599
-1,615802	2,802882
-1,899498	2,803534
-2,049499	2,805491
-1,879933	2,807773
-1,720150	2,807447
-1,981020	2,808752
-2,179934	2,810708
-1,622324	2,811686
-1,710368	2,813969
-1,439715	2,815599
-1,622324	2,815925
-1,390802	2,818534
-1,752759	2,820817
-1,592976	2,821795
-1,433193	2,824078
-1,247323	2,824404
-0,914714	2,824730
-0,754931	2,827991
-0,999497	2,828969
-0,441887	2,829621
-0,738627	2,831578
0,265723	2,832556
0,213549	2,832556
-0,092973	2,837121
0,383115	2,837447
-0,008191	2,839078
0,246158	2,838752
0,304854	2,840382
0,268984	2,841686
0,389636	2,843643
0,122245	2,846252
0,060288	2,848208
0,070071	2,848860
-0,722322	2,850491
-0,660366	2,851469
-0,761453	2,854078
-1,426671	2,854730
-1,814716	2,856686
-1,909281	2,857991
-2,153847	2,857991
-1,899498	2,861252
-2,212543	2,862230
-2,395152	2,863860
-2,564717	2,864839
-2,147325	2,866469
-2,254934	2,866795
-2,450586	2,868752
-2,183195	2,870056
-2,264717	2,872991
-2,173412	2,872339
-2,069064	2,873969
-2,391891	2,877230
-2,072325	2,878534
-2,691891	2,878208
-2,232108	2,880817
-2,388630	2,881795
-2,056021	2,883100
-2,042977	2,884730
-2,095151	2,885708
-2,189716	2,888643
-1,827759	2,888643
-2,486456	2,889621
-2,776674	2,891578
-2,440804	2,893860
-2,499500	2,893860
-2,153847	2,896469
-2,479934	2,897447
-2,248412	2,898100
-2,245151	2,901360
-2,522326	2,903643
-2,385369	2,902665
-2,183195	2,905273
-1,997325	2,907882
-2,336456	2,909513
-2,388630	2,909187
-2,127760	2,911795
-2,362543	2,914404
-2,209282	2,913752
-2,320151	2,915382
-2,196238	2,915708
-1,909281	2,918317
-1,967977	2,920926
-2,300586	2,920600
-2,056021	2,923860
-2,258195	2,924839
-1,981020	2,924839
-2,078847	2,927774
-1,674498	2,929078
-2,124499	2,929404
-1,739716	2,932013
-1,472324	2,932665
-1,550585	2,933969
-1,791890	2,935926
-1,798411	2,937230
-1,524498	2,938534
-1,772324	2,941143
-1,472324	2,941143
-1,769063	2,943752
-1,596237	2,944404
-1,661455	2,947013
-1,599498	2,948317
-1,716889	2,948317
-2,033194	2,951252
-1,928846	2,951578
-1,752759	2,952230
-2,114716	2,955817
-2,104934	2,957121
-2,339717	2,957447
-1,958194	2,961034
-2,375586	2,960382
-2,238630	2,963643
-2,460369	2,962665
-1,866890	2,965600
-2,241890	2,965600
-2,320151	2,967882
-2,457108	2,970165
-2,329934	2,970491
-2,453847	2,971469
-2,359282	2,974730
-2,378847	2,975708
-1,974499	2,977665
-2,179934	2,977991
-2,470152	2,980600
-2,760370	2,981904
-2,714717	2,981904
-1,961455	2,985491
-2,078847	2,986143
-1,987542	2,986143
-2,232108	2,988426
-2,267977	2,988752
-1,932107	2,992665
-2,131021	2,993317
-2,398412	2,993643
-2,300586	2,995600
-2,134282	2,996578
-2,016890	2,997556
-2,349499	2,999187
-2,512543	3,002448
-2,131021	3,001795
-2,356021	3,005056
-1,984281	3,005708
-2,620152	3,007665
-1,765803	3,009295
-2,209282	3,009295
-2,297325	3,012230
-2,160369	3,013208
-2,085368	3,016143
-2,144064	3,014839
-1,844064	3,017448
-1,967977	3,018426
-2,486456	3,021361
-2,245151	3,021687
-2,196238	3,023643
-2,245151	3,023969
-1,932107	3,025600
-1,896238	3,028861
-2,186456	3,029839
-2,587543	3,029839
-2,140803	3,031469
-2,033194	3,033426
-1,954933	3,034404
-2,078847	3,036361
-2,382108	3,038317
-2,049499	3,038969
-1,994064	3,041904
-1,465802	3,043535
-1,990803	3,044513
-2,069064	3,045165
-2,144064	3,047774
-1,951672	3,048752
-2,117977	3,049404
-2,082108	3,050382
-1,954933	3,051687
-2,042977	3,054948
-2,225586	3,054622
-2,525587	3,057882
-2,069064	3,058209
-1,883194	3,059839
-2,463630	3,061796
-2,522326	3,063752
-2,033194	3,063100
-1,945151	3,064404
-1,664715	3,066687
-2,329934	3,067991
-1,632107	3,070274
-1,974499	3,071252
-1,876672	3,071904
-2,212543	3,074839
-1,922325	3,075491
-1,941890	3,078752
-2,254934	3,077774
-1,674498	3,080383
-2,150586	3,082013
-1,984281	3,083317
-1,821237	3,083643
-1,667976	3,087556
-1,958194	3,087556
-1,889716	3,088209
-1,778846	3,089187
-1,984281	3,091796
-1,710368	3,093752
-1,782107	3,094404
-1,674498	3,096687
-1,808194	3,097991
-1,589715	3,098643
-2,342978	3,100926
-1,866890	3,100926
-1,840803	3,104513
-1,674498	3,105817
-2,160369	3,107122
-1,850585	3,107122
-2,020151	3,109404
-1,433193	3,110056
-1,619063	3,112013
-1,710368	3,113970
-1,325584	3,114622
-1,690802	3,115926
-1,521237	3,118861
-1,853846	3,118861
-1,778846	3,121470
-1,769063	3,122448
-1,651672	3,124730
-1,195149	3,124404
-1,622324	3,127339
-1,403845	3,127665
-1,266889	3,129296
-1,511454	3,130600
-1,231019	3,132883
-0,898410	3,133861
-0,908192	3,134187
-1,178845	3,136143
-0,631018	3,139730
-0,696235	3,139730
-0,533192	3,142665
-0,510365	3,142339
-0,213626	3,143644
-0,556018	3,144296
-0,278843	3,146252
-0,128843	3,148861
-0,588626	3,151144
-0,435365	3,150491
-0,477757	3,153426
-0,145147	3,155709
-0,569061	3,156687
-0,608192	3,156035
-0,803844	3,158317
-0,983192	3,160600
-1,348410	3,161904
-1,547324	3,163535
-1,524498	3,164513
-1,169062	3,165165
-1,681020	3,167448
-1,860368	3,169404
-1,817977	3,170709
-1,573411	3,171361
-1,410367	3,173970
-2,069064	3,173970
-1,791890	3,176904
-1,876672	3,177231
-1,641889	3,179187
-1,981020	3,181144
-1,742976	3,180817
-1,948412	3,182122
-1,667976	3,184404
-2,072325	3,186687
-1,413628	3,188970
-1,951672	3,189622
-1,733194	3,189948
-1,615802	3,192231
-1,687542	3,192557
-1,967977	3,196470
-1,651672	3,197448
-1,857107	3,198100
-1,739716	3,200057
-2,202760	3,201035
-1,615802	3,202013
-1,925585	3,203644
-1,550585	3,206578
-1,791890	3,207231
-1,912542	3,208861
-1,622324	3,209187
-1,690802	3,211144
-1,821237	3,211796
-1,625585	3,213426
-1,932107	3,214405
-1,309280	3,216687
-1,974499	3,218644
-1,863629	3,218318
-1,622324	3,220926
-1,615802	3,223535
-1,876672	3,224839
-1,892977	3,226144
-1,948412	3,228100
-2,225586	3,228752
-1,570150	3,230057
-1,932107	3,232013
-1,945151	3,232665
-1,844064	3,233644
-1,762542	3,236252
-1,537541	3,235926
-1,661455	3,239187
-1,798411	3,240165
-2,046238	3,241796
-1,902759	3,242122
-1,729933	3,243752
-1,909281	3,246361
-1,866890	3,248644
-1,945151	3,248318
-1,935368	3,250274
-1,681020	3,251252
-1,713629	3,252557
-1,808194	3,253861
-1,850585	3,256796
-2,251673	3,259079
-1,674498	3,258100
-2,232108	3,259079
-1,896238	3,262013
-1,729933	3,263318
-1,488628	3,265274
-1,276671	3,266579
-1,694063	3,268209
-2,316891	3,270492
-2,238630	3,271144
-1,879933	3,272122
-1,831020	3,274405
-1,439715	3,274731
-1,677759	3,275709
-1,883194	3,277013
-2,251673	3,280274
-1,932107	3,281905
-1,941890	3,282557
-1,821237	3,282883
-1,915803	3,285492
-1,977759	3,286144
-1,710368	3,288752
-1,664715	3,290057
-1,883194	3,292013
-2,016890	3,291687
-2,016890	3,292992
-1,981020	3,294622
-1,834281	3,296905
-1,831020	3,297557
-1,648411	3,299187
-2,186456	3,300166
-2,052760	3,301144
-1,932107	3,303753
-1,557107	3,306035
-2,241890	3,307666
-2,065803	3,308644
-1,762542	3,310274
-2,228847	3,312231
-1,971238	3,313861
-2,163629	3,314839
-1,909281	3,316796
-1,821237	3,316796
-2,160369	3,318753
-2,124499	3,320709
-1,756020	3,321361
-1,990803	3,323644
-1,958194	3,323970
-1,977759	3,325926
-1,804933	3,326253
-1,778846	3,329840
-1,599498	3,330492
-1,788629	3,331796
-2,134282	3,333100
-1,778846	3,333426
-1,925585	3,335383
-2,173412	3,336687
-1,775585	3,339296
-1,961455	3,340274
-1,821237	3,341579
-1,928846	3,344513
-1,710368	3,345166
-1,981020	3,347122
-2,186456	3,346144
-1,981020	3,350057
-2,271238	3,350383
-1,899498	3,351361
-1,899498	3,352340
-2,016890	3,355600
-1,912542	3,357231
-2,065803	3,356579
-1,994064	3,358209
-1,853846	3,361144
-2,192977	3,362122
-1,909281	3,363100
-2,000586	3,364405
-2,352760	3,366035
-2,362543	3,368318
-2,365804	3,370274
-2,072325	3,371253
-2,395152	3,373535
-2,069064	3,374187
-2,183195	3,374187
-1,521237	3,377448
-1,769063	3,378427
-1,778846	3,380709
-2,078847	3,382014
-1,876672	3,383644
-2,225586	3,384296
-1,987542	3,386905
-1,465802	3,387883
-2,431021	3,388535
-2,131021	3,391144
-1,870151	3,391470
-1,853846	3,393427
-1,759281	3,396035
-2,277760	3,395709
-2,056021	3,395383
-2,267977	3,398644
-1,808194	3,401253
-1,746237	3,402557
-1,801672	3,403861
-2,199499	3,405166
-2,398412	3,405166
-2,108195	3,407448
-1,899498	3,408101
-2,023412	3,411361
-2,209282	3,411687
-2,222325	3,413644
-1,788629	3,414622
-1,857107	3,416579
-1,808194	3,416253
-1,677759	3,418535
-2,127760	3,420818
-2,329934	3,420818
-2,297325	3,423753
-2,039716	3,424731
-2,091890	3,425709
-2,082108	3,428970
-2,440804	3,428644
-2,062542	3,430927
-2,196238	3,430927
-2,391891	3,434840
-2,199499	3,435818
-2,300586	3,436470
-2,417978	3,437775
-2,401673	3,438427
-1,909281	3,440709
-2,287543	3,442014
-1,866890	3,444622
-2,261456	3,444296
-2,401673	3,446905
-2,310369	3,448861
-2,202760	3,450492
-2,352760	3,449840
-2,245151	3,451470
-1,964716	3,455057
-2,297325	3,455383
-2,300586	3,456361
-2,042977	3,458970
-1,945151	3,459948
-1,997325	3,460927
-1,984281	3,462231
-2,274499	3,463535
-2,140803	3,465166
-2,222325	3,466796
-2,440804	3,468427
-2,492978	3,471362
-2,284282	3,471035
-2,320151	3,473318
-2,404934	3,472666
-2,717978	3,475601
-2,584282	3,476579
-2,039716	3,478862
-2,153847	3,478535
-2,157108	3,480492
-2,170151	3,483101
-2,356021	3,486035
-2,329934	3,486362
-2,929935	3,487014
-2,219064	3,487992
-2,359282	3,490601
-2,069064	3,493209
-2,251673	3,493209
-2,101673	3,495166
-2,192977	3,495166
-1,821237	3,497449
-2,352760	3,499405
-2,528848	3,501035
-2,225586	3,500709
-2,440804	3,502666
-2,026673	3,505275
-2,248412	3,505601
-2,111455	3,507231
-2,558195	3,510166
-2,342978	3,510166
-2,434282	3,510818
-2,326673	3,513753
-2,153847	3,514731
-2,033194	3,516688
-2,261456	3,517340
-2,395152	3,520275
-2,388630	3,519622
-2,235369	3,522883
-2,581022	3,523862
-2,072325	3,525818
-2,248412	3,526796
-2,372325	3,528101
-2,642978	3,530383
-2,329934	3,529731
-2,225586	3,532340
-2,056021	3,532992
-2,206021	3,534296
-2,587543	3,535927
-2,372325	3,536579
-2,473413	3,540818
-2,417978	3,540492
-2,166890	3,543427
-2,372325	3,544079
-2,395152	3,544731
-2,378847	3,547340
-2,600587	3,547992
-2,271238	3,549623
-2,124499	3,551253
-1,928846	3,552883
-1,997325	3,554840
-2,450586	3,555818
-2,179934	3,556796
-1,928846	3,558427
-2,320151	3,561362
-2,502761	3,560710
-2,421239	3,564623
-2,421239	3,564623
-2,365804	3,566579
-2,153847	3,568210
-2,215803	3,567883
-2,264717	3,570166
-1,994064	3,571796
-2,558195	3,573101
-2,519065	3,575710
-2,192977	3,576688
-2,665804	3,578644
-2,150586	3,578644
-2,307108	3,580275
-2,548413	3,583210
-2,444065	3,582231
-2,075586	3,584188
-2,082108	3,586470
-2,212543	3,588427
-2,437543	3,590057
-2,629935	3,590057
-2,238630	3,593644
-2,414717	3,593970
-2,238630	3,594297
-2,408195	3,595927
-2,417978	3,598210
-2,395152	3,597884
-2,294064	3,601144
-2,127760	3,603753
-2,254934	3,602123
-2,509282	3,606036
-2,388630	3,605384
-2,212543	3,607992
-2,225586	3,608644
-2,186456	3,610601
-1,785368	3,612231
-2,773413	3,613536
-2,235369	3,617449
-3,044066	3,616470
-2,395152	3,618753
-2,235369	3,620710
-2,434282	3,621036
-2,010368	3,622014
-1,984281	3,624949
-2,225586	3,626253
-2,665804	3,627231
-2,294064	3,628862
-2,496239	3,629514
-2,551674	3,631797
-2,170151	3,633101
-2,329934	3,634079
-2,179934	3,635710
-2,281021	3,636362
-2,238630	3,639623
-1,831020	3,640601
-1,906020	3,642231
-2,512543	3,641905
-2,336456	3,645166
-2,137542	3,645492
-2,294064	3,648753
-2,131021	3,648101
-2,685370	3,650384
-2,440804	3,652340
-2,362543	3,653318
-2,189716	3,655601
-2,577761	3,657558
-2,656022	3,658210
-2,590804	3,659514
-2,294064	3,661471
-2,564717	3,662449
-2,082108	3,662123
-2,698413	3,664731
-2,424499	3,666036
-2,303847	3,668645
-2,378847	3,670275
-2,114716	3,670927
-1,883194	3,671579
-2,091890	3,673862
-2,551674	3,676471
-2,411456	3,676797
-2,662543	3,678101
-2,241890	3,680384
-2,300586	3,681688
-2,166890	3,681688
-2,447326	3,684297
-2,401673	3,684949
-2,333195	3,685927
-2,538630	3,688536
-2,179934	3,689188
-2,082108	3,691471
-2,196238	3,691797
-2,747326	3,693753
-2,300586	3,695710
-2,267977	3,697992
-1,703846	3,697666
-2,388630	3,699623
-2,033194	3,700275
-2,473413	3,702884
-2,453847	3,703210
-2,176673	3,704840
-2,307108	3,707123
-2,489717	3,709732
-2,179934	3,709079
-2,189716	3,711036
-2,290804	3,713971
-2,189716	3,715601
-2,610369	3,715601
-2,395152	3,718210
-2,307108	3,717884
-2,391891	3,719840
-2,101673	3,722449
-2,737544	3,724405
-2,300586	3,724079
-2,633196	3,726036
-2,388630	3,727340
-2,512543	3,728971
-2,310369	3,731579
-2,173412	3,731906
-2,137542	3,732558
-2,075586	3,735819
-2,140803	3,737775
-2,316891	3,737449
-2,447326	3,738427
-2,359282	3,740058
-2,254934	3,741362
-1,951672	3,742014
-2,483195	3,744949
-2,757109	3,747558
-2,310369	3,748862
-2,039716	3,751145
-2,192977	3,750819
-2,574500	3,752123
-2,649500	3,754406
-2,179934	3,756036
-2,369065	3,756688
-2,238630	3,757014
-2,323412	3,758319
-2,349499	3,759949
-2,417978	3,761253
-2,039716	3,762884
-2,339717	3,764840
-2,186456	3,767123
-2,267977	3,768753
-2,248412	3,768753
-2,476673	3,772666
-2,352760	3,773971
-2,362543	3,773971
-2,091890	3,774623
-2,189716	3,776253
-2,382108	3,778536
-2,466891	3,779188
-2,372325	3,780166
-2,147325	3,782449
-2,313630	3,785058
-1,922325	3,786362
-2,232108	3,788319
-2,320151	3,787993
-2,232108	3,790275
-1,987542	3,790927
-2,271238	3,792884
-2,222325	3,795493
-2,642978	3,797123
-2,267977	3,798427
-2,342978	3,799406
-2,192977	3,800058
-2,206021	3,800384
-2,075586	3,803319
-2,013629	3,805275
-2,336456	3,806906
-2,287543	3,807884
-2,538630	3,809188
-2,183195	3,810493
-2,633196	3,810819
-2,261456	3,813101
-2,424499	3,815058
-2,150586	3,817340
-2,483195	3,818319
-2,241890	3,818319
-2,281021	3,821580
-2,235369	3,821580
-2,382108	3,824188
-1,844064	3,825493
-1,945151	3,826471
-2,179934	3,827123
-1,997325	3,828754
-2,307108	3,831036
-2,391891	3,832340
-2,385369	3,833319
-2,365804	3,834949
-2,567978	3,834949
-2,166890	3,839188
-1,928846	3,839514
-2,329934	3,840819
-2,307108	3,841797
-2,287543	3,842775
-2,072325	3,846688
-2,251673	3,846036
-2,274499	3,847993
-2,388630	3,849949
-2,629935	3,852232
-2,111455	3,853210
-2,616891	3,853210
-1,941890	3,854188
-2,457108	3,856145
-2,313630	3,857775
-2,091890	3,858427
-2,248412	3,862014
-2,183195	3,861688
-2,427760	3,862667
-1,984281	3,864623
-2,466891	3,868210
-2,310369	3,869514
-2,365804	3,868862
-2,202760	3,872123
-2,160369	3,873101
-2,600587	3,873101
-2,398412	3,874732
-1,951672	3,877667
-2,388630	3,878319
-2,496239	3,878971
-2,219064	3,881254
-2,267977	3,881906
-2,525587	3,883536
-2,607109	3,886145
-2,633196	3,887449
-2,212543	3,889406
-2,597326	3,889732
-2,528848	3,891362
-2,535369	3,893971
-2,323412	3,895275
-2,532108	3,894623
-2,375586	3,896580
-2,424499	3,899841
-2,310369	3,899515
-2,506021	3,900819
-2,424499	3,903428
-2,274499	3,905710
-2,212543	3,906362
-2,310369	3,907015
-2,160369	3,907993
-2,656022	3,911580
-2,186456	3,910601
-2,202760	3,913862
-2,444065	3,915819
-2,290804	3,915493
-2,417978	3,916797
-2,202760	3,919080
-2,414717	3,920384
-2,747326	3,922667
-2,457108	3,922341
-2,623413	3,924623
-2,551674	3,926254
-2,144064	3,929841
-2,316891	3,930493
-2,219064	3,931145
-2,554935	3,932123
-2,212543	3,933428
-2,460369	3,934406
-2,623413	3,937341
-2,450586	3,938319
-2,274499	3,938645
-2,163629	3,940928
-2,792978	3,941906
-2,391891	3,944189
-1,997325	3,946145
-2,714717	3,947775
-2,264717	3,948754
-2,173412	3,949732
-2,434282	3,951689
-2,476673	3,952015
-2,401673	3,953319
-2,189716	3,955928
-1,964716	3,955275
-1,948412	3,958210
-2,088629	3,958862
-2,052760	3,961797
-2,300586	3,962123
-1,948412	3,964080
-2,613630	3,965384
-2,173412	3,967667
-2,365804	3,969623
-2,075586	3,970602
-2,114716	3,971580
-2,841892	3,972232
-1,648411	3,974189
-2,202760	3,976797
-2,088629	3,976797
-1,837542	3,979406
-1,977759	3,980058
-2,121238	3,982667
-2,179934	3,983645
-2,170151	3,983971
-2,525587	3,986254
-2,179934	3,986906
-2,300586	3,989841
-1,912542	3,992123
-2,437543	3,992123
-1,798411	3,993102
-2,287543	3,996036
-2,251673	3,996036
-1,726672	3,997015
-2,186456	3,998971
-2,212543	4,001906
-2,303847	4,002232
-2,052760	4,002884
-2,127760	4,004515
-2,209282	4,007123
-1,883194	4,009080
-2,427760	4,007450
-2,029934	4,010058
-2,274499	4,012015
-1,863629	4,014623
-2,212543	4,014623
-2,303847	4,017232
-2,219064	4,017558
-2,271238	4,018210
-2,020151	4,020167
-2,108195	4,022450
-2,261456	4,025058
-2,023412	4,026036
-1,925585	4,027341
-2,192977	4,028971
-2,101673	4,028645
-2,196238	4,030602
-1,886455	4,032232
-2,196238	4,034841
-1,961455	4,035493
-2,059281	4,037450
-2,219064	4,039080
-1,635368	4,039732
-2,000586	4,042015
-1,899498	4,042667
-1,824498	4,043319
-1,981020	4,044623
-2,479934	4,047884
-2,440804	4,047884
-2,219064	4,051471
-2,199499	4,052124
-1,788629	4,053754
-1,987542	4,054080
-1,439715	4,054732
-1,700585	4,057993
-1,674498	4,057341
-2,303847	4,059297
-1,902759	4,060928
-2,163629	4,063537
-1,795150	4,064515
-1,919064	4,065493
-1,726672	4,066471
-2,179934	4,070058
-2,124499	4,071363
-1,906020	4,072993
-1,834281	4,072667
-2,111455	4,074624
-2,046238	4,077558
-1,622324	4,076906
-1,886455	4,077558
-1,804933	4,081797
-1,570150	4,081145
-1,827759	4,083754
-1,599498	4,086363
-1,932107	4,086363
-2,049499	4,087993
-2,036455	4,089297
-1,586454	4,091906
-2,241890	4,091580
-2,225586	4,093211
-1,439715	4,096798
-1,628846	4,095493
-1,974499	4,099080
-1,997325	4,100058
-2,059281	4,101689
-2,199499	4,102015
-1,997325	4,104624
-1,681020	4,106254
-1,886455	4,106254
-1,361454	4,107884
-1,847324	4,110167
-1,726672	4,111145
-1,563628	4,112124
-1,909281	4,114732
-1,971238	4,116363
-1,700585	4,118319
-2,144064	4,118319
-1,690802	4,119950
-1,442976	4,121254
-1,808194	4,122885
-1,589715	4,123537
-1,850585	4,125493
-1,690802	4,128102
-2,016890	4,128754
-1,348410	4,129732
-1,742976	4,132015
-1,840803	4,132341
-1,361454	4,135276
-1,824498	4,136580
-1,765803	4,136906
-1,765803	4,139515
-1,860368	4,141145
-1,531020	4,142124
-1,677759	4,144732
-1,723411	4,145385
-2,131021	4,146363
-1,511454	4,148645
-1,817977	4,148972
-2,163629	4,150602
-1,866890	4,152885
-1,410367	4,153863
-1,563628	4,154189
-1,563628	4,155167
-1,707107	4,157124
-1,592976	4,160058
-1,941890	4,161689
-2,131021	4,162993
-2,003847	4,164950
-1,713629	4,165276
-1,811455	4,166254
-2,121238	4,168537
-1,619063	4,170167
-1,847324	4,171145
-1,710368	4,172124
-1,831020	4,174406
-1,573411	4,175711
-1,827759	4,176689
-1,625585	4,178319
-1,482106	4,179298
-1,589715	4,180928
-1,452758	4,183211
-1,961455	4,184515
-1,808194	4,186798
-1,658194	4,186798
-1,834281	4,188102
-2,036455	4,190059
-2,000586	4,191363
-2,052760	4,193646
-2,062542	4,193319
-1,648411	4,195928
-1,844064	4,197232
-1,821237	4,198537
-1,791890	4,199189
-1,801672	4,201146
-1,736455	4,201798
-1,645150	4,203754
-1,736455	4,205059
-1,899498	4,207015
-2,222325	4,207341
-1,511454	4,208319
-2,010368	4,212233
-1,909281	4,213211
-1,638628	4,214841
-1,876672	4,214841
-1,847324	4,216472
-1,413628	4,217776
-2,222325	4,219733
-1,821237	4,221037
-2,108195	4,221689
-1,948412	4,225276
-2,323412	4,224950
-1,772324	4,227559
-2,095151	4,228537
-1,403845	4,229515
-2,192977	4,230493
-1,465802	4,233754
-1,381019	4,235059
-1,853846	4,237015
-2,245151	4,237667
-1,596237	4,238320
-1,592976	4,239624
-1,863629	4,241906
-1,746237	4,243863
-2,065803	4,244515
-1,791890	4,247776
-1,971238	4,248102
-1,667976	4,250385
-1,765803	4,250385
-1,886455	4,251363
-1,769063	4,253320
-1,315802	4,254624
-1,909281	4,257233
-1,951672	4,258211
-1,896238	4,259189
-1,994064	4,260493
-1,720150	4,262124
-1,909281	4,264407
-1,853846	4,264407
-1,716889	4,267993
-2,117977	4,268320
-1,935368	4,269624
-1,909281	4,270602
-1,759281	4,271907
-1,928846	4,273537
-2,098412	4,275167
-1,935368	4,277450
-2,000586	4,278754
-2,307108	4,279080
-2,121238	4,280711
-1,667976	4,282667
-1,814716	4,283646
-2,336456	4,284624
-1,954933	4,285276
-1,570150	4,288863
-2,049499	4,289189
-2,029934	4,291146
-1,974499	4,293428
-1,746237	4,294407
-1,729933	4,295059
-1,694063	4,297341
-1,906020	4,299624
-1,429932	4,300928
-1,889716	4,302233
-2,365804	4,303211
-1,697324	4,303211
-2,144064	4,306146
-1,987542	4,309081
-1,951672	4,309733
-2,160369	4,309733
-2,251673	4,311689
-1,739716	4,312994
-1,814716	4,314950
-2,222325	4,315602
-2,212543	4,318537
-1,710368	4,318537
-2,114716	4,319841
-1,736455	4,321146
-2,189716	4,322450
-2,238630	4,323754
-1,896238	4,325711
-1,948412	4,327341
-2,512543	4,329624
-2,228847	4,331254
-1,736455	4,330928
-2,241890	4,332885
-2,222325	4,333863
-1,749498	4,337124
-1,756020	4,336472
-2,016890	4,338428
-2,189716	4,340711
-1,742976	4,342015
-2,007107	4,343972
-2,183195	4,344624
-2,160369	4,347885
-1,925585	4,348863
-2,307108	4,349841
-2,310369	4,351146
-2,039716	4,352450
-2,320151	4,355385
-1,840803	4,355059
-2,261456	4,356037
-2,215803	4,357994
-2,137542	4,358972
-2,127760	4,361907
-2,091890	4,362559
-1,834281	4,363537
-2,251673	4,364841
-2,398412	4,365494
-2,023412	4,369407
-1,994064	4,371363
-1,938629	4,369733
-2,391891	4,372994
-1,801672	4,372994
-1,769063	4,375928
-2,251673	4,377885
-2,238630	4,378537
-2,241890	4,379189
-1,866890	4,382124
-2,026673	4,382450
-2,049499	4,383755
-2,114716	4,386363
-1,879933	4,387015
-2,342978	4,388320
-2,463630	4,389624
-2,147325	4,391581
-2,479934	4,392559
-2,453847	4,394842
-2,365804	4,396146
-2,251673	4,398102
-1,984281	4,399733
-1,896238	4,400711
-2,267977	4,401037
-1,870151	4,403646
-2,708196	4,405276
-2,029934	4,405602
-2,486456	4,408537
-2,179934	4,408537
-2,258195	4,409842
-2,385369	4,412450
-1,896238	4,413755
-1,831020	4,414733
-2,952761	4,416037
-2,698413	4,417994
-2,307108	4,419624
-2,082108	4,420602
-1,788629	4,422233
-2,414717	4,424516
-2,359282	4,424516
-2,235369	4,425494
-2,375586	4,427450
-2,323412	4,429081
-2,352760	4,431363
-1,700585	4,431363
-1,775585	4,433320
-2,215803	4,435276
-2,398412	4,436581
-2,489717	4,439189
-2,052760	4,439516
-2,424499	4,442124
-2,313630	4,441798
-2,506021	4,446037
-2,196238	4,446689
-2,408195	4,447016
-2,375586	4,448646
-2,486456	4,448972
-2,016890	4,452233
-2,427760	4,452559
-1,928846	4,453537
-2,287543	4,456146
-2,336456	4,457124
-2,238630	4,457776
-2,421239	4,461037
-2,391891	4,461363
-2,117977	4,462668
-2,479934	4,465603
-1,945151	4,465603
-1,958194	4,466907
-2,183195	4,469842
-2,131021	4,469842
-2,401673	4,473103
-2,320151	4,473103
-2,450586	4,475059
-2,473413	4,475385
-2,290804	4,478320
-1,889716	4,478320
-2,098412	4,481255
-2,186456	4,481581
-2,176673	4,483537
-2,117977	4,484190
-2,026673	4,487777
-2,538630	4,488103
-2,404934	4,488103
-2,584282	4,491037
-2,313630	4,491690
-2,297325	4,493972
-2,056021	4,494624
-2,434282	4,496907
-2,307108	4,496907
-2,254934	4,497885
-2,117977	4,501146
-2,173412	4,500820
-2,026673	4,502777
-2,551674	4,505385
-2,209282	4,507016
-2,287543	4,507342
-2,131021	4,509624
-2,466891	4,510603
-2,287543	4,514190
-2,170151	4,515168
-1,990803	4,515168
-2,382108	4,518103
-2,069064	4,518103
-2,114716	4,518755
-2,444065	4,521037
-2,320151	4,522994
-2,232108	4,525277
-2,003847	4,525277
-2,339717	4,526255
-2,320151	4,527559
-2,235369	4,530494
-2,042977	4,530494
-2,375586	4,532451
-2,294064	4,535059
-2,153847	4,536364
-2,310369	4,537342
-2,447326	4,539298
-2,114716	4,539951
-2,016890	4,540277
-2,427760	4,542559
-1,824498	4,545494
-2,039716	4,545494
-2,062542	4,546472
-2,062542	4,549081
-2,189716	4,551690
-2,124499	4,552342
-2,023412	4,552668
-2,323412	4,555603
-2,075586	4,557233
-2,642978	4,558211
-1,899498	4,558538
-2,258195	4,561146
-1,808194	4,562777
-2,310369	4,562777
-2,600587	4,564733
-2,310369	4,567016
-2,264717	4,568646
-2,245151	4,568646
-2,277760	4,569951
-2,525587	4,571581
-2,078847	4,573864
-2,222325	4,575168
-2,059281	4,575820
-1,906020	4,578103
-2,219064	4,580059
-2,623413	4,580711
-2,342978	4,581364
-2,232108	4,583646
-1,941890	4,586581
-2,121238	4,587559
-2,747326	4,588864
-2,372325	4,589190
-2,444065	4,589842
-2,016890	4,593429
-2,470152	4,594407
-1,782107	4,594733
-2,267977	4,596038
-2,082108	4,598320
-2,620152	4,600929
-2,489717	4,601255
-1,857107	4,603212
-2,779935	4,605168
-2,111455	4,605820
-1,681020	4,606146
-2,352760	4,608755
-2,267977	4,610712
-2,114716	4,611038
-2,241890	4,613972
-2,160369	4,613972
-2,098412	4,614298
-2,003847	4,616907
-2,424499	4,618212
-2,483195	4,619516
-2,179934	4,620820
-2,088629	4,623103
-1,941890	4,623755
-2,427760	4,627342
-2,600587	4,627994
-2,228847	4,628646
-1,922325	4,631255
-2,153847	4,632559
-2,450586	4,632885
-2,294064	4,634516
-2,339717	4,635494
-2,434282	4,637777
-2,251673	4,637777
-1,632107	4,640712
-2,515804	4,642668
-2,186456	4,642994
-2,235369	4,645277
-2,134282	4,647559
-2,603848	4,649190
-2,509282	4,648864
-2,297325	4,651146
-2,333195	4,652125
-2,117977	4,653429
-2,342978	4,653429
-2,134282	4,656690
-2,848413	4,658320
-2,473413	4,659299
-2,427760	4,660929
-1,964716	4,661255
-2,408195	4,662233
-2,202760	4,664516
-2,434282	4,667125
-2,173412	4,668103
-1,821237	4,669407
-2,225586	4,672016
-1,941890	4,672668
-2,323412	4,673973
-2,525587	4,675929
-2,427760	4,677233
-1,990803	4,677233
-2,267977	4,679190
-2,095151	4,681799
-2,365804	4,682451
-2,271238	4,684407
-2,401673	4,684733
-2,219064	4,686364
-2,127760	4,688973
-1,935368	4,690603
-2,421239	4,690929
-2,036455	4,693538
-2,695152	4,694190
-2,528848	4,696146
-2,052760	4,697777
-2,121238	4,699407
-2,160369	4,700060
-2,264717	4,702668
-2,323412	4,703973
-2,222325	4,703973
-1,935368	4,707233
-2,460369	4,707886
-2,248412	4,708864
-2,339717	4,710168
-1,964716	4,712451
-2,359282	4,714407
-2,558195	4,714081
-2,199499	4,716690
-2,506021	4,717016
-2,466891	4,718320
-2,316891	4,721581
-2,232108	4,722886
-2,479934	4,724190
-2,740804	4,724842
-2,225586	4,726147
-2,284282	4,727125
-2,398412	4,727777
-2,300586	4,731038
-2,395152	4,732668
-2,867979	4,733647
-2,173412	4,735603
-2,238630	4,735277
-2,323412	4,738212
-2,395152	4,739190
-2,127760	4,741799
-2,082108	4,743103
-2,548413	4,743103
-2,264717	4,745712
-2,385369	4,747016
-2,303847	4,747016
-2,457108	4,749625
-2,326673	4,750603
-2,365804	4,753212
-2,235369	4,754842
-2,483195	4,756473
-2,414717	4,755821
-2,170151	4,757777
-2,131021	4,760386
-2,395152	4,760060
-2,326673	4,762668
-2,036455	4,764625
-2,144064	4,765929
-2,166890	4,767886
-2,131021	4,767234
-2,554935	4,769842
-2,365804	4,771147
-1,954933	4,772451
-2,522326	4,773103
-2,717978	4,776364
-2,421239	4,777668
-2,042977	4,779951
-2,313630	4,779299
-2,548413	4,781908
-2,401673	4,784190
-2,538630	4,784516
-2,101673	4,787451
-2,254934	4,786147
-2,447326	4,789734
-2,378847	4,790386
-2,395152	4,791690
-1,977759	4,792994
-2,147325	4,794625
-2,274499	4,795603
-2,636456	4,797234
-2,248412	4,799516
-2,460369	4,800168
-2,603848	4,801473
-2,114716	4,804408
-2,326673	4,804734
-2,545152	4,805712
-2,059281	4,807016
-2,509282	4,809625
-2,359282	4,809299
-2,460369	4,812560
-2,212543	4,813538
-2,662543	4,814516
-2,085368	4,814842
-2,091890	4,818103
-2,851674	4,818103
-2,486456	4,819734
-2,153847	4,821690
-2,342978	4,823973
-2,417978	4,826582
-2,401673	4,826255
-2,101673	4,828538
-2,421239	4,829842
-2,727761	4,829516
-2,528848	4,832451
-2,199499	4,833103
-2,069064	4,835060
-2,607109	4,835386
-2,695152	4,837342
-2,545152	4,839625
-2,424499	4,841582
-2,209282	4,842560
-2,841892	4,843864
-2,388630	4,845495
-2,519065	4,846147
-2,307108	4,847451
-2,336456	4,848755
-2,444065	4,851690
-2,238630	4,851690
-2,320151	4,854951
-2,271238	4,855603
-2,571239	4,856582
-2,639717	4,858538
-2,564717	4,859190
-2,150586	4,861473
-2,108195	4,861799
-2,581022	4,865060
-2,238630	4,864734
-2,662543	4,867669
-2,460369	4,869625
-2,316891	4,870929
-2,199499	4,870929
-2,147325	4,872886
-2,192977	4,876147
-2,000586	4,876473
-2,016890	4,876473
-2,271238	4,879734
-2,183195	4,880060
-2,665804	4,882995
-2,170151	4,882342
-2,545152	4,883321
-2,192977	4,886256
-2,372325	4,886582
-2,398412	4,890495
-2,359282	4,889843
-2,121238	4,891799
-1,873411	4,892451
-2,261456	4,894734
-2,052760	4,895712
-2,104934	4,897343
-2,297325	4,899951
-2,140803	4,900929
-2,059281	4,902560
-2,137542	4,904190
-2,294064	4,905169
-2,281021	4,906799
-2,313630	4,907125
-1,866890	4,910386
-1,658194	4,910712
-2,225586	4,911690
-2,326673	4,913973
-2,150586	4,915930
-2,408195	4,916582
-2,137542	4,919516
-2,294064	4,919190
-1,752759	4,922125
-2,385369	4,923430
-2,016890	4,923756
-1,873411	4,925386
-2,000586	4,927016
-2,431021	4,927669
-2,140803	4,930603
-1,977759	4,930603
-2,206021	4,932234
-2,186456	4,935169
-2,183195	4,935821
-2,160369	4,936147
-1,788629	4,939408
-1,566889	4,940060
-1,984281	4,940712
-1,847324	4,942669
-2,525587	4,945277
-2,065803	4,945603
-2,036455	4,948212
-1,847324	4,947886
-1,961455	4,949843
-2,104934	4,951147
-1,798411	4,952451
-1,697324	4,954082
-1,853846	4,954734
-1,945151	4,957669
-1,645150	4,959625
-1,746237	4,961256
-1,840803	4,962560
-1,896238	4,963864
-1,716889	4,962886
-1,762542	4,966147
-1,775585	4,967777
-2,329934	4,968756
-1,817977	4,971364
-1,932107	4,971364
-1,951672	4,973321
-1,964716	4,976582
-1,912542	4,977234
-2,277760	4,977234
-1,808194	4,979191
-2,173412	4,980495
-1,553846	4,982125
-2,029934	4,982451
-2,072325	4,984408
-2,062542	4,984734
-2,163629	4,989625
-1,769063	4,989625
-1,804933	4,990604
-1,677759	4,991582
-2,225586	4,992560
-1,661455	4,996147
-1,915803	4,997125
-1,801672	4,998104
-2,059281	4,998756
-1,840803	5,000712
-1,726672	5,002017
-1,420150	5,004299
-1,658194	5,005930
-1,746237	5,007234
-1,997325	5,008538
-2,010368	5,008864
-1,782107	5,010821
-1,716889	5,012778
