350.000000
1.000000
1
0.000	0.010e-3
0.222	0.010e-3
0.443	0.015e-3
0.665	0.015e-3
0.886	0.010e-3
1.106	0.010e-3
1.362	0.010e-3
1.566	0.010e-3
1.786	0.010e-3
2.015	0.015e-3
2.229	0.015e-3
2.450	0.015e-3
2.672	0.015e-3
2.894	0.025e-3
3.114	0.025e-3
3.335	0.025e-3
3.557	0.015e-3
3.778	0.015e-3
3.999	0.025e-3
4.220	0.025e-3
4.442	0.015e-3
4.663	0.025e-3
4.885	0.025e-3
5.105	0.025e-3
5.327	0.030e-3
5.548	0.035e-3
5.770	0.040e-3
5.991	0.040e-3
6.211	0.040e-3
6.433	0.050e-3
6.654	0.050e-3
6.876	0.050e-3
7.096	0.050e-3
7.318	0.040e-3
7.541	0.040e-3
7.761	0.050e-3
7.981	0.050e-3
8.202	0.040e-3
8.424	0.050e-3
8.646	0.050e-3
8.867	0.055e-3
9.088	0.055e-3
9.310	0.055e-3
9.531	0.055e-3
9.753	0.055e-3
9.975	0.060e-3
10.195	0.060e-3
10.416	0.060e-3
10.638	0.060e-3
10.859	0.065e-3
11.081	0.065e-3
11.301	0.075e-3
11.523	0.075e-3
11.744	0.075e-3
11.966	0.080e-3
12.186	0.080e-3
12.407	0.080e-3
12.629	0.085e-3
12.851	0.090e-3
13.072	0.090e-3
13.292	0.100e-3
13.514	0.105e-3
13.735	0.105e-3
13.957	0.110e-3
14.177	0.115e-3
14.398	0.115e-3
14.622	0.115e-3
14.842	0.125e-3
15.062	0.125e-3
15.283	0.130e-3
15.505	0.130e-3
15.727	0.130e-3
15.948	0.130e-3
16.168	0.130e-3
16.390	0.130e-3
16.611	0.140e-3
16.833	0.140e-3
17.055	0.140e-3
17.275	0.140e-3
17.496	0.150e-3
17.718	0.150e-3
17.939	0.150e-3
18.161	0.160e-3
18.381	0.155e-3
18.603	0.160e-3
18.824	0.160e-3
19.046	0.160e-3
19.267	0.160e-3
19.487	0.160e-3
19.709	0.160e-3
19.930	0.155e-3
20.152	0.155e-3
20.372	0.150e-3
20.594	0.150e-3
20.815	0.150e-3
21.037	0.150e-3
21.257	0.135e-3
21.478	0.125e-3
21.702	0.115e-3
21.922	0.110e-3
22.142	0.105e-3
22.365	0.090e-3
22.585	0.085e-3
22.806	0.085e-3
23.028	0.075e-3
23.248	0.065e-3
23.470	0.055e-3
23.691	0.040e-3
23.913	0.035e-3
24.133	0.030e-3
24.356	0.015e-3
24.576	0.005e-3
24.822	-0.010e-3
25.068	-0.040e-3
25.313	-0.055e-3
25.559	-0.075e-3
25.805	-0.085e-3
26.052	-0.090e-3
26.299	-0.110e-3
26.544	-0.130e-3
26.790	-0.150e-3
27.036	-0.165e-3
27.282	-0.185e-3
27.527	-0.190e-3
27.773	-0.210e-3
28.019	-0.240e-3
28.266	-0.265e-3
28.510	-0.305e-3
28.756	-0.330e-3
29.003	-0.355e-3
29.249	-0.385e-3
29.495	-0.410e-3
29.740	-0.435e-3
29.986	-0.465e-3
30.232	-0.480e-3
30.477	-0.490e-3
30.723	-0.490e-3
30.969	-0.525e-3
31.215	-0.535e-3
31.460	-0.550e-3
31.706	-0.555e-3
31.952	-0.580e-3
32.199	-0.590e-3
32.443	-0.600e-3
32.690	-0.610e-3
32.936	-0.640e-3
33.182	-0.675e-3
33.428	-0.730e-3
33.673	-0.735e-3
33.919	-0.755e-3
34.165	-0.760e-3
34.410	-0.795e-3
34.656	-0.825e-3
34.902	-0.850e-3
35.148	-0.880e-3
35.395	-0.920e-3
35.640	-0.960e-3
35.885	-0.975e-3
36.132	-0.985e-3
36.378	-1.000e-3
36.623	-1.010e-3
36.869	-1.025e-3
37.115	-1.060e-3
37.361	-1.070e-3
37.606	-1.095e-3
37.852	-1.120e-3
38.098	-1.150e-3
38.345	-1.175e-3
38.589	-1.205e-3
38.835	-1.220e-3
39.081	-1.225e-3
39.328	-1.210e-3
39.574	-1.245e-3
39.819	-1.245e-3
40.065	-1.245e-3
40.311	-1.255e-3
40.556	-1.250e-3
40.802	-1.245e-3
41.048	-1.250e-3
41.294	-1.260e-3
41.539	-1.275e-3
41.785	-1.285e-3
42.031	-1.325e-3
42.278	-1.320e-3
42.523	-1.335e-3
42.770	-1.335e-3
43.015	-1.350e-3
43.261	-1.350e-3
43.507	-1.360e-3
43.753	-1.380e-3
43.999	-1.360e-3
44.245	-1.350e-3
44.492	-1.360e-3
44.736	-1.360e-3
44.982	-1.375e-3
45.228	-1.385e-3
45.475	-1.420e-3
45.719	-1.470e-3
45.966	-1.495e-3
46.212	-1.500e-3
46.458	-1.495e-3
46.704	-1.485e-3
46.949	-1.485e-3
47.195	-1.500e-3
47.441	-1.525e-3
47.688	-1.510e-3
47.932	-1.500e-3
48.178	-1.500e-3
48.423	-1.535e-3
48.671	-1.525e-3
48.917	-1.510e-3
49.161	-1.520e-3
49.408	-1.510e-3
49.653	-1.460e-3
49.899	-1.430e-3
50.145	-1.360e-3
50.391	-1.355e-3
50.637	-1.400e-3
50.883	-1.470e-3
51.128	-1.595e-3
51.374	-1.695e-3
51.619	-1.760e-3
51.865	-1.825e-3
52.112	-1.880e-3
52.358	-1.955e-3
52.604	-2.060e-3
52.849	-2.170e-3
53.095	-2.280e-3
53.341	-2.400e-3
53.587	-2.490e-3
53.832	-2.550e-3
54.078	-2.580e-3
54.324	-2.580e-3
54.570	-2.575e-3
54.815	-2.550e-3
55.061	-2.470e-3
55.307	-2.420e-3
55.554	-2.355e-3
55.800	-2.300e-3
56.045	-2.235e-3
56.291	-2.180e-3
56.537	-2.100e-3
56.783	-2.060e-3
57.028	-2.000e-3
57.274	-1.960e-3
57.520	-1.920e-3
57.767	-1.905e-3
58.011	-1.855e-3
58.257	-1.810e-3
58.503	-1.750e-3
58.749	-1.750e-3
58.994	-1.705e-3
59.241	-1.675e-3
59.487	-1.635e-3
59.733	-1.610e-3
59.978	-1.620e-3
60.224	-1.635e-3
60.470	-1.660e-3
60.716	-1.660e-3
60.961	-1.685e-3
61.208	-1.675e-3
61.454	-1.650e-3
61.701	-1.625e-3
61.947	-1.560e-3
62.191	-1.485e-3
62.437	-1.425e-3
62.684	-1.400e-3
62.930	-1.360e-3
63.175	-1.335e-3
63.421	-1.370e-3
63.667	-1.430e-3
63.912	-1.510e-3
64.158	-1.580e-3
64.404	-1.635e-3
64.650	-1.645e-3
64.897	-1.660e-3
65.141	-1.660e-3
65.388	-1.645e-3
65.634	-1.595e-3
65.880	-1.535e-3
66.126	-1.460e-3
66.371	-1.405e-3
66.617	-1.355e-3
66.863	-1.355e-3
67.108	-1.395e-3
67.354	-1.525e-3
67.600	-1.660e-3
67.847	-1.750e-3
68.091	-1.820e-3
68.337	-1.820e-3
68.583	-1.830e-3
68.830	-1.845e-3
69.076	-1.875e-3
69.321	-1.880e-3
69.567	-1.850e-3
69.813	-1.825e-3
70.059	-1.775e-3
70.304	-1.750e-3
70.550	-1.725e-3
70.796	-1.725e-3
71.042	-1.705e-3
71.287	-1.685e-3
71.534	-1.635e-3
71.780	-1.600e-3
72.026	-1.550e-3
72.272	-1.530e-3
72.517	-1.460e-3
72.763	-1.355e-3
73.009	-1.145e-3
73.254	-0.785e-3
73.500	-0.475e-3
73.746	-0.300e-3
73.992	-0.430e-3
74.237	-0.860e-3
74.483	-1.360e-3
74.729	-1.735e-3
74.976	-1.985e-3
75.222	-2.175e-3
75.467	-2.320e-3
75.713	-2.345e-3
75.959	-2.285e-3
76.205	-2.170e-3
76.450	-2.000e-3
76.696	-1.900e-3
76.942	-1.825e-3
77.187	-1.725e-3
77.433	-1.620e-3
77.679	-1.575e-3
77.925	-1.570e-3
78.172	-1.550e-3
78.416	-1.525e-3
78.664	-1.460e-3
78.910	-1.410e-3
79.156	-1.370e-3
79.401	-1.385e-3
79.647	-1.385e-3
79.893	-1.385e-3
80.139	-1.380e-3
80.384	-1.330e-3
80.630	-1.295e-3
80.876	-1.250e-3
81.123	-1.185e-3
81.368	-1.160e-3
81.613	-1.170e-3
81.859	-1.195e-3
82.106	-1.160e-3
82.350	-1.155e-3
82.597	-1.145e-3
82.843	-1.095e-3
83.089	-1.080e-3
83.334	-1.050e-3
83.580	-1.070e-3
83.826	-1.100e-3
84.072	-1.070e-3
84.317	-1.055e-3
84.563	-1.030e-3
84.810	-1.030e-3
85.055	-1.000e-3
85.300	-0.985e-3
85.548	-0.970e-3
85.793	-0.925e-3
86.039	-0.925e-3
86.285	-0.920e-3
86.530	-0.930e-3
86.776	-0.920e-3
87.022	-0.885e-3
87.267	-0.860e-3
87.513	-0.830e-3
87.759	-0.825e-3
88.005	-0.810e-3
88.252	-0.820e-3
88.497	-0.810e-3
88.743	-0.785e-3
88.989	-0.760e-3
89.235	-0.705e-3
89.481	-0.680e-3
89.726	-0.625e-3
89.972	-0.590e-3
90.218	-0.540e-3
90.463	-0.500e-3
90.709	-0.440e-3
90.956	-0.365e-3
91.202	-0.250e-3
91.446	-0.200e-3
91.692	-0.100e-3
91.914	0.030e-3
92.135	0.200e-3
92.357	0.365e-3
92.577	0.525e-3
92.799	0.490e-3
93.020	0.310e-3
93.242	0.000e-3
93.488	-0.490e-3
93.733	-1.095e-3
93.979	-1.485e-3
94.225	-1.710e-3
94.471	-1.820e-3
94.716	-1.850e-3
94.962	-1.800e-3
95.207	-1.705e-3
95.453	-1.550e-3
95.699	-1.360e-3
95.945	-1.245e-3
96.193	-1.185e-3
96.439	-1.135e-3
96.684	-1.150e-3
96.930	-1.185e-3
97.176	-1.220e-3
97.422	-1.255e-3
97.667	-1.230e-3
97.913	-1.155e-3
98.159	-1.125e-3
98.406	-1.085e-3
98.650	-1.010e-3
98.897	-0.930e-3
99.143	-0.830e-3
99.389	-0.755e-3
99.635	-0.750e-3
99.880	-0.740e-3
100.126	-0.765e-3
100.372	-0.795e-3
100.617	-0.810e-3
100.863	-0.825e-3
101.109	-0.780e-3
101.355	-0.760e-3
101.600	-0.755e-3
101.846	-0.705e-3
102.092	-0.635e-3
102.339	-0.565e-3
102.585	-0.490e-3
102.830	-0.410e-3
103.076	-0.290e-3
103.322	-0.055e-3
103.542	0.485e-3
103.764	1.745e-3
103.985	3.875e-3
104.207	5.970e-3
104.428	7.060e-3
104.648	6.735e-3
104.870	4.675e-3
105.092	0.950e-3
105.338	-2.815e-3
105.584	-5.035e-3
105.830	-5.325e-3
106.075	-4.425e-3
106.321	-2.650e-3
106.567	-0.635e-3
106.787	0.485e-3
107.009	0.560e-3
107.255	-0.360e-3
107.501	-2.330e-3
107.746	-3.725e-3
107.992	-3.870e-3
108.239	-3.355e-3
108.485	-2.730e-3
108.729	-2.175e-3
108.975	-1.710e-3
109.221	-1.325e-3
109.468	-1.070e-3
109.714	-0.860e-3
109.959	-0.640e-3
110.205	-0.435e-3
110.451	-0.215e-3
110.671	0.065e-3
110.893	0.360e-3
111.114	0.650e-3
111.336	0.980e-3
111.557	1.205e-3
111.779	1.330e-3
111.999	1.345e-3
112.221	1.395e-3
112.442	1.425e-3
112.663	1.285e-3
112.884	0.980e-3
113.105	0.505e-3
113.352	-0.165e-3
113.598	-0.855e-3
113.845	-1.250e-3
114.090	-1.300e-3
114.336	-1.155e-3
114.582	-0.910e-3
114.827	-0.555e-3
115.073	-0.140e-3
115.295	0.350e-3
115.516	0.845e-3
115.737	1.310e-3
115.958	1.805e-3
116.179	2.345e-3
116.401	2.990e-3
116.621	3.695e-3
116.844	4.220e-3
117.064	4.365e-3
117.286	3.965e-3
117.507	2.990e-3
117.729	1.585e-3
117.949	0.115e-3
118.195	-1.170e-3
118.441	-2.220e-3
118.686	-2.870e-3
118.932	-3.230e-3
119.179	-3.270e-3
119.425	-3.020e-3
119.671	-2.595e-3
119.917	-1.985e-3
120.162	-1.250e-3
120.408	-0.290e-3
120.630	1.005e-3
120.851	2.775e-3
121.071	5.310e-3
121.293	8.310e-3
121.539	11.020e-3
121.785	12.625e-3
122.030	11.970e-3
122.252	9.075e-3
122.473	5.325e-3
122.693	1.530e-3
122.939	-1.685e-3
123.187	-4.290e-3
123.432	-5.810e-3
123.678	-6.420e-3
123.924	-6.430e-3
124.169	-6.060e-3
124.415	-5.630e-3
124.661	-5.350e-3
124.906	-5.275e-3
125.153	-5.300e-3
125.398	-5.250e-3
125.644	-5.040e-3
125.889	-4.690e-3
126.135	-4.200e-3
126.381	-3.590e-3
126.628	-2.730e-3
126.874	-1.245e-3
127.094	1.705e-3
127.317	5.295e-3
127.537	8.190e-3
127.759	9.220e-3
127.979	8.125e-3
128.200	4.645e-3
128.447	-0.385e-3
128.693	-4.765e-3
128.939	-6.255e-3
129.185	-6.180e-3
129.430	-5.495e-3
129.676	-4.600e-3
129.922	-3.750e-3
130.167	-2.915e-3
130.413	-2.210e-3
130.660	-1.570e-3
130.906	-1.075e-3
131.151	-0.635e-3
131.397	-0.255e-3
131.619	0.055e-3
131.839	0.340e-3
132.061	0.610e-3
132.282	0.845e-3
132.504	1.030e-3
132.725	1.235e-3
132.947	1.485e-3
133.167	1.760e-3
133.389	2.035e-3
133.610	2.345e-3
133.832	2.630e-3
134.052	2.965e-3
134.273	3.395e-3
134.495	4.025e-3
134.717	5.040e-3
134.938	6.290e-3
135.158	7.350e-3
135.380	7.825e-3
135.601	7.410e-3
135.823	6.065e-3
136.045	4.250e-3
136.265	2.595e-3
136.486	1.500e-3
136.708	1.085e-3
136.928	1.295e-3
137.151	1.775e-3
137.371	2.150e-3
137.592	2.170e-3
137.814	1.705e-3
138.036	0.955e-3
138.256	0.230e-3
138.502	-0.185e-3
138.748	-0.275e-3
138.993	-0.240e-3
139.239	-0.175e-3
139.485	-0.160e-3
139.731	-0.235e-3
139.977	-0.260e-3
140.224	-0.205e-3
140.468	-0.155e-3
140.715	-0.030e-3
140.936	0.190e-3
141.158	0.405e-3
141.378	0.610e-3
141.600	0.830e-3
141.821	1.035e-3
142.043	1.270e-3
142.263	1.500e-3
142.484	1.745e-3
142.706	1.950e-3
142.928	2.105e-3
143.149	2.220e-3
143.369	2.295e-3
143.591	2.350e-3
143.812	2.305e-3
144.034	2.245e-3
144.254	2.255e-3
144.475	2.335e-3
144.697	2.475e-3
144.919	2.675e-3
145.140	2.995e-3
145.360	3.640e-3
145.582	4.670e-3
145.803	6.065e-3
146.025	7.450e-3
146.245	8.425e-3
146.467	8.705e-3
146.688	8.100e-3
146.910	6.865e-3
147.130	5.420e-3
147.353	4.045e-3
147.573	2.750e-3
147.795	1.580e-3
148.016	0.585e-3
148.261	-0.155e-3
148.507	-0.630e-3
148.754	-0.895e-3
149.000	-0.930e-3
149.247	-0.795e-3
149.491	-0.580e-3
149.738	-0.315e-3
149.959	0.010e-3
150.180	0.285e-3
150.401	0.555e-3
150.622	0.785e-3
150.844	1.005e-3
151.066	1.205e-3
151.287	1.420e-3
151.509	1.635e-3
151.729	1.775e-3
151.950	1.955e-3
152.172	2.085e-3
152.392	2.200e-3
152.615	2.275e-3
152.835	2.355e-3
153.057	2.395e-3
153.277	2.490e-3
153.498	2.580e-3
153.720	2.650e-3
153.942	2.680e-3
154.163	2.730e-3
154.383	2.805e-3
154.605	2.820e-3
154.826	2.890e-3
155.048	2.920e-3
155.270	2.905e-3
155.491	2.965e-3
155.711	2.975e-3
155.933	2.975e-3
156.154	2.975e-3
156.374	3.050e-3
156.596	3.130e-3
156.817	3.220e-3
157.039	3.345e-3
157.260	3.515e-3
157.481	3.620e-3
157.702	3.595e-3
157.924	3.450e-3
158.145	3.255e-3
158.367	3.070e-3
158.589	2.920e-3
158.809	2.845e-3
159.030	2.805e-3
159.252	2.790e-3
159.472	2.770e-3
159.693	2.750e-3
159.915	2.770e-3
160.137	2.855e-3
160.358	2.905e-3
160.580	2.945e-3
160.800	2.995e-3
161.021	3.050e-3
161.243	3.055e-3
161.463	3.075e-3
161.685	3.055e-3
161.906	3.090e-3
162.128	3.145e-3
162.350	3.180e-3
162.570	3.195e-3
162.791	3.225e-3
163.013	3.215e-3
163.234	3.215e-3
163.454	3.205e-3
163.676	3.180e-3
163.897	3.165e-3
164.119	3.140e-3
164.341	3.175e-3
164.562	3.230e-3
164.782	3.255e-3
165.004	3.215e-3
165.225	3.215e-3
165.446	3.180e-3
165.669	3.155e-3
165.889	3.155e-3
166.111	3.170e-3
166.333	3.200e-3
166.553	3.280e-3
166.774	3.365e-3
166.996	3.445e-3
167.218	3.515e-3
167.439	3.555e-3
167.659	3.590e-3
167.881	3.525e-3
168.102	3.425e-3
168.324	3.325e-3
168.544	3.245e-3
168.765	3.170e-3
168.987	3.130e-3
169.209	3.150e-3
169.431	3.130e-3
169.652	3.105e-3
169.872	3.105e-3
170.093	3.120e-3
170.315	3.115e-3
170.536	3.140e-3
170.757	3.165e-3
170.978	3.170e-3
171.200	3.195e-3
171.420	3.215e-3
171.643	3.245e-3
171.863	3.265e-3
172.085	3.295e-3
172.306	3.315e-3
172.528	3.345e-3
172.748	3.395e-3
172.971	3.430e-3
173.191	3.425e-3
173.413	3.440e-3
173.634	3.455e-3
173.854	3.480e-3
174.076	3.495e-3
174.298	3.490e-3
174.519	3.465e-3
174.739	3.430e-3
174.960	3.390e-3
175.182	3.370e-3
175.404	3.325e-3
175.625	3.275e-3
175.847	3.245e-3
176.067	3.265e-3
176.289	3.255e-3
176.510	3.230e-3
176.732	3.225e-3
176.952	3.225e-3
177.173	3.230e-3
177.395	3.225e-3
177.615	3.200e-3
177.837	3.230e-3
178.058	3.255e-3
178.280	3.280e-3
178.501	3.290e-3
178.723	3.315e-3
178.943	3.295e-3
179.165	3.300e-3
179.386	3.275e-3
179.606	3.270e-3
179.830	3.275e-3
180.049	3.240e-3
180.271	3.230e-3
180.493	3.240e-3
180.714	3.275e-3
180.936	3.270e-3
181.156	3.275e-3
181.378	3.295e-3
181.599	3.300e-3
181.819	3.345e-3
182.042	3.340e-3
182.262	3.325e-3
182.484	3.320e-3
182.704	3.325e-3
182.925	3.375e-3
183.147	3.400e-3
183.368	3.440e-3
183.591	3.455e-3
183.811	3.425e-3
184.033	3.325e-3
184.254	3.305e-3
184.476	3.325e-3
184.698	3.320e-3
184.918	3.350e-3
185.139	3.405e-3
185.361	3.405e-3
185.582	3.375e-3
185.804	3.405e-3
186.024	3.425e-3
186.246	3.415e-3
186.467	3.450e-3
186.689	3.515e-3
186.910	3.555e-3
187.130	3.545e-3
187.352	3.540e-3
187.574	3.545e-3
187.795	3.515e-3
188.016	3.540e-3
188.237	3.595e-3
188.458	3.630e-3
188.680	3.665e-3
188.900	3.650e-3
189.123	3.675e-3
189.343	3.675e-3
189.565	3.670e-3
189.785	3.700e-3
190.008	3.695e-3
190.228	3.725e-3
190.451	3.720e-3
190.671	3.700e-3
190.893	3.745e-3
191.113	3.780e-3
191.334	3.750e-3
191.556	3.750e-3
191.777	3.800e-3
191.999	3.780e-3
192.219	3.775e-3
192.441	3.780e-3
192.662	3.755e-3
192.884	3.780e-3
193.104	3.815e-3
193.326	3.865e-3
193.547	3.925e-3
193.769	3.975e-3
193.990	4.015e-3
194.210	4.060e-3
194.432	4.090e-3
194.654	4.125e-3
194.875	4.185e-3
195.095	4.185e-3
195.318	4.195e-3
195.538	4.220e-3
195.760	4.275e-3
195.980	4.275e-3
196.203	4.320e-3
196.423	4.340e-3
196.644	4.365e-3
196.865	4.335e-3
197.086	4.290e-3
197.308	4.220e-3
197.529	4.200e-3
197.751	4.170e-3
197.972	4.195e-3
198.193	4.210e-3
198.414	4.195e-3
198.636	4.215e-3
198.857	4.195e-3
199.079	4.170e-3
199.299	4.175e-3
199.521	4.190e-3
199.742	4.175e-3
199.964	4.210e-3
200.185	4.245e-3
200.405	4.250e-3
200.627	4.250e-3
200.848	4.260e-3
201.071	4.235e-3
201.291	4.220e-3
201.513	4.220e-3
201.735	4.190e-3
201.956	4.185e-3
202.177	4.200e-3
202.399	4.185e-3
202.619	4.220e-3
202.841	4.210e-3
203.061	4.195e-3
203.283	4.170e-3
203.504	4.210e-3
203.725	4.275e-3
203.947	4.335e-3
204.167	4.365e-3
204.389	4.410e-3
204.610	4.445e-3
204.832	4.435e-3
205.052	4.415e-3
205.274	4.420e-3
205.495	4.445e-3
205.717	4.510e-3
205.938	4.560e-3
206.160	4.625e-3
206.380	4.665e-3
206.602	4.675e-3
206.823	4.700e-3
207.043	4.770e-3
207.266	4.815e-3
207.486	4.825e-3
207.708	4.860e-3
207.930	4.910e-3
208.151	4.925e-3
208.371	4.915e-3
208.593	4.945e-3
208.815	4.925e-3
209.036	4.960e-3
209.256	5.025e-3
209.479	5.095e-3
209.699	5.125e-3
209.921	5.175e-3
210.141	5.175e-3
210.364	5.220e-3
210.584	5.240e-3
210.805	5.220e-3
211.027	5.165e-3
211.247	5.135e-3
211.469	5.110e-3
211.690	5.110e-3
211.912	5.145e-3
212.133	5.195e-3
212.355	5.220e-3
212.575	5.210e-3
212.797	5.235e-3
213.018	5.250e-3
213.240	5.265e-3
213.460	5.235e-3
213.682	5.225e-3
213.903	5.220e-3
214.123	5.215e-3
214.346	5.240e-3
214.566	5.270e-3
214.788	5.310e-3
215.009	5.365e-3
215.231	5.425e-3
215.452	5.460e-3
215.672	5.485e-3
215.894	5.515e-3
216.116	5.575e-3
216.336	5.615e-3
216.557	5.630e-3
216.779	5.670e-3
217.001	5.720e-3
217.221	5.730e-3
217.442	5.735e-3
217.664	5.745e-3
217.885	5.765e-3
218.107	5.785e-3
218.327	5.845e-3
218.550	5.920e-3
218.772	5.935e-3
218.993	5.965e-3
219.214	6.040e-3
219.436	6.095e-3
219.656	6.135e-3
219.878	6.145e-3
220.099	6.155e-3
220.321	6.210e-3
220.541	6.270e-3
220.762	6.335e-3
220.984	6.340e-3
221.206	6.370e-3
221.426	6.370e-3
221.647	6.435e-3
221.869	6.445e-3
222.091	6.480e-3
222.312	6.490e-3
222.532	6.530e-3
222.753	6.545e-3
222.975	6.555e-3
223.197	6.565e-3
223.417	6.565e-3
223.638	6.610e-3
223.860	6.645e-3
224.081	6.685e-3
224.303	6.740e-3
224.523	6.790e-3
224.745	6.855e-3
224.966	6.905e-3
225.188	6.945e-3
225.408	6.960e-3
225.630	6.935e-3
225.851	6.930e-3
226.073	6.945e-3
226.294	6.955e-3
226.514	6.955e-3
226.736	6.980e-3
226.958	6.990e-3
227.179	7.005e-3
227.401	7.035e-3
227.622	7.095e-3
227.842	7.165e-3
228.064	7.215e-3
228.284	7.310e-3
228.507	7.350e-3
228.727	7.435e-3
228.949	7.530e-3
229.170	7.560e-3
229.392	7.585e-3
229.612	7.610e-3
229.833	7.630e-3
230.055	7.650e-3
230.277	7.660e-3
230.497	7.680e-3
230.718	7.690e-3
230.940	7.715e-3
231.161	7.750e-3
231.383	7.785e-3
231.603	7.850e-3
231.825	7.915e-3
232.046	8.005e-3
232.268	8.110e-3
232.488	8.160e-3
232.709	8.225e-3
232.931	8.285e-3
233.153	8.350e-3
233.374	8.400e-3
233.596	8.460e-3
233.816	8.530e-3
234.037	8.625e-3
234.259	8.685e-3
234.481	8.735e-3
234.702	8.765e-3
234.922	8.765e-3
235.144	8.820e-3
235.364	8.850e-3
235.587	8.870e-3
235.807	8.935e-3
236.029	9.010e-3
236.251	9.070e-3
236.473	9.095e-3
236.693	9.145e-3
236.914	9.230e-3
237.136	9.280e-3
237.358	9.330e-3
237.579	9.370e-3
237.799	9.385e-3
238.021	9.385e-3
238.242	9.385e-3
238.464	9.370e-3
238.684	9.345e-3
238.906	9.325e-3
239.127	9.285e-3
239.349	9.245e-3
239.570	9.220e-3
239.792	9.230e-3
240.012	9.225e-3
240.234	9.205e-3
240.455	9.175e-3
240.675	9.180e-3
240.897	9.205e-3
241.118	9.230e-3
241.340	9.250e-3
241.560	9.255e-3
241.783	9.285e-3
242.003	9.330e-3
242.225	9.360e-3
242.446	9.395e-3
242.668	9.445e-3
242.888	9.510e-3
243.109	9.595e-3
243.331	9.610e-3
243.553	9.630e-3
243.773	9.630e-3
243.994	9.695e-3
244.216	9.775e-3
244.438	9.795e-3
244.659	9.810e-3
244.879	9.830e-3
245.101	9.875e-3
245.322	9.905e-3
245.544	9.945e-3
245.764	9.995e-3
246.011	10.005e-3
246.256	10.005e-3
246.502	10.025e-3
246.749	10.080e-3
246.993	10.125e-3
247.240	10.170e-3
247.486	10.205e-3
247.732	10.230e-3
247.977	10.250e-3
248.223	10.255e-3
248.469	10.285e-3
248.715	10.355e-3
248.960	10.425e-3
249.206	10.470e-3
249.453	10.490e-3
249.698	10.500e-3
249.943	10.500e-3
250.189	10.550e-3
250.436	10.620e-3
250.682	10.590e-3
250.927	10.550e-3
251.173	10.525e-3
251.419	10.480e-3
251.665	10.420e-3
251.910	10.395e-3
252.156	10.415e-3
252.402	10.415e-3
252.648	10.360e-3
252.894	10.355e-3
253.139	10.330e-3
253.386	10.355e-3
253.633	10.350e-3
253.879	10.355e-3
254.125	10.400e-3
254.370	10.490e-3
254.616	10.550e-3
254.862	10.565e-3
255.107	10.545e-3
255.355	10.530e-3
255.599	10.495e-3
255.844	10.430e-3
256.090	10.375e-3
256.336	10.365e-3
256.583	10.390e-3
256.827	10.390e-3
257.073	10.400e-3
257.320	10.365e-3
257.566	10.360e-3
257.812	10.330e-3
258.058	10.335e-3
258.303	10.320e-3
258.549	10.260e-3
258.795	10.220e-3
259.040	10.200e-3
259.288	10.170e-3
259.532	10.135e-3
259.779	10.135e-3
260.025	10.180e-3
260.269	10.180e-3
260.516	10.195e-3
260.762	10.225e-3
261.008	10.275e-3
261.253	10.275e-3
261.499	10.295e-3
261.745	10.320e-3
261.991	10.305e-3
262.236	10.310e-3
262.482	10.330e-3
262.729	10.310e-3
262.974	10.350e-3
263.219	10.420e-3
263.465	10.475e-3
263.712	10.555e-3
263.958	10.630e-3
264.202	10.665e-3
264.449	10.705e-3
264.695	10.755e-3
264.941	10.790e-3
265.186	10.815e-3
265.432	10.850e-3
265.678	10.875e-3
265.924	10.865e-3
266.171	10.845e-3
266.415	10.870e-3
266.662	10.915e-3
266.907	10.900e-3
267.154	10.875e-3
267.399	10.880e-3
267.645	10.830e-3
267.891	10.780e-3
268.137	10.745e-3
268.382	10.670e-3
268.628	10.665e-3
268.874	10.650e-3
269.119	10.690e-3
269.365	10.695e-3
269.611	10.675e-3
269.857	10.615e-3
270.104	10.600e-3
270.348	10.595e-3
270.595	10.540e-3
270.841	10.455e-3
271.088	10.390e-3
271.334	10.345e-3
271.579	10.310e-3
271.825	10.285e-3
272.071	10.245e-3
272.316	10.225e-3
272.562	10.205e-3
272.809	10.220e-3
273.055	10.270e-3
273.300	10.330e-3
273.545	10.365e-3
273.792	10.365e-3
274.038	10.390e-3
274.284	10.430e-3
274.529	10.445e-3
274.775	10.425e-3
275.021	10.420e-3
275.267	10.390e-3
275.512	10.380e-3
275.758	10.355e-3
276.003	10.325e-3
276.251	10.300e-3
276.496	10.255e-3
276.742	10.180e-3
276.988	10.120e-3
277.234	10.050e-3
277.480	10.045e-3
277.725	10.005e-3
277.946	9.970e-3
278.168	9.930e-3
278.389	9.870e-3
278.610	9.760e-3
278.831	9.710e-3
279.053	9.680e-3
279.274	9.675e-3
279.494	9.710e-3
279.716	9.705e-3
279.938	9.655e-3
280.159	9.630e-3
280.379	9.610e-3
280.601	9.570e-3
280.822	9.555e-3
281.044	9.535e-3
281.265	9.510e-3
281.487	9.495e-3
281.707	9.460e-3
281.929	9.405e-3
282.149	9.395e-3
282.371	9.400e-3
282.592	9.360e-3
282.813	9.345e-3
283.035	9.325e-3
283.257	9.330e-3
283.477	9.325e-3
283.698	9.335e-3
283.920	9.345e-3
284.142	9.330e-3
284.363	9.320e-3
284.583	9.330e-3
284.805	9.350e-3
285.026	9.380e-3
285.248	9.405e-3
285.468	9.405e-3
285.690	9.410e-3
285.911	9.435e-3
286.133	9.455e-3
286.354	9.470e-3
286.575	9.445e-3
286.796	9.405e-3
287.018	9.400e-3
287.239	9.410e-3
287.459	9.385e-3
287.681	9.310e-3
287.902	9.230e-3
288.124	9.225e-3
288.344	9.210e-3
288.566	9.185e-3
288.788	9.180e-3
289.010	9.145e-3
289.231	9.095e-3
289.453	9.020e-3
289.673	8.950e-3
289.894	8.895e-3
290.116	8.860e-3
290.337	8.850e-3
290.558	8.805e-3
290.779	8.770e-3
291.001	8.725e-3
291.222	8.700e-3
291.444	8.700e-3
291.664	8.710e-3
291.886	8.665e-3
292.107	8.650e-3
292.329	8.615e-3
292.549	8.605e-3
292.771	8.600e-3
292.992	8.610e-3
293.214	8.575e-3
293.435	8.550e-3
293.655	8.540e-3
293.877	8.540e-3
294.098	8.505e-3
294.320	8.460e-3
294.542	8.430e-3
294.761	8.365e-3
294.983	8.330e-3
295.205	8.260e-3
295.427	8.205e-3
295.648	8.185e-3
295.868	8.140e-3
296.090	8.105e-3
296.311	8.025e-3
296.533	7.950e-3
296.753	7.880e-3
296.974	7.835e-3
297.196	7.760e-3
297.418	7.710e-3
297.639	7.685e-3
297.859	7.710e-3
298.081	7.685e-3
298.302	7.660e-3
298.524	7.660e-3
298.744	7.660e-3
298.965	7.650e-3
299.187	7.615e-3
299.409	7.575e-3
299.629	7.540e-3
299.850	7.525e-3
300.072	7.550e-3
300.294	7.560e-3
300.515	7.550e-3
300.736	7.555e-3
300.957	7.560e-3
301.178	7.610e-3
301.400	7.675e-3
301.620	7.725e-3
301.841	7.760e-3
302.063	7.830e-3
302.285	7.890e-3
302.506	7.960e-3
302.727	7.980e-3
302.948	8.000e-3
303.170	7.985e-3
303.391	7.985e-3
303.611	7.940e-3
303.833	7.860e-3
304.054	7.750e-3
304.276	7.590e-3
304.498	7.475e-3
304.719	7.385e-3
304.939	7.285e-3
305.161	7.210e-3
305.382	7.170e-3
305.604	7.055e-3
305.824	6.940e-3
306.048	6.820e-3
306.268	6.735e-3
306.490	6.640e-3
306.711	6.590e-3
306.931	6.545e-3
307.153	6.515e-3
307.374	6.495e-3
307.596	6.485e-3
307.816	6.460e-3
308.038	6.455e-3
308.259	6.455e-3
308.481	6.405e-3
308.701	6.370e-3
308.924	6.385e-3
309.144	6.405e-3
309.366	6.415e-3
309.587	6.435e-3
309.807	6.445e-3
310.029	6.415e-3
310.250	6.410e-3
310.472	6.405e-3
310.694	6.405e-3
310.915	6.415e-3
311.135	6.395e-3
311.357	6.395e-3
311.577	6.405e-3
311.799	6.395e-3
312.020	6.365e-3
312.242	6.345e-3
312.463	6.330e-3
312.685	6.315e-3
312.905	6.295e-3
313.126	6.285e-3
313.348	6.280e-3
313.570	6.260e-3
313.791	6.235e-3
314.012	6.215e-3
314.233	6.185e-3
314.454	6.190e-3
314.676	6.205e-3
314.896	6.205e-3
315.118	6.185e-3
315.339	6.170e-3
315.561	6.180e-3
315.782	6.195e-3
316.002	6.195e-3
316.224	6.180e-3
316.446	6.190e-3
316.667	6.195e-3
316.889	6.205e-3
317.109	6.190e-3
317.330	6.145e-3
317.552	6.095e-3
317.774	6.070e-3
317.995	6.040e-3
318.215	6.040e-3
318.437	6.005e-3
318.658	5.980e-3
318.879	5.960e-3
319.100	5.955e-3
319.322	5.955e-3
319.543	5.930e-3
319.765	5.905e-3
319.985	5.865e-3
320.206	5.855e-3
320.428	5.840e-3
320.649	5.795e-3
320.871	5.770e-3
321.091	5.755e-3
321.313	5.770e-3
321.534	5.760e-3
321.756	5.730e-3
321.976	5.690e-3
322.199	5.655e-3
322.419	5.645e-3
322.641	5.630e-3
322.862	5.610e-3
323.082	5.590e-3
323.304	5.560e-3
323.527	5.525e-3
323.748	5.510e-3
323.970	5.465e-3
324.191	5.400e-3
324.411	5.350e-3
324.633	5.295e-3
324.853	5.240e-3
325.076	5.210e-3
325.296	5.185e-3
325.517	5.160e-3
325.739	5.140e-3
325.960	5.120e-3
326.181	5.085e-3
326.402	5.050e-3
326.624	5.020e-3
326.846	4.975e-3
327.066	4.945e-3
327.287	4.940e-3
327.509	4.925e-3
327.732	4.875e-3
327.952	4.845e-3
328.172	4.800e-3
328.394	4.740e-3
328.615	4.670e-3
328.837	4.635e-3
329.058	4.625e-3
329.278	4.615e-3
329.500	4.590e-3
329.722	4.565e-3
329.943	4.520e-3
330.165	4.460e-3
330.385	4.375e-3
330.606	4.335e-3
330.828	4.265e-3
331.050	4.195e-3
331.271	4.145e-3
331.491	4.070e-3
331.713	4.015e-3
331.933	3.980e-3
332.156	3.920e-3
332.376	3.855e-3
332.597	3.825e-3
332.819	3.800e-3
333.041	3.770e-3
333.261	3.725e-3
333.482	3.675e-3
333.704	3.640e-3
333.925	3.625e-3
334.147	3.615e-3
334.367	3.595e-3
334.589	3.590e-3
334.812	3.570e-3
335.032	3.565e-3
335.252	3.530e-3
335.474	3.525e-3
335.695	3.530e-3
335.917	3.545e-3
336.138	3.550e-3
336.360	3.575e-3
336.580	3.615e-3
336.802	3.645e-3
337.023	3.720e-3
337.245	3.820e-3
337.466	3.975e-3
337.686	4.140e-3
337.908	4.335e-3
338.130	4.475e-3
338.350	4.520e-3
338.571	4.425e-3
338.793	4.245e-3
339.015	4.060e-3
339.236	3.880e-3
339.456	3.740e-3
339.677	3.645e-3
339.899	3.570e-3
340.121	3.520e-3
340.341	3.475e-3
340.562	3.470e-3
340.784	3.475e-3
341.006	3.480e-3
341.228	3.515e-3
341.448	3.540e-3
341.670	3.575e-3
341.893	3.600e-3
342.113	3.600e-3
342.334	3.650e-3
342.555	3.715e-3
342.776	3.745e-3
342.998	3.795e-3
343.219	3.840e-3
343.441	3.900e-3
343.661	3.965e-3
343.883	3.995e-3
344.104	4.020e-3
344.324	4.000e-3
344.545	3.975e-3
344.767	3.905e-3
344.989	3.840e-3
345.211	3.765e-3
345.432	3.670e-3
345.652	3.580e-3
345.873	3.490e-3
346.095	3.375e-3
346.317	3.280e-3
346.537	3.165e-3
346.758	3.070e-3
346.980	2.990e-3
347.200	2.955e-3
347.422	2.940e-3
347.643	2.915e-3
347.865	2.900e-3
348.086	2.875e-3
348.308	2.845e-3
348.528	2.830e-3
348.750	2.825e-3
348.971	2.795e-3
349.193	2.780e-3
349.414	2.800e-3
349.636	2.820e-3
349.856	2.815e-3
350.078	2.815e-3
350.299	2.820e-3
350.519	2.790e-3
350.741	2.775e-3
350.963	2.765e-3
351.184	2.775e-3
351.404	2.780e-3
351.625	2.780e-3
351.847	2.790e-3
352.069	2.775e-3
352.291	2.775e-3
352.512	2.790e-3
352.732	2.790e-3
352.953	2.790e-3
353.175	2.775e-3
353.397	2.790e-3
353.617	2.800e-3
353.838	2.800e-3
354.060	2.815e-3
354.281	2.820e-3
354.502	2.795e-3
354.723	2.775e-3
354.945	2.750e-3
355.166	2.715e-3
355.388	2.670e-3
355.608	2.615e-3
355.830	2.575e-3
356.053	2.550e-3
356.273	2.515e-3
356.494	2.500e-3
356.714	2.470e-3
356.936	2.465e-3
357.158	2.440e-3
357.379	2.415e-3
357.599	2.420e-3
357.820	2.425e-3
358.042	2.420e-3
358.264	2.425e-3
358.485	2.420e-3
358.707	2.415e-3
358.928	2.415e-3
359.150	2.420e-3
359.372	2.420e-3
359.593	2.415e-3
359.813	2.405e-3
360.034	2.415e-3
360.256	2.415e-3
360.478	2.425e-3
360.698	2.430e-3
360.919	2.445e-3
361.141	2.475e-3
361.362	2.495e-3
361.584	2.505e-3
361.804	2.515e-3
362.026	2.525e-3
362.247	2.525e-3
362.469	2.545e-3
362.689	2.540e-3
362.910	2.550e-3
363.132	2.565e-3
363.353	2.580e-3
363.575	2.600e-3
363.795	2.625e-3
364.017	2.655e-3
364.239	2.695e-3
364.460	2.730e-3
364.682	2.775e-3
364.903	2.820e-3
365.123	2.865e-3
365.345	2.900e-3
365.565	2.945e-3
365.786	2.995e-3
366.008	3.050e-3
366.230	3.080e-3
366.451	3.130e-3
366.673	3.180e-3
366.893	3.240e-3
367.114	3.270e-3
367.336	3.300e-3
367.556	3.320e-3
367.777	3.305e-3
367.999	3.305e-3
368.221	3.300e-3
368.442	3.275e-3
368.664	3.225e-3
368.884	3.170e-3
369.106	3.070e-3
369.327	2.970e-3
369.549	2.865e-3
369.770	2.755e-3
369.990	2.655e-3