350.000000
1.000000
1
0.000	-0.040e-3
0.246	-0.035e-3
0.493	-0.035e-3
0.737	-0.035e-3
0.983	-0.035e-3
1.230	-0.030e-3
1.476	-0.030e-3
1.720	-0.030e-3
1.967	-0.040e-3
2.213	-0.035e-3
2.459	-0.040e-3
2.704	-0.040e-3
2.950	-0.035e-3
3.196	-0.035e-3
3.443	-0.035e-3
3.688	-0.035e-3
3.933	-0.040e-3
4.179	-0.035e-3
4.426	-0.040e-3
4.672	-0.040e-3
4.917	-0.035e-3
5.163	-0.035e-3
5.410	-0.040e-3
5.655	-0.040e-3
5.901	-0.040e-3
6.147	-0.035e-3
6.393	-0.040e-3
6.638	-0.040e-3
6.884	-0.035e-3
7.130	-0.040e-3
7.377	-0.040e-3
7.623	-0.040e-3
7.869	-0.035e-3
8.113	-0.040e-3
8.360	-0.035e-3
8.606	-0.035e-3
8.851	-0.030e-3
9.097	-0.030e-3
9.343	-0.030e-3
9.588	-0.035e-3
9.834	-0.040e-3
10.080	-0.030e-3
10.326	-0.030e-3
10.571	-0.030e-3
10.817	-0.030e-3
11.064	-0.030e-3
11.310	-0.030e-3
11.556	-0.030e-3
11.802	-0.025e-3
12.048	-0.030e-3
12.293	-0.025e-3
12.539	-0.030e-3
12.784	-0.030e-3
13.030	-0.030e-3
13.276	-0.030e-3
13.521	-0.025e-3
13.767	-0.015e-3
14.013	-0.025e-3
14.259	-0.030e-3
14.506	-0.030e-3
14.752	-0.030e-3
14.997	-0.025e-3
15.243	-0.025e-3
15.489	-0.015e-3
15.735	-0.015e-3
15.980	-0.010e-3
16.226	-0.010e-3
16.472	-0.015e-3
16.719	-0.010e-3
16.963	-0.010e-3
17.209	-0.010e-3
17.456	-0.005e-3
17.702	-0.010e-3
17.922	0.000e-3
18.144	0.005e-3
18.365	0.005e-3
18.587	0.005e-3
18.808	0.010e-3
19.028	0.010e-3
19.250	0.015e-3
19.471	0.010e-3
19.693	0.010e-3
19.913	0.015e-3
20.134	0.025e-3
20.356	0.025e-3
20.578	0.030e-3
20.799	0.035e-3
21.019	0.035e-3
21.241	0.040e-3
21.463	0.040e-3
21.684	0.040e-3
21.906	0.050e-3
22.125	0.050e-3
22.347	0.055e-3
22.569	0.055e-3
22.790	0.060e-3
23.013	0.065e-3
23.233	0.065e-3
23.455	0.065e-3
23.676	0.065e-3
23.898	0.075e-3
24.118	0.075e-3
24.339	0.080e-3
24.561	0.080e-3
24.783	0.085e-3
25.003	0.085e-3
25.225	0.085e-3
25.446	0.090e-3
25.667	0.100e-3
25.889	0.100e-3
26.110	0.105e-3
26.331	0.105e-3
26.552	0.110e-3
26.774	0.110e-3
26.994	0.115e-3
27.217	0.115e-3
27.437	0.115e-3
27.659	0.125e-3
27.880	0.130e-3
28.101	0.130e-3
28.322	0.130e-3
28.544	0.135e-3
28.765	0.135e-3
28.985	0.140e-3
29.208	0.140e-3
29.428	0.135e-3
29.650	0.140e-3
29.870	0.140e-3
30.092	0.150e-3
30.313	0.150e-3
30.534	0.150e-3
30.756	0.150e-3
30.978	0.150e-3
31.198	0.150e-3
31.419	0.150e-3
31.641	0.150e-3
31.863	0.140e-3
32.084	0.140e-3
32.304	0.150e-3
32.526	0.140e-3
32.747	0.140e-3
32.969	0.140e-3
33.189	0.140e-3
33.411	0.140e-3
33.632	0.140e-3
33.854	0.150e-3
34.075	0.150e-3
34.297	0.150e-3
34.517	0.140e-3
34.739	0.140e-3
34.960	0.140e-3
35.180	0.140e-3
35.402	0.140e-3
35.623	0.135e-3
35.845	0.140e-3
36.065	0.135e-3
36.287	0.135e-3
36.508	0.135e-3
36.730	0.135e-3
36.950	0.135e-3
37.172	0.135e-3
37.393	0.135e-3
37.614	0.135e-3
37.836	0.130e-3
38.057	0.125e-3
38.278	0.125e-3
38.499	0.125e-3
38.721	0.125e-3
38.942	0.125e-3
39.164	0.125e-3
39.384	0.125e-3
39.606	0.125e-3
39.827	0.125e-3
40.049	0.125e-3
40.270	0.125e-3
40.492	0.115e-3
40.713	0.115e-3
40.935	0.115e-3
41.156	0.115e-3
41.376	0.115e-3
41.598	0.115e-3
41.820	0.110e-3
42.041	0.110e-3
42.263	0.105e-3
42.484	0.105e-3
42.704	0.105e-3
42.926	0.100e-3
43.146	0.105e-3
43.368	0.100e-3
43.589	0.100e-3
43.810	0.100e-3
44.032	0.090e-3
44.254	0.085e-3
44.474	0.085e-3
44.695	0.090e-3
44.917	0.090e-3
45.137	0.100e-3
45.359	0.090e-3
45.580	0.090e-3
45.802	0.090e-3
46.023	0.090e-3
46.245	0.090e-3
46.465	0.100e-3
46.687	0.090e-3
46.908	0.090e-3
47.130	0.085e-3
47.351	0.085e-3
47.571	0.080e-3
47.793	0.075e-3
48.015	0.075e-3
48.236	0.075e-3
48.456	0.075e-3
48.678	0.075e-3
48.900	0.075e-3
49.121	0.075e-3
49.341	0.075e-3
49.563	0.075e-3
49.784	0.080e-3
50.006	0.080e-3
50.226	0.075e-3
50.447	0.075e-3
50.669	0.075e-3
50.890	0.065e-3
51.112	0.065e-3
51.332	0.065e-3
51.554	0.065e-3
51.775	0.065e-3
51.997	0.060e-3
52.217	0.060e-3
52.439	0.060e-3
52.660	0.060e-3
52.882	0.055e-3
53.103	0.055e-3
53.325	0.055e-3
53.545	0.055e-3
53.767	0.060e-3
53.988	0.060e-3
54.210	0.060e-3
54.431	0.060e-3
54.651	0.055e-3
54.873	0.055e-3
55.094	0.055e-3
55.316	0.055e-3
55.536	0.050e-3
55.759	0.050e-3
55.979	0.050e-3
56.201	0.050e-3
56.421	0.050e-3
56.643	0.050e-3
56.864	0.050e-3
57.086	0.050e-3
57.306	0.040e-3
57.527	0.040e-3
57.750	0.040e-3
57.971	0.040e-3
58.193	0.040e-3
58.413	0.040e-3
58.635	0.040e-3
58.856	0.050e-3
59.078	0.050e-3
59.299	0.040e-3
59.521	0.040e-3
59.741	0.040e-3
59.963	0.040e-3
60.184	0.040e-3
60.406	0.040e-3
60.626	0.035e-3
60.848	0.035e-3
61.069	0.040e-3
61.291	0.040e-3
61.512	0.040e-3
61.732	0.040e-3
61.954	0.040e-3
62.176	0.040e-3
62.397	0.040e-3
62.619	0.040e-3
62.840	0.040e-3
63.060	0.040e-3
63.282	0.040e-3
63.502	0.050e-3
63.724	0.050e-3
63.945	0.050e-3
64.167	0.050e-3
64.387	0.040e-3
64.610	0.040e-3
64.830	0.050e-3
65.051	0.050e-3
65.273	0.050e-3
65.494	0.055e-3
65.715	0.055e-3
65.936	0.055e-3
66.158	0.050e-3
66.379	0.050e-3
66.600	0.050e-3
66.821	0.050e-3
67.043	0.055e-3
67.264	0.050e-3
67.486	0.055e-3
67.707	0.055e-3
67.927	0.055e-3
68.149	0.055e-3
68.369	0.055e-3
68.592	0.055e-3
68.814	0.055e-3
69.034	0.060e-3
69.256	0.060e-3
69.477	0.060e-3
69.697	0.060e-3
69.918	0.060e-3
70.140	0.060e-3
70.362	0.060e-3
70.582	0.060e-3
70.805	0.060e-3
71.025	0.065e-3
71.246	0.065e-3
71.468	0.075e-3
71.690	0.065e-3
71.910	0.075e-3
72.131	0.075e-3
72.353	0.080e-3
72.575	0.085e-3
72.795	0.085e-3
73.016	0.090e-3
73.238	0.105e-3
73.459	0.105e-3
73.681	0.105e-3
73.901	0.105e-3
74.123	0.105e-3
74.344	0.105e-3
74.566	0.105e-3
74.787	0.105e-3
75.007	0.105e-3
75.230	0.110e-3
75.452	0.110e-3
75.673	0.115e-3
75.894	0.115e-3
76.115	0.125e-3
76.336	0.130e-3
76.558	0.130e-3
76.779	0.125e-3
77.001	0.130e-3
77.221	0.130e-3
77.443	0.130e-3
77.665	0.135e-3
77.886	0.140e-3
78.106	0.150e-3
78.327	0.150e-3
78.549	0.155e-3
78.769	0.160e-3
78.991	0.165e-3
79.212	0.165e-3
79.434	0.165e-3
79.655	0.175e-3
79.877	0.180e-3
80.097	0.185e-3
80.319	0.190e-3
80.540	0.200e-3
80.760	0.205e-3
80.982	0.210e-3
81.204	0.215e-3
81.425	0.215e-3
81.646	0.225e-3
81.868	0.230e-3
82.088	0.235e-3
82.310	0.235e-3
82.532	0.240e-3
82.753	0.255e-3
82.973	0.265e-3
83.194	0.275e-3
83.416	0.280e-3
83.638	0.285e-3
83.858	0.290e-3
84.081	0.300e-3
84.301	0.310e-3
84.523	0.315e-3
84.744	0.325e-3
84.964	0.335e-3
85.186	0.340e-3
85.407	0.355e-3
85.629	0.360e-3
85.849	0.365e-3
86.071	0.380e-3
86.292	0.390e-3
86.514	0.400e-3
86.735	0.410e-3
86.957	0.425e-3
87.177	0.435e-3
87.399	0.450e-3
87.620	0.460e-3
87.841	0.475e-3
88.062	0.490e-3
88.283	0.505e-3
88.505	0.525e-3
88.725	0.535e-3
88.948	0.550e-3
89.168	0.560e-3
89.390	0.585e-3
89.611	0.600e-3
89.833	0.615e-3
90.053	0.640e-3
90.276	0.660e-3
90.496	0.680e-3
90.718	0.700e-3
90.940	0.725e-3
91.159	0.750e-3
91.381	0.780e-3
91.603	0.800e-3
91.824	0.830e-3
92.044	0.860e-3
92.266	0.895e-3
92.487	0.925e-3
92.710	0.955e-3
92.930	0.975e-3
93.153	0.995e-3
93.373	1.025e-3
93.595	1.050e-3
93.816	1.075e-3
94.038	1.095e-3
94.258	1.120e-3
94.479	1.145e-3
94.701	1.175e-3
94.921	1.205e-3
95.144	1.245e-3
95.365	1.275e-3
95.586	1.310e-3
95.807	1.345e-3
96.029	1.380e-3
96.249	1.420e-3
96.471	1.455e-3
96.692	1.485e-3
96.914	1.525e-3
97.134	1.560e-3
97.357	1.600e-3
97.577	1.635e-3
97.799	1.680e-3
98.020	1.720e-3
98.240	1.760e-3
98.462	1.795e-3
98.683	1.830e-3
98.905	1.870e-3
99.125	1.910e-3
99.347	1.950e-3
99.568	1.985e-3
99.790	2.025e-3
100.011	2.060e-3
100.233	2.095e-3
100.453	2.130e-3
100.675	2.180e-3
100.896	2.220e-3
101.118	2.255e-3
101.338	2.295e-3
101.559	2.330e-3
101.781	2.380e-3
102.003	2.420e-3
102.224	2.465e-3
102.444	2.515e-3
102.666	2.565e-3
102.887	2.615e-3
103.109	2.670e-3
103.329	2.750e-3
103.551	2.900e-3
103.772	3.100e-3
103.994	3.320e-3
104.214	3.470e-3
104.435	3.545e-3
104.657	3.550e-3
104.879	3.530e-3
105.100	3.500e-3
105.322	3.470e-3
105.542	3.465e-3
105.763	3.475e-3
105.985	3.545e-3
106.207	3.645e-3
106.428	3.730e-3
106.648	3.780e-3
106.870	3.780e-3
107.091	3.775e-3
107.311	3.765e-3
107.533	3.755e-3
107.754	3.755e-3
107.976	3.755e-3
108.198	3.765e-3
108.418	3.795e-3
108.639	3.820e-3
108.861	3.840e-3
109.083	3.870e-3
109.304	3.905e-3
109.524	3.945e-3
109.746	3.980e-3
109.967	4.020e-3
110.190	4.060e-3
110.410	4.110e-3
110.631	4.175e-3
110.853	4.245e-3
111.075	4.315e-3
111.296	4.395e-3
111.518	4.475e-3
111.738	4.550e-3
111.960	4.615e-3
112.181	4.695e-3
112.401	4.765e-3
112.623	4.815e-3
112.844	4.845e-3
113.066	4.865e-3
113.286	4.870e-3
113.509	4.875e-3
113.729	4.875e-3
113.951	4.895e-3
114.172	4.925e-3
114.392	4.960e-3
114.614	4.995e-3
114.835	5.060e-3
115.057	5.140e-3
115.279	5.220e-3
115.499	5.320e-3
115.720	5.425e-3
115.942	5.570e-3
116.163	5.740e-3
116.385	5.915e-3
116.605	6.090e-3
116.827	6.260e-3
117.048	6.380e-3
117.270	6.455e-3
117.490	6.485e-3
117.711	6.485e-3
117.933	6.455e-3
118.155	6.410e-3
118.376	6.365e-3
118.596	6.320e-3
118.818	6.265e-3
119.039	6.230e-3
119.261	6.195e-3
119.483	6.185e-3
119.704	6.190e-3
119.924	6.215e-3
120.146	6.280e-3
120.366	6.390e-3
120.589	6.585e-3
120.809	6.895e-3
121.030	7.300e-3
121.252	7.760e-3
121.474	8.165e-3
121.694	8.465e-3
121.915	8.625e-3
122.137	8.680e-3
122.359	8.665e-3
122.580	8.590e-3
122.800	8.475e-3
123.022	8.350e-3
123.243	8.240e-3
123.465	8.150e-3
123.686	8.050e-3
123.907	7.960e-3
124.128	7.900e-3
124.350	7.815e-3
124.571	7.725e-3
124.791	7.625e-3
125.013	7.535e-3
125.234	7.435e-3
125.456	7.325e-3
125.676	7.215e-3
125.898	7.135e-3
126.119	7.060e-3
126.341	7.030e-3
126.561	7.065e-3
126.784	7.240e-3
127.004	7.590e-3
127.226	8.005e-3
127.446	8.310e-3
127.669	8.405e-3
127.890	8.325e-3
128.111	8.130e-3
128.333	7.880e-3
128.554	7.615e-3
128.775	7.360e-3
128.996	7.130e-3
129.218	6.935e-3
129.439	6.780e-3
129.661	6.670e-3
129.881	6.605e-3
130.103	6.530e-3
130.324	6.445e-3
130.546	6.395e-3
130.766	6.360e-3
130.988	6.340e-3
131.209	6.330e-3
131.431	6.330e-3
131.652	6.345e-3
131.872	6.355e-3
132.094	6.355e-3
132.316	6.360e-3
132.537	6.365e-3
132.757	6.380e-3
132.979	6.385e-3
133.200	6.415e-3
133.422	6.460e-3
133.642	6.510e-3
133.865	6.560e-3
134.085	6.635e-3
134.306	6.745e-3
134.528	6.930e-3
134.750	7.145e-3
134.970	7.340e-3
135.191	7.465e-3
135.413	7.550e-3
135.633	7.565e-3
135.855	7.575e-3
136.076	7.560e-3
136.298	7.535e-3
136.519	7.535e-3
136.741	7.585e-3
136.961	7.625e-3
137.183	7.650e-3
137.404	7.630e-3
137.625	7.605e-3
137.847	7.555e-3
138.068	7.500e-3
138.289	7.435e-3
138.511	7.365e-3
138.732	7.300e-3
138.952	7.230e-3
139.174	7.175e-3
139.396	7.115e-3
139.617	7.030e-3
139.837	6.955e-3
140.058	6.870e-3
140.280	6.805e-3
140.502	6.745e-3
140.722	6.690e-3
140.943	6.640e-3
141.165	6.590e-3
141.386	6.555e-3
141.608	6.535e-3
141.828	6.495e-3
142.050	6.470e-3
142.271	6.445e-3
142.493	6.430e-3
142.714	6.415e-3
142.935	6.410e-3
143.156	6.385e-3
143.378	6.365e-3
143.599	6.340e-3
143.821	6.320e-3
144.041	6.305e-3
144.263	6.285e-3
144.484	6.245e-3
144.706	6.240e-3
144.927	6.260e-3
145.147	6.310e-3
145.370	6.405e-3
145.592	6.540e-3
145.813	6.715e-3
146.033	6.860e-3
146.255	6.970e-3
146.476	7.035e-3
146.698	7.070e-3
146.918	7.065e-3
147.141	7.010e-3
147.361	6.935e-3
147.583	6.830e-3
147.803	6.720e-3
148.024	6.610e-3
148.246	6.490e-3
148.467	6.390e-3
148.689	6.295e-3
148.911	6.190e-3
149.131	6.080e-3
149.352	5.985e-3
149.574	5.905e-3
149.795	5.815e-3
150.015	5.740e-3
150.237	5.665e-3
150.459	5.585e-3
150.680	5.520e-3
150.902	5.460e-3
151.122	5.410e-3
151.344	5.360e-3
151.565	5.320e-3
151.785	5.270e-3
152.008	5.220e-3
152.228	5.175e-3
152.450	5.140e-3
152.672	5.095e-3
152.893	5.040e-3
153.113	4.990e-3
153.336	4.940e-3
153.556	4.890e-3
153.778	4.825e-3
153.998	4.775e-3
154.219	4.745e-3
154.441	4.695e-3
154.663	4.635e-3
154.883	4.585e-3
155.105	4.535e-3
155.326	4.490e-3
155.547	4.460e-3
155.769	4.420e-3
155.991	4.385e-3
156.211	4.360e-3
156.432	4.335e-3
156.654	4.310e-3
156.875	4.270e-3
157.097	4.240e-3
157.317	4.210e-3
157.539	4.185e-3
157.760	4.135e-3
157.982	4.095e-3
158.203	4.045e-3
158.423	4.010e-3
158.645	3.980e-3
158.867	3.950e-3
159.088	3.925e-3
159.308	3.890e-3
159.530	3.845e-3
159.752	3.815e-3
159.973	3.790e-3
160.193	3.755e-3
160.414	3.720e-3
160.636	3.675e-3
160.858	3.625e-3
161.078	3.575e-3
161.301	3.530e-3
161.521	3.495e-3
161.742	3.465e-3
161.964	3.420e-3
162.186	3.380e-3
162.406	3.350e-3
162.627	3.325e-3
162.850	3.295e-3
163.070	3.250e-3
163.292	3.215e-3
163.513	3.175e-3
163.735	3.155e-3
163.956	3.125e-3
164.178	3.080e-3
164.398	3.055e-3
164.620	3.040e-3
164.841	3.005e-3
165.061	2.975e-3
165.284	2.940e-3
165.504	2.915e-3
165.726	2.875e-3
165.948	2.840e-3
166.169	2.800e-3
166.389	2.765e-3
166.611	2.725e-3
166.832	2.700e-3
167.054	2.670e-3
167.274	2.645e-3
167.495	2.615e-3
167.717	2.580e-3
167.939	2.550e-3
168.159	2.525e-3
168.382	2.490e-3
168.602	2.465e-3
168.823	2.430e-3
169.045	2.400e-3
169.266	2.380e-3
169.487	2.360e-3
169.708	2.345e-3
169.930	2.310e-3
170.151	2.280e-3
170.371	2.260e-3
170.593	2.230e-3
170.815	2.205e-3
171.036	2.175e-3
171.258	2.145e-3
171.478	2.120e-3
171.699	2.085e-3
171.921	2.055e-3
172.143	2.020e-3
172.364	1.985e-3
172.584	1.960e-3
172.806	1.935e-3
173.027	1.905e-3
173.249	1.870e-3
173.469	1.845e-3
173.691	1.820e-3
173.912	1.785e-3
174.133	1.760e-3
174.354	1.735e-3
174.575	1.710e-3
174.797	1.685e-3
175.019	1.670e-3
175.240	1.650e-3
175.460	1.630e-3
175.682	1.605e-3
175.903	1.580e-3
176.125	1.560e-3
176.345	1.545e-3
176.566	1.520e-3
176.788	1.495e-3
177.010	1.480e-3
177.231	1.455e-3
177.451	1.430e-3
177.673	1.410e-3
177.895	1.385e-3
178.116	1.375e-3
178.336	1.355e-3
178.558	1.330e-3
178.779	1.320e-3
179.001	1.300e-3
179.221	1.275e-3
179.442	1.250e-3
179.664	1.230e-3
179.886	1.210e-3
180.107	1.195e-3
180.330	1.180e-3
180.550	1.160e-3
180.771	1.145e-3
180.993	1.130e-3
181.215	1.120e-3
181.435	1.105e-3
181.656	1.085e-3
181.878	1.075e-3
182.099	1.055e-3
182.321	1.035e-3
182.542	1.020e-3
182.763	1.000e-3
182.984	0.985e-3
183.206	0.970e-3
183.426	0.955e-3
183.648	0.945e-3
183.869	0.930e-3
184.091	0.920e-3
184.312	0.905e-3
184.534	0.885e-3
184.754	0.875e-3
184.975	0.860e-3
185.197	0.855e-3
185.419	0.835e-3
185.640	0.830e-3
185.860	0.805e-3
186.082	0.795e-3
186.302	0.790e-3
186.523	0.780e-3
186.745	0.765e-3
186.967	0.760e-3
187.188	0.750e-3
187.410	0.735e-3
187.630	0.725e-3
187.851	0.715e-3
188.073	0.710e-3
188.295	0.700e-3
188.516	0.685e-3
188.736	0.680e-3
188.958	0.665e-3
189.179	0.660e-3
189.401	0.650e-3
189.621	0.640e-3
189.843	0.635e-3
190.064	0.630e-3
190.286	0.625e-3
190.506	0.610e-3
190.729	0.600e-3
190.949	0.600e-3
191.171	0.585e-3
191.392	0.575e-3
191.612	0.565e-3
191.834	0.565e-3
192.055	0.555e-3
192.277	0.550e-3
192.497	0.540e-3
192.720	0.535e-3
192.940	0.530e-3
193.162	0.525e-3
193.383	0.510e-3
193.605	0.500e-3
193.825	0.490e-3
194.047	0.485e-3
194.268	0.480e-3
194.490	0.475e-3
194.710	0.465e-3
194.931	0.460e-3
195.153	0.455e-3
195.374	0.450e-3
195.596	0.450e-3
195.818	0.440e-3
196.038	0.435e-3
196.259	0.430e-3
196.481	0.425e-3
196.702	0.415e-3
196.922	0.410e-3
197.144	0.410e-3
197.366	0.400e-3
197.587	0.400e-3
197.809	0.390e-3
198.030	0.390e-3
198.251	0.385e-3
198.473	0.385e-3
198.694	0.385e-3
198.915	0.385e-3
199.136	0.385e-3
199.358	0.380e-3
199.578	0.375e-3
199.799	0.375e-3
200.021	0.365e-3
200.243	0.365e-3
200.464	0.360e-3
200.686	0.350e-3
200.906	0.340e-3
201.127	0.335e-3
201.349	0.335e-3
201.570	0.330e-3
201.792	0.325e-3
202.014	0.325e-3
202.234	0.325e-3
202.456	0.315e-3
202.677	0.315e-3
202.897	0.315e-3
203.118	0.315e-3
203.340	0.315e-3
203.562	0.325e-3
203.783	0.310e-3
204.003	0.310e-3
204.225	0.310e-3
204.447	0.305e-3
204.668	0.305e-3
204.888	0.300e-3
205.110	0.290e-3
205.331	0.290e-3
205.553	0.290e-3
205.773	0.290e-3
205.995	0.290e-3
206.216	0.290e-3
206.438	0.285e-3
206.659	0.285e-3
206.881	0.285e-3
207.101	0.280e-3
207.323	0.280e-3
207.544	0.275e-3
207.766	0.265e-3
207.986	0.265e-3
208.207	0.265e-3
208.429	0.265e-3
208.651	0.265e-3
208.872	0.260e-3
209.092	0.260e-3
209.314	0.260e-3
209.535	0.260e-3
209.757	0.260e-3
209.977	0.260e-3
210.198	0.260e-3
210.420	0.260e-3
210.642	0.260e-3
210.862	0.260e-3
211.085	0.255e-3
211.305	0.250e-3
211.526	0.250e-3
211.748	0.250e-3
211.969	0.250e-3
212.190	0.250e-3
212.411	0.255e-3
212.633	0.260e-3
212.853	0.265e-3
213.076	0.265e-3
213.296	0.265e-3
213.518	0.265e-3
213.739	0.260e-3
213.961	0.250e-3
214.181	0.240e-3
214.403	0.235e-3
214.624	0.235e-3
214.846	0.230e-3
215.067	0.230e-3
215.288	0.230e-3
215.510	0.230e-3
215.732	0.225e-3
215.953	0.225e-3
216.173	0.230e-3
216.395	0.235e-3
216.616	0.235e-3
216.838	0.235e-3
217.058	0.230e-3
217.279	0.235e-3
217.501	0.230e-3
217.723	0.230e-3
217.944	0.230e-3
218.164	0.230e-3
218.386	0.230e-3
218.607	0.230e-3
218.829	0.235e-3
219.049	0.240e-3
219.271	0.250e-3
219.492	0.250e-3
219.714	0.250e-3
219.935	0.250e-3
220.157	0.250e-3
220.377	0.250e-3
220.599	0.250e-3
220.820	0.240e-3
221.042	0.250e-3
221.262	0.250e-3
221.483	0.250e-3
221.705	0.255e-3
221.927	0.255e-3
222.148	0.255e-3
222.368	0.250e-3
222.590	0.250e-3
222.810	0.260e-3
223.033	0.260e-3
223.253	0.265e-3
223.474	0.265e-3
223.696	0.275e-3
223.918	0.275e-3
224.138	0.275e-3
224.361	0.275e-3
224.581	0.275e-3
224.802	0.280e-3
225.024	0.285e-3
225.244	0.285e-3
225.466	0.285e-3
225.687	0.285e-3
225.909	0.285e-3
226.129	0.285e-3
226.351	0.290e-3
226.572	0.290e-3
226.794	0.300e-3
227.015	0.305e-3
227.237	0.310e-3
227.457	0.305e-3
227.679	0.300e-3
227.900	0.300e-3
228.122	0.305e-3
228.343	0.305e-3
228.563	0.310e-3
228.785	0.315e-3
229.007	0.325e-3
229.228	0.330e-3
229.448	0.330e-3
229.670	0.335e-3
229.890	0.335e-3
230.113	0.335e-3
230.333	0.340e-3
230.554	0.340e-3
230.776	0.350e-3
230.998	0.355e-3
231.218	0.360e-3
231.439	0.360e-3
231.661	0.365e-3
231.882	0.380e-3
232.104	0.385e-3
232.326	0.390e-3
232.546	0.400e-3
232.768	0.405e-3
232.990	0.405e-3
233.211	0.410e-3
233.432	0.425e-3
233.653	0.435e-3
233.875	0.440e-3
234.096	0.455e-3
234.318	0.460e-3
234.538	0.465e-3
234.760	0.475e-3
234.981	0.485e-3
235.203	0.490e-3
235.424	0.500e-3
235.644	0.510e-3
235.866	0.525e-3
236.088	0.535e-3
236.309	0.540e-3
236.529	0.550e-3
236.750	0.555e-3
236.972	0.560e-3
237.194	0.575e-3
237.414	0.585e-3
237.635	0.600e-3
237.857	0.610e-3
238.078	0.625e-3
238.299	0.635e-3
238.520	0.650e-3
238.742	0.655e-3
238.963	0.665e-3
239.185	0.685e-3
239.405	0.700e-3
239.627	0.710e-3
239.848	0.725e-3
240.070	0.740e-3
240.291	0.760e-3
240.513	0.765e-3
240.733	0.790e-3
240.955	0.805e-3
241.176	0.825e-3
241.398	0.835e-3
241.618	0.855e-3
241.840	0.875e-3
242.061	0.885e-3
242.283	0.905e-3
242.503	0.930e-3
242.724	0.950e-3
242.946	0.975e-3
243.167	0.985e-3
243.389	1.005e-3
243.609	1.020e-3
243.830	1.030e-3
244.052	1.045e-3
244.274	1.055e-3
244.494	1.080e-3
244.715	1.100e-3
244.937	1.125e-3
245.159	1.150e-3
245.379	1.170e-3
245.600	1.185e-3
245.822	1.210e-3
246.043	1.235e-3
246.265	1.255e-3
246.485	1.280e-3
246.707	1.300e-3
246.928	1.325e-3
247.150	1.355e-3
247.371	1.375e-3
247.592	1.400e-3
247.813	1.425e-3
248.035	1.455e-3
248.256	1.480e-3
248.477	1.510e-3
248.699	1.550e-3
248.919	1.580e-3
249.141	1.610e-3
249.363	1.635e-3
249.584	1.660e-3
249.804	1.685e-3
250.026	1.720e-3
250.247	1.750e-3
250.470	1.775e-3
250.690	1.800e-3
250.912	1.830e-3
251.133	1.855e-3
251.355	1.885e-3
251.575	1.910e-3
251.796	1.945e-3
252.018	1.970e-3
252.239	2.000e-3
252.461	2.030e-3
252.682	2.060e-3
252.903	2.095e-3
253.124	2.130e-3
253.346	2.160e-3
253.566	2.195e-3
253.787	2.230e-3
254.009	2.280e-3
254.231	2.310e-3
254.452	2.345e-3
254.672	2.375e-3
254.894	2.400e-3
255.116	2.445e-3
255.337	2.480e-3
255.557	2.525e-3
255.780	2.565e-3
256.000	2.605e-3
256.222	2.650e-3
256.442	2.690e-3
256.665	2.730e-3
256.885	2.770e-3
257.107	2.800e-3
257.328	2.840e-3
257.550	2.875e-3
257.770	2.915e-3
257.991	2.950e-3
258.213	2.990e-3
258.435	3.025e-3
258.655	3.065e-3
258.876	3.100e-3
259.098	3.145e-3
259.319	3.190e-3
259.541	3.240e-3
259.761	3.275e-3
259.983	3.315e-3
260.204	3.350e-3
260.426	3.380e-3
260.647	3.420e-3
260.869	3.470e-3
261.089	3.520e-3
261.311	3.555e-3
261.532	3.595e-3
261.752	3.625e-3
261.974	3.655e-3
262.195	3.680e-3
262.417	3.705e-3
262.637	3.730e-3
262.860	3.755e-3
263.082	3.790e-3
263.302	3.830e-3
263.523	3.855e-3
263.745	3.895e-3
263.965	3.925e-3
264.186	3.965e-3
264.408	3.995e-3
264.628	4.035e-3
264.850	4.070e-3
265.071	4.110e-3
265.293	4.160e-3
265.515	4.210e-3
265.736	4.250e-3
265.956	4.290e-3
266.178	4.325e-3
266.399	4.370e-3
266.621	4.420e-3
266.841	4.465e-3
267.062	4.500e-3
267.284	4.525e-3
267.506	4.560e-3
267.728	4.585e-3
267.948	4.620e-3
268.170	4.650e-3
268.392	4.670e-3
268.613	4.695e-3
268.833	4.725e-3
269.055	4.745e-3
269.276	4.770e-3
269.498	4.810e-3
269.719	4.840e-3
269.941	4.875e-3
270.161	4.910e-3
270.383	4.925e-3
270.604	4.950e-3
270.826	4.990e-3
271.046	5.025e-3
271.267	5.075e-3
271.489	5.135e-3
271.711	5.170e-3
271.931	5.210e-3
272.152	5.245e-3
272.374	5.285e-3
272.595	5.335e-3
272.817	5.390e-3
273.037	5.440e-3
273.259	5.490e-3
273.480	5.520e-3
273.702	5.560e-3
273.922	5.585e-3
274.143	5.615e-3
274.365	5.640e-3
274.587	5.655e-3
274.808	5.665e-3
275.028	5.670e-3
275.250	5.685e-3
275.471	5.705e-3
275.693	5.715e-3
275.913	5.735e-3
276.135	5.740e-3
276.356	5.740e-3
276.578	5.740e-3
276.798	5.760e-3
277.019	5.770e-3
277.241	5.770e-3
277.463	5.765e-3
277.684	5.780e-3
277.906	5.790e-3
278.126	5.790e-3
278.347	5.795e-3
278.569	5.815e-3
278.791	5.830e-3
279.012	5.820e-3
279.232	5.820e-3
279.454	5.815e-3
279.675	5.810e-3
279.897	5.790e-3
280.117	5.785e-3
280.339	5.790e-3
280.560	5.785e-3
280.782	5.780e-3
281.002	5.780e-3
281.223	5.785e-3
281.445	5.780e-3
281.667	5.765e-3
281.888	5.735e-3
282.110	5.715e-3
282.330	5.720e-3
282.551	5.735e-3
282.773	5.735e-3
282.993	5.730e-3
283.214	5.710e-3
283.436	5.705e-3
283.658	5.690e-3
283.879	5.680e-3
284.101	5.670e-3
284.321	5.670e-3
284.543	5.665e-3
284.764	5.660e-3
284.984	5.655e-3
285.207	5.645e-3
285.428	5.645e-3
285.650	5.660e-3
285.872	5.665e-3
286.093	5.670e-3
286.313	5.685e-3
286.535	5.690e-3
286.756	5.705e-3
286.978	5.705e-3
287.198	5.715e-3
287.419	5.735e-3
287.641	5.745e-3
287.863	5.760e-3
288.084	5.765e-3
288.306	5.765e-3
288.526	5.770e-3
288.747	5.790e-3
288.969	5.785e-3
289.189	5.770e-3
289.411	5.755e-3
289.632	5.730e-3
289.854	5.705e-3
290.076	5.680e-3
290.297	5.655e-3
290.517	5.630e-3
290.739	5.590e-3
290.960	5.565e-3
291.180	5.545e-3
291.402	5.525e-3
291.623	5.520e-3
291.845	5.510e-3
292.067	5.500e-3
292.288	5.495e-3
292.508	5.465e-3
292.730	5.450e-3
292.952	5.435e-3
293.173	5.410e-3
293.393	5.400e-3
293.614	5.390e-3
293.836	5.370e-3
294.058	5.345e-3
294.278	5.325e-3
294.501	5.300e-3
294.721	5.275e-3
294.943	5.265e-3
295.164	5.250e-3
295.384	5.245e-3
295.606	5.240e-3
295.827	5.235e-3
296.049	5.235e-3
296.269	5.225e-3
296.491	5.215e-3
296.712	5.210e-3
296.934	5.200e-3
297.155	5.195e-3
297.376	5.175e-3
297.597	5.160e-3
297.819	5.140e-3
298.040	5.135e-3
298.261	5.120e-3
298.482	5.120e-3
298.703	5.125e-3
298.925	5.125e-3
299.147	5.140e-3
299.368	5.145e-3
299.588	5.160e-3
299.810	5.160e-3
300.031	5.165e-3
300.253	5.170e-3
300.473	5.175e-3
300.694	5.185e-3
300.916	5.195e-3
301.138	5.200e-3
301.358	5.215e-3
301.581	5.220e-3
301.801	5.240e-3
302.022	5.260e-3
302.244	5.275e-3
302.464	5.295e-3
302.687	5.310e-3
302.908	5.315e-3
303.130	5.320e-3
303.350	5.335e-3
303.572	5.345e-3
303.793	5.335e-3
304.015	5.325e-3
304.236	5.335e-3
304.458	5.340e-3
304.678	5.350e-3
304.900	5.350e-3
305.121	5.340e-3
305.343	5.320e-3
305.564	5.310e-3
305.784	5.285e-3
306.006	5.250e-3
306.227	5.215e-3
306.449	5.185e-3
306.669	5.145e-3
306.890	5.120e-3
307.112	5.075e-3
307.332	5.045e-3
307.554	5.020e-3
307.777	4.990e-3
307.997	4.965e-3
308.219	4.950e-3
308.439	4.935e-3
308.660	4.910e-3
308.882	4.875e-3
309.103	4.845e-3
309.325	4.820e-3
309.545	4.785e-3
309.767	4.760e-3
309.988	4.735e-3
310.210	4.715e-3
310.431	4.685e-3
310.651	4.670e-3
310.873	4.670e-3
311.095	4.665e-3
311.316	4.635e-3
311.536	4.610e-3
311.758	4.585e-3
311.979	4.570e-3
312.201	4.540e-3
312.423	4.525e-3
312.644	4.515e-3
312.864	4.495e-3
313.086	4.485e-3
313.306	4.465e-3
313.527	4.450e-3
313.749	4.425e-3
313.970	4.415e-3
314.192	4.395e-3
314.414	4.390e-3
314.634	4.370e-3
314.856	4.365e-3
315.077	4.360e-3
315.298	4.360e-3
315.520	4.360e-3
315.742	4.345e-3
315.962	4.335e-3
316.183	4.335e-3
316.405	4.335e-3
316.625	4.325e-3
316.847	4.335e-3
317.068	4.335e-3
317.290	4.335e-3
317.511	4.325e-3
317.733	4.300e-3
317.953	4.290e-3
318.175	4.285e-3
318.396	4.275e-3
318.617	4.260e-3
318.839	4.245e-3
319.059	4.245e-3
319.281	4.235e-3
319.503	4.225e-3
319.724	4.225e-3
319.944	4.225e-3
320.167	4.215e-3
320.387	4.210e-3
320.610	4.210e-3
320.830	4.210e-3
321.051	4.195e-3
321.273	4.195e-3
321.493	4.195e-3
321.715	4.200e-3
321.936	4.200e-3
322.158	4.200e-3
322.379	4.195e-3
322.601	4.195e-3
322.821	4.185e-3
323.043	4.190e-3
323.264	4.190e-3
323.486	4.190e-3
323.707	4.165e-3
323.928	4.150e-3
324.149	4.140e-3
324.371	4.140e-3
324.592	4.135e-3
324.812	4.120e-3
325.034	4.110e-3
325.256	4.100e-3
325.477	4.075e-3
325.699	4.070e-3
325.920	4.065e-3
326.140	4.045e-3
326.362	4.020e-3
326.582	4.010e-3
326.805	4.010e-3
327.025	4.010e-3
327.246	4.020e-3
327.468	4.020e-3
327.688	4.015e-3
327.910	4.010e-3
328.131	3.995e-3
328.353	3.980e-3
328.574	3.965e-3
328.795	3.955e-3
329.016	3.950e-3
329.238	3.950e-3
329.459	3.950e-3
329.681	3.945e-3
329.901	3.940e-3
330.123	3.915e-3
330.344	3.905e-3
330.566	3.900e-3
330.787	3.880e-3
331.007	3.855e-3
331.229	3.840e-3
331.451	3.825e-3
331.672	3.805e-3
331.892	3.795e-3
332.114	3.790e-3
332.336	3.775e-3
332.557	3.775e-3
332.779	3.775e-3
333.000	3.755e-3
333.220	3.745e-3
333.442	3.730e-3
333.662	3.720e-3
333.883	3.700e-3
334.105	3.680e-3
334.326	3.665e-3
334.548	3.655e-3
334.770	3.650e-3
334.990	3.645e-3
335.211	3.630e-3
335.433	3.625e-3
335.654	3.615e-3
335.875	3.600e-3
336.096	3.600e-3
336.318	3.600e-3
336.539	3.605e-3
336.761	3.625e-3
336.981	3.650e-3
337.203	3.675e-3
337.424	3.730e-3
337.647	3.795e-3
337.868	3.850e-3
338.088	3.880e-3
338.310	3.905e-3
338.532	3.925e-3
338.753	3.925e-3
338.974	3.915e-3
339.194	3.900e-3
339.416	3.890e-3
339.638	3.880e-3
339.860	3.875e-3
340.081	3.870e-3
340.301	3.855e-3
340.523	3.845e-3
340.743	3.840e-3
340.964	3.830e-3
341.186	3.820e-3
341.407	3.805e-3
341.629	3.795e-3
341.851	3.795e-3
342.071	3.805e-3
342.292	3.815e-3
342.514	3.820e-3
342.735	3.830e-3
342.957	3.855e-3
343.177	3.880e-3
343.399	3.915e-3
343.620	3.950e-3
343.842	3.950e-3
344.062	3.965e-3
344.283	3.975e-3
344.505	3.995e-3
344.727	4.010e-3
344.948	4.015e-3
345.170	3.995e-3
345.390	3.985e-3
345.612	3.965e-3
345.833	3.930e-3
346.054	3.900e-3
346.276	3.865e-3
346.496	3.840e-3
346.718	3.815e-3
346.939	3.800e-3
347.161	3.790e-3
347.381	3.800e-3
347.603	3.805e-3
347.824	3.805e-3
348.044	3.790e-3
348.266	3.770e-3
348.487	3.765e-3
348.709	3.780e-3
348.931	3.820e-3
349.151	3.840e-3
349.372	3.800e-3
349.594	3.750e-3
349.815	3.680e-3
350.037	3.600e-3
350.257	3.520e-3
350.479	3.445e-3
350.700	3.380e-3
350.921	3.340e-3
351.143	3.295e-3
351.363	3.250e-3
351.585	3.205e-3
351.807	3.175e-3
352.028	3.145e-3
352.248	3.120e-3
352.470	3.100e-3
352.691	3.080e-3
352.913	3.070e-3
353.135	3.050e-3
353.354	3.045e-3
353.576	3.040e-3
353.798	3.045e-3
354.018	3.045e-3
354.239	3.030e-3
354.461	3.025e-3
354.682	3.025e-3
354.904	3.020e-3
355.127	3.000e-3
355.347	2.990e-3
355.568	2.980e-3
355.790	2.955e-3
356.012	2.940e-3
356.233	2.925e-3
356.453	2.905e-3
356.675	2.880e-3
356.896	2.865e-3
357.118	2.850e-3
357.338	2.830e-3
357.559	2.815e-3
357.781	2.800e-3
358.003	2.780e-3
358.224	2.765e-3
358.444	2.755e-3
358.666	2.755e-3
358.888	2.745e-3
359.109	2.730e-3
359.329	2.730e-3
359.551	2.725e-3
359.772	2.725e-3
359.994	2.720e-3
360.215	2.725e-3
360.435	2.725e-3
360.657	2.720e-3
360.878	2.715e-3
361.100	2.715e-3
361.322	2.720e-3
361.542	2.720e-3
361.763	2.725e-3
361.985	2.740e-3
362.205	2.740e-3
362.427	2.745e-3
362.648	2.755e-3
362.870	2.765e-3
363.091	2.770e-3
363.313	2.790e-3
363.533	2.800e-3
363.755	2.805e-3
363.976	2.820e-3
364.198	2.825e-3
364.418	2.845e-3
364.639	2.855e-3
364.861	2.870e-3
365.081	2.895e-3
365.304	2.920e-3
365.524	2.945e-3
365.746	2.975e-3
365.967	3.005e-3
366.189	3.030e-3
366.410	3.070e-3
366.632	3.105e-3
366.852	3.145e-3
367.074	3.180e-3
367.294	3.215e-3
367.516	3.240e-3
367.737	3.270e-3
367.959	3.290e-3
368.180	3.300e-3
368.402	3.305e-3
368.622	3.305e-3
368.843	3.305e-3
369.065	3.295e-3
369.285	3.275e-3
369.508	3.255e-3
369.728	3.240e-3
369.950	3.215e-3
370.171	3.190e-3
370.391	3.155e-3