722.300000
1.000000
-1
0.000	-2.840e-3
0.245	-2.855e-3
0.491	-2.875e-3
0.737	-2.895e-3
0.983	-2.930e-3
1.230	-2.955e-3
1.476	-2.995e-3
1.721	-3.030e-3
1.967	-3.065e-3
2.213	-3.115e-3
2.458	-3.140e-3
2.704	-3.175e-3
2.950	-3.205e-3
3.196	-3.230e-3
3.441	-3.255e-3
3.687	-3.250e-3
3.934	-3.255e-3
4.180	-3.240e-3
4.424	-3.230e-3
4.670	-3.215e-3
4.917	-3.175e-3
5.163	-3.155e-3
5.409	-3.120e-3
5.654	-3.080e-3
5.900	-3.045e-3
6.146	-3.005e-3
6.392	-2.975e-3
6.637	-2.950e-3
6.883	-2.925e-3
7.129	-2.895e-3
7.374	-2.870e-3
7.620	-2.855e-3
7.867	-2.840e-3
8.113	-2.820e-3
8.359	-2.815e-3
8.605	-2.795e-3
8.850	-2.780e-3
9.096	-2.770e-3
9.342	-2.755e-3
9.587	-2.745e-3
9.833	-2.730e-3
10.079	-2.725e-3
10.325	-2.720e-3
10.571	-2.725e-3
10.817	-2.725e-3
11.064	-2.720e-3
11.310	-2.715e-3
11.556	-2.705e-3
11.801	-2.720e-3
12.047	-2.720e-3
12.293	-2.725e-3
12.539	-2.740e-3
12.784	-2.750e-3
13.030	-2.765e-3
13.276	-2.775e-3
13.521	-2.795e-3
13.769	-2.815e-3
14.014	-2.820e-3
14.260	-2.840e-3
14.506	-2.845e-3
14.752	-2.865e-3
14.997	-2.880e-3
15.243	-2.905e-3
15.489	-2.930e-3
15.734	-2.940e-3
15.980	-2.955e-3
16.226	-2.980e-3
16.472	-3.000e-3
16.717	-3.005e-3
16.963	-3.025e-3
17.210	-3.045e-3
17.456	-3.045e-3
17.702	-3.050e-3
17.947	-3.070e-3
18.193	-3.070e-3
18.439	-3.090e-3
18.685	-3.100e-3
18.930	-3.105e-3
19.176	-3.115e-3
19.422	-3.125e-3
19.667	-3.120e-3
19.913	-3.130e-3
20.159	-3.130e-3
20.405	-3.145e-3
20.652	-3.165e-3
20.897	-3.180e-3
21.143	-3.205e-3
21.389	-3.220e-3
21.635	-3.245e-3
21.880	-3.265e-3
22.126	-3.295e-3
22.372	-3.330e-3
22.618	-3.350e-3
22.863	-3.390e-3
23.109	-3.430e-3
23.356	-3.470e-3
23.602	-3.505e-3
23.846	-3.555e-3
24.092	-3.600e-3
24.339	-3.655e-3
24.585	-3.705e-3
24.831	-3.755e-3
25.076	-3.815e-3
25.322	-3.870e-3
25.568	-3.930e-3
25.813	-3.970e-3
26.059	-4.015e-3
26.305	-4.065e-3
26.551	-4.100e-3
26.796	-4.140e-3
27.042	-4.150e-3
27.289	-4.165e-3
27.535	-4.170e-3
27.780	-4.175e-3
28.028	-4.175e-3
28.273	-4.165e-3
28.519	-4.150e-3
28.765	-4.140e-3
29.010	-4.120e-3
29.256	-4.100e-3
29.502	-4.090e-3
29.747	-4.070e-3
29.993	-4.065e-3
30.239	-4.065e-3
30.486	-4.065e-3
30.732	-4.060e-3
30.976	-4.060e-3
31.223	-4.065e-3
31.469	-4.085e-3
31.715	-4.095e-3
31.961	-4.120e-3
32.206	-4.150e-3
32.452	-4.190e-3
32.698	-4.240e-3
32.943	-4.285e-3
33.189	-4.325e-3
33.435	-4.325e-3
33.682	-4.290e-3
33.928	-4.240e-3
34.173	-4.175e-3
34.419	-4.125e-3
34.665	-4.085e-3
34.911	-4.035e-3
35.156	-3.995e-3
35.402	-3.970e-3
35.648	-3.945e-3
35.894	-3.915e-3
36.139	-3.915e-3
36.385	-3.915e-3
36.632	-3.920e-3
36.877	-3.940e-3
37.122	-3.950e-3
37.368	-3.965e-3
37.615	-3.980e-3
37.861	-3.985e-3
38.107	-4.010e-3
38.352	-4.025e-3
38.598	-4.050e-3
38.844	-4.075e-3
39.089	-4.100e-3
39.335	-4.125e-3
39.581	-4.140e-3
39.827	-4.175e-3
40.072	-4.200e-3
40.318	-4.240e-3
40.565	-4.265e-3
40.811	-4.275e-3
41.057	-4.315e-3
41.303	-4.335e-3
41.548	-4.350e-3
41.794	-4.375e-3
42.040	-4.390e-3
42.285	-4.420e-3
42.531	-4.440e-3
42.778	-4.465e-3
43.024	-4.485e-3
43.268	-4.490e-3
43.514	-4.500e-3
43.761	-4.495e-3
44.007	-4.500e-3
44.252	-4.510e-3
44.498	-4.525e-3
44.744	-4.535e-3
44.990	-4.535e-3
45.236	-4.540e-3
45.482	-4.560e-3
45.728	-4.575e-3
45.974	-4.585e-3
46.219	-4.600e-3
46.465	-4.610e-3
46.712	-4.625e-3
46.957	-4.645e-3
47.202	-4.665e-3
47.448	-4.700e-3
47.695	-4.725e-3
47.941	-4.750e-3
48.187	-4.770e-3
48.432	-4.785e-3
48.678	-4.800e-3
48.924	-4.815e-3
49.170	-4.825e-3
49.415	-4.845e-3
49.661	-4.845e-3
49.908	-4.845e-3
50.152	-4.825e-3
50.398	-4.825e-3
50.645	-4.820e-3
50.891	-4.825e-3
51.137	-4.825e-3
51.383	-4.825e-3
51.628	-4.820e-3
51.874	-4.825e-3
52.120	-4.835e-3
52.365	-4.845e-3
52.611	-4.865e-3
52.857	-4.865e-3
53.103	-4.865e-3
53.349	-4.885e-3
53.594	-4.885e-3
53.841	-4.885e-3
54.087	-4.895e-3
54.332	-4.910e-3
54.578	-4.925e-3
54.824	-4.940e-3
55.070	-4.940e-3
55.316	-4.960e-3
55.561	-4.970e-3
55.807	-4.985e-3
56.052	-5.010e-3
56.298	-5.025e-3
56.544	-5.045e-3
56.790	-5.060e-3
57.037	-5.070e-3
57.281	-5.085e-3
57.527	-5.090e-3
57.774	-5.100e-3
58.020	-5.120e-3
58.266	-5.140e-3
58.511	-5.165e-3
58.757	-5.190e-3
59.003	-5.225e-3
59.249	-5.250e-3
59.494	-5.290e-3
59.740	-5.310e-3
59.985	-5.325e-3
60.231	-5.335e-3
60.477	-5.360e-3
60.723	-5.370e-3
60.970	-5.390e-3
61.216	-5.425e-3
61.462	-5.450e-3
61.707	-5.470e-3
61.953	-5.490e-3
62.199	-5.515e-3
62.444	-5.535e-3
62.690	-5.565e-3
62.937	-5.580e-3
63.182	-5.610e-3
63.428	-5.645e-3
63.674	-5.690e-3
63.921	-5.720e-3
64.167	-5.755e-3
64.413	-5.780e-3
64.659	-5.820e-3
64.904	-5.870e-3
65.150	-5.905e-3
65.396	-5.960e-3
65.641	-6.035e-3
65.887	-6.085e-3
66.134	-6.145e-3
66.378	-6.205e-3
66.624	-6.245e-3
66.870	-6.285e-3
67.117	-6.340e-3
67.363	-6.395e-3
67.607	-6.445e-3
67.854	-6.470e-3
68.100	-6.485e-3
68.346	-6.505e-3
68.592	-6.510e-3
68.837	-6.520e-3
69.083	-6.510e-3
69.328	-6.510e-3
69.574	-6.490e-3
69.820	-6.470e-3
70.067	-6.445e-3
70.313	-6.445e-3
70.558	-6.440e-3
70.805	-6.435e-3
71.050	-6.435e-3
71.296	-6.435e-3
71.542	-6.430e-3
71.787	-6.440e-3
72.033	-6.440e-3
72.279	-6.440e-3
72.525	-6.460e-3
72.770	-6.465e-3
73.016	-6.480e-3
73.263	-6.485e-3
73.509	-6.490e-3
73.755	-6.505e-3
74.000	-6.520e-3
74.246	-6.555e-3
74.492	-6.570e-3
74.737	-6.605e-3
74.983	-6.630e-3
75.229	-6.660e-3
75.474	-6.685e-3
75.720	-6.695e-3
75.966	-6.710e-3
76.212	-6.730e-3
76.457	-6.745e-3
76.703	-6.785e-3
76.949	-6.810e-3
77.196	-6.835e-3
77.442	-6.860e-3
77.688	-6.880e-3
77.933	-6.905e-3
78.179	-6.930e-3
78.425	-6.960e-3
78.671	-6.990e-3
78.916	-7.035e-3
79.162	-7.065e-3
79.409	-7.110e-3
79.653	-7.135e-3
79.899	-7.160e-3
80.145	-7.175e-3
80.393	-7.210e-3
80.639	-7.240e-3
80.885	-7.260e-3
81.130	-7.300e-3
81.376	-7.340e-3
81.621	-7.360e-3
81.867	-7.405e-3
82.113	-7.450e-3
82.359	-7.490e-3
82.605	-7.535e-3
82.850	-7.575e-3
83.096	-7.605e-3
83.343	-7.650e-3
83.589	-7.680e-3
83.835	-7.715e-3
84.081	-7.740e-3
84.326	-7.765e-3
84.572	-7.775e-3
84.818	-7.805e-3
85.063	-7.840e-3
85.309	-7.855e-3
85.554	-7.875e-3
85.800	-7.865e-3
86.046	-7.890e-3
86.292	-7.905e-3
86.539	-7.925e-3
86.783	-7.930e-3
87.029	-7.955e-3
87.276	-7.990e-3
87.522	-8.015e-3
87.768	-8.035e-3
88.014	-8.055e-3
88.259	-8.075e-3
88.505	-8.090e-3
88.750	-8.115e-3
88.996	-8.140e-3
89.242	-8.155e-3
89.489	-8.180e-3
89.733	-8.215e-3
89.981	-8.265e-3
90.225	-8.330e-3
90.472	-8.360e-3
90.718	-8.415e-3
90.964	-8.465e-3
91.209	-8.515e-3
91.455	-8.560e-3
91.701	-8.585e-3
91.947	-8.625e-3
92.192	-8.665e-3
92.438	-8.705e-3
92.683	-8.740e-3
92.929	-8.765e-3
93.175	-8.795e-3
93.422	-8.830e-3
93.668	-8.870e-3
93.912	-8.885e-3
94.158	-8.930e-3
94.405	-8.985e-3
94.651	-9.035e-3
94.896	-9.075e-3
95.142	-9.100e-3
95.388	-9.130e-3
95.634	-9.145e-3
95.879	-9.175e-3
96.125	-9.220e-3
96.371	-9.250e-3
96.618	-9.275e-3
96.863	-9.305e-3
97.108	-9.320e-3
97.355	-9.345e-3
97.601	-9.355e-3
97.848	-9.370e-3
98.094	-9.385e-3
98.339	-9.400e-3
98.585	-9.400e-3
98.832	-9.405e-3
99.076	-9.410e-3
99.322	-9.405e-3
99.568	-9.425e-3
99.814	-9.455e-3
100.061	-9.475e-3
100.305	-9.510e-3
100.552	-9.520e-3
100.798	-9.525e-3
101.043	-9.550e-3
101.289	-9.560e-3
101.535	-9.570e-3
101.781	-9.570e-3
102.026	-9.580e-3
102.272	-9.575e-3
102.518	-9.580e-3
102.763	-9.585e-3
103.009	-9.575e-3
103.255	-9.585e-3
103.501	-9.600e-3
103.748	-9.610e-3
103.994	-9.620e-3
104.239	-9.625e-3
104.485	-9.635e-3
104.731	-9.635e-3
104.976	-9.650e-3
105.222	-9.650e-3
105.468	-9.660e-3
105.714	-9.675e-3
105.959	-9.695e-3
106.205	-9.700e-3
106.451	-9.700e-3
106.698	-9.710e-3
106.943	-9.725e-3
107.189	-9.745e-3
107.434	-9.745e-3
107.681	-9.750e-3
107.927	-9.750e-3
108.172	-9.750e-3
108.418	-9.745e-3
108.664	-9.755e-3
108.911	-9.755e-3
109.155	-9.755e-3
109.401	-9.775e-3
109.647	-9.770e-3
109.894	-9.800e-3
110.140	-9.810e-3
110.384	-9.830e-3
110.631	-9.855e-3
110.877	-9.860e-3
111.123	-9.885e-3
111.369	-9.910e-3
111.614	-9.945e-3
111.860	-9.975e-3
112.105	-9.985e-3
112.377	-10.005e-3
112.646	-10.030e-3
112.918	-10.060e-3
113.188	-10.100e-3
113.457	-10.145e-3
113.728	-10.185e-3
113.999	-10.220e-3
114.268	-10.235e-3
114.539	-10.250e-3
114.810	-10.260e-3
115.081	-10.260e-3
115.351	-10.275e-3
115.622	-10.270e-3
115.893	-10.275e-3
116.164	-10.285e-3
116.433	-10.300e-3
116.704	-10.310e-3
116.973	-10.350e-3
117.244	-10.370e-3
117.515	-10.415e-3
117.786	-10.465e-3
118.056	-10.505e-3
118.327	-10.555e-3
118.596	-10.620e-3
118.867	-10.670e-3
119.138	-10.715e-3
119.407	-10.750e-3
119.678	-10.795e-3
119.949	-10.830e-3
120.220	-10.855e-3
120.490	-10.900e-3
120.760	-10.950e-3
121.031	-11.015e-3
121.300	-11.055e-3
121.571	-11.090e-3
121.842	-11.115e-3
122.113	-11.155e-3
122.383	-11.220e-3
122.653	-11.270e-3
122.923	-11.305e-3
123.194	-11.355e-3
123.465	-11.390e-3
123.734	-11.425e-3
124.005	-11.480e-3
124.276	-11.520e-3
124.545	-11.545e-3
124.816	-11.575e-3
125.087	-11.630e-3
125.358	-11.655e-3
125.627	-11.715e-3
125.898	-11.750e-3
126.169	-11.765e-3
126.438	-11.780e-3
126.709	-11.805e-3
126.980	-11.855e-3
127.250	-11.880e-3
127.520	-11.905e-3
127.790	-11.925e-3
128.061	-11.960e-3
128.331	-11.990e-3
128.603	-12.020e-3
128.872	-12.045e-3
129.143	-12.060e-3
129.413	-12.100e-3
129.683	-12.140e-3
129.954	-12.140e-3
130.225	-12.125e-3
130.494	-12.140e-3
130.765	-12.170e-3
131.036	-12.190e-3
131.305	-12.200e-3
131.576	-12.215e-3
131.847	-12.225e-3
132.118	-12.235e-3
132.389	-12.245e-3
132.658	-12.275e-3
132.929	-12.300e-3
133.201	-12.315e-3
133.471	-12.360e-3
133.741	-12.400e-3
134.011	-12.440e-3
134.282	-12.465e-3
134.553	-12.490e-3
134.822	-12.525e-3
135.093	-12.570e-3
135.364	-12.585e-3
135.634	-12.600e-3
135.904	-12.635e-3
136.175	-12.660e-3
136.445	-12.675e-3
136.715	-12.690e-3
136.986	-12.725e-3
137.257	-12.780e-3
137.526	-12.790e-3
137.797	-12.790e-3
138.068	-12.810e-3
138.338	-12.835e-3
138.608	-12.830e-3
138.879	-12.855e-3
139.149	-12.880e-3
139.420	-12.945e-3
139.691	-12.955e-3
139.960	-12.955e-3
140.231	-12.985e-3
140.502	-13.015e-3
140.771	-13.035e-3
141.042	-13.060e-3
141.313	-13.095e-3
141.582	-13.105e-3
141.853	-13.130e-3
142.124	-13.145e-3
142.395	-13.135e-3
142.664	-13.160e-3
142.935	-13.185e-3
143.205	-13.205e-3
143.475	-13.230e-3
143.746	-13.260e-3
144.016	-13.295e-3
144.288	-13.320e-3
144.558	-13.380e-3
144.827	-13.435e-3
145.098	-13.480e-3
145.369	-13.510e-3
145.640	-13.545e-3
145.909	-13.580e-3
146.180	-13.605e-3
146.451	-13.655e-3
146.722	-13.710e-3
146.991	-13.775e-3
147.262	-13.825e-3
147.533	-13.850e-3
147.802	-13.875e-3
148.073	-13.885e-3
148.344	-13.910e-3
148.613	-13.930e-3
148.885	-13.955e-3
149.155	-13.950e-3
149.425	-13.960e-3
149.696	-13.985e-3
149.965	-14.030e-3
150.237	-14.050e-3
150.508	-14.075e-3
150.777	-14.105e-3
151.048	-14.135e-3
151.319	-14.160e-3
151.590	-14.190e-3
151.861	-14.200e-3
152.130	-14.230e-3
152.401	-14.260e-3
152.670	-14.300e-3
152.941	-14.330e-3
153.212	-14.380e-3
153.482	-14.430e-3
153.753	-14.465e-3
154.023	-14.525e-3
154.293	-14.565e-3
154.564	-14.590e-3
154.835	-14.615e-3
155.106	-14.640e-3
155.375	-14.655e-3
155.646	-14.665e-3
155.917	-14.685e-3
156.186	-14.730e-3
156.457	-14.775e-3
156.728	-14.815e-3
156.997	-14.855e-3
157.268	-14.880e-3
157.539	-14.930e-3
157.808	-14.980e-3
158.079	-15.025e-3
158.350	-15.065e-3
158.620	-15.105e-3
158.890	-15.130e-3
159.160	-15.145e-3
159.431	-15.195e-3
159.703	-15.220e-3
159.971	-15.260e-3
160.242	-15.310e-3
160.513	-15.350e-3
160.784	-15.375e-3
161.053	-15.410e-3
161.324	-15.435e-3
161.595	-15.450e-3
161.866	-15.495e-3
162.135	-15.530e-3
162.406	-15.550e-3
162.677	-15.575e-3
162.947	-15.600e-3
163.217	-15.645e-3
163.487	-15.700e-3
163.759	-15.735e-3
164.028	-15.675e-3
164.298	-15.610e-3
164.570	-15.600e-3
164.840	-15.570e-3
165.110	-15.570e-3
165.380	-15.580e-3
165.651	-15.585e-3
165.922	-15.580e-3
166.192	-15.610e-3
166.462	-15.675e-3
166.733	-15.695e-3
167.004	-15.710e-3
167.273	-15.735e-3
167.544	-15.775e-3
167.816	-15.775e-3
168.085	-15.805e-3
168.356	-15.805e-3
168.627	-15.845e-3
168.896	-15.910e-3
169.168	-15.980e-3
169.438	-16.010e-3
169.708	-16.020e-3
169.979	-16.045e-3
170.250	-16.110e-3
170.519	-16.145e-3
170.790	-16.130e-3
171.061	-16.120e-3
171.330	-16.110e-3
171.601	-16.135e-3
171.872	-16.150e-3
172.143	-16.145e-3
172.412	-16.135e-3
172.683	-16.145e-3
172.954	-16.110e-3
173.223	-16.135e-3
173.494	-16.175e-3
173.765	-16.175e-3
174.035	-16.195e-3
174.305	-16.230e-3
174.575	-16.285e-3
174.846	-16.335e-3
175.117	-16.335e-3
175.386	-16.325e-3
175.657	-16.330e-3
175.928	-16.350e-3
176.199	-16.345e-3
176.468	-16.360e-3
176.739	-16.375e-3
177.010	-16.380e-3
177.281	-16.410e-3
177.550	-16.435e-3
177.821	-16.460e-3
178.092	-16.485e-3
178.361	-16.500e-3
178.632	-16.510e-3
178.902	-16.555e-3
179.172	-16.595e-3
179.443	-16.625e-3
179.713	-16.650e-3
179.983	-16.675e-3
180.255	-16.680e-3
180.524	-16.675e-3
180.795	-16.670e-3
181.066	-16.680e-3
181.337	-16.680e-3
181.606	-16.695e-3
181.877	-16.710e-3
182.148	-16.755e-3
182.417	-16.770e-3
182.688	-16.805e-3
182.959	-16.845e-3
183.230	-16.840e-3
183.499	-16.855e-3
183.770	-16.855e-3
184.039	-16.865e-3
184.310	-16.880e-3
184.581	-16.895e-3
184.852	-16.900e-3
185.122	-16.880e-3
185.393	-16.875e-3
185.663	-16.895e-3
185.934	-16.915e-3
186.205	-16.930e-3
186.474	-16.970e-3
186.745	-16.980e-3
187.016	-17.020e-3
187.287	-17.025e-3
187.556	-17.055e-3
187.827	-17.070e-3
188.098	-17.105e-3
188.369	-17.145e-3
188.638	-17.155e-3
188.909	-17.170e-3
189.180	-17.180e-3
189.449	-17.205e-3
189.720	-17.245e-3
189.990	-17.265e-3
190.261	-17.255e-3
190.532	-17.280e-3
190.801	-17.280e-3
191.072	-17.295e-3
191.343	-17.290e-3
191.612	-17.275e-3
191.883	-17.275e-3
192.154	-17.330e-3
192.425	-17.370e-3
192.694	-17.440e-3
192.965	-17.470e-3
193.236	-17.515e-3
193.505	-17.530e-3
193.776	-17.540e-3
194.047	-17.555e-3
194.316	-17.570e-3
194.587	-17.575e-3
194.859	-17.580e-3
195.129	-17.605e-3
195.398	-17.605e-3
195.668	-17.625e-3
195.940	-17.620e-3
196.210	-17.605e-3
196.481	-17.605e-3
196.750	-17.650e-3
197.021	-17.700e-3
197.292	-17.725e-3
197.563	-17.750e-3
197.832	-17.780e-3
198.103	-17.815e-3
198.374	-17.820e-3
198.643	-17.815e-3
198.914	-17.825e-3
199.185	-17.845e-3
199.454	-17.855e-3
199.725	-17.840e-3
199.996	-17.805e-3
200.267	-17.815e-3
200.537	-17.795e-3
200.807	-17.780e-3
201.077	-17.770e-3
201.348	-17.765e-3
201.619	-17.750e-3
201.888	-17.765e-3
202.159	-17.815e-3
202.430	-17.830e-3
202.700	-17.845e-3
202.971	-17.855e-3
203.242	-17.855e-3
203.511	-17.865e-3
203.782	-17.900e-3
204.053	-17.920e-3
204.324	-17.920e-3
204.593	-17.905e-3
204.864	-17.880e-3
205.135	-17.840e-3
205.405	-17.825e-3
205.675	-17.780e-3
205.945	-17.730e-3
206.216	-17.680e-3
206.487	-17.655e-3
206.756	-17.640e-3
207.027	-17.645e-3
207.298	-17.625e-3
207.569	-17.620e-3
207.839	-17.625e-3
208.109	-17.645e-3
208.380	-17.670e-3
208.651	-17.670e-3
208.920	-17.680e-3
209.191	-17.690e-3
209.461	-17.700e-3
209.731	-17.690e-3
210.002	-17.670e-3
210.272	-17.675e-3
210.542	-17.675e-3
210.814	-17.645e-3
211.083	-17.630e-3
211.355	-17.630e-3
211.625	-17.595e-3
211.895	-17.590e-3
212.165	-17.600e-3
212.436	-17.625e-3
212.707	-17.670e-3
212.976	-17.705e-3
213.247	-17.775e-3
213.518	-17.795e-3
213.787	-17.830e-3
214.058	-17.820e-3
214.329	-17.755e-3
214.600	-17.705e-3
214.869	-17.650e-3
215.140	-17.570e-3
215.411	-17.520e-3
215.680	-17.495e-3
215.952	-17.450e-3
216.222	-17.420e-3
216.492	-17.395e-3
216.763	-17.375e-3
217.032	-17.355e-3
217.303	-17.340e-3
217.574	-17.300e-3
217.843	-17.305e-3
218.114	-17.305e-3
218.385	-17.315e-3
218.656	-17.295e-3
218.925	-17.300e-3
219.196	-17.305e-3
219.467	-17.340e-3
219.737	-17.375e-3
220.007	-17.440e-3
220.279	-17.475e-3
220.550	-17.505e-3
220.820	-17.495e-3
221.090	-17.500e-3
221.360	-17.525e-3
221.631	-17.580e-3
221.902	-17.655e-3
222.172	-17.740e-3
222.442	-17.840e-3
222.713	-18.005e-3
222.982	-18.250e-3
223.253	-18.535e-3
223.524	-18.890e-3
223.795	-19.325e-3
224.065	-19.750e-3
224.335	-20.140e-3
224.606	-20.515e-3
224.876	-20.840e-3
225.146	-20.860e-3
225.417	-20.470e-3
225.687	-19.885e-3
225.957	-19.340e-3
226.229	-18.825e-3
226.498	-18.390e-3
226.770	-18.045e-3
227.040	-17.765e-3
227.309	-17.575e-3
227.580	-17.440e-3
227.851	-17.330e-3
228.121	-17.230e-3
228.391	-17.130e-3
228.662	-17.040e-3
228.933	-16.930e-3
229.202	-16.855e-3
229.473	-16.780e-3
229.744	-16.755e-3
230.013	-16.745e-3
230.284	-16.765e-3
230.555	-16.805e-3
230.826	-16.850e-3
231.095	-16.925e-3
231.365	-17.020e-3
231.637	-17.140e-3
231.907	-17.300e-3
232.177	-17.420e-3
232.447	-17.545e-3
232.718	-17.680e-3
232.989	-17.815e-3
233.260	-17.980e-3
233.529	-18.245e-3
233.800	-18.535e-3
234.071	-18.690e-3
234.340	-18.685e-3
234.611	-18.615e-3
234.882	-18.585e-3
235.152	-18.665e-3
235.422	-18.890e-3
235.693	-19.185e-3
235.962	-19.440e-3
236.233	-19.365e-3
236.504	-18.975e-3
236.774	-18.490e-3
237.044	-18.020e-3
237.316	-17.575e-3
237.585	-17.180e-3
237.857	-16.830e-3
238.128	-16.535e-3
238.397	-16.270e-3
238.668	-16.070e-3
238.939	-15.925e-3
239.208	-15.805e-3
239.479	-15.720e-3
239.750	-15.650e-3
240.020	-15.610e-3
240.290	-15.600e-3
240.561	-15.610e-3
240.832	-15.635e-3
241.103	-15.675e-3
241.372	-15.685e-3
241.642	-15.725e-3
241.914	-15.785e-3
242.184	-15.920e-3
242.453	-16.125e-3
242.725	-16.485e-3
242.995	-17.215e-3
243.266	-18.640e-3
243.535	-20.045e-3
243.806	-20.130e-3
244.077	-19.520e-3
244.348	-18.810e-3
244.617	-18.255e-3
244.888	-17.845e-3
245.159	-17.570e-3
245.428	-17.405e-3
245.699	-17.350e-3
245.970	-17.455e-3
246.239	-17.655e-3
246.510	-17.950e-3
246.781	-18.280e-3
247.050	-18.600e-3
247.322	-18.865e-3
247.592	-19.195e-3
247.862	-19.600e-3
248.133	-20.110e-3
248.404	-20.710e-3
248.673	-21.440e-3
248.944	-22.325e-3
249.215	-23.170e-3
249.484	-23.695e-3
249.755	-23.500e-3
250.026	-22.655e-3
250.295	-21.560e-3
250.566	-20.515e-3
250.837	-19.560e-3
251.108	-18.735e-3
251.377	-18.065e-3
251.648	-17.530e-3
251.919	-17.155e-3
252.189	-16.930e-3
252.459	-16.840e-3
252.729	-16.855e-3
253.000	-17.005e-3
253.271	-17.245e-3
253.541	-17.505e-3
253.811	-17.780e-3
254.082	-18.040e-3
254.353	-18.200e-3
254.622	-18.130e-3
254.893	-17.845e-3
255.165	-17.495e-3
255.434	-17.105e-3
255.705	-16.750e-3
255.976	-16.360e-3
256.247	-16.005e-3
256.516	-15.645e-3
256.787	-15.335e-3
257.057	-15.140e-3
257.327	-14.965e-3
257.599	-14.860e-3
257.868	-14.825e-3
258.138	-14.890e-3
258.410	-15.030e-3
258.681	-15.105e-3
258.950	-15.110e-3
259.221	-15.090e-3
259.492	-15.040e-3
259.761	-14.965e-3
260.032	-14.825e-3
260.303	-14.675e-3
260.574	-14.500e-3
260.843	-14.350e-3
261.114	-14.230e-3
261.385	-14.160e-3
261.654	-14.085e-3
261.924	-14.040e-3
262.196	-13.985e-3
262.465	-13.915e-3
262.735	-13.875e-3
263.007	-13.840e-3
263.277	-13.810e-3
263.548	-13.805e-3
263.817	-13.905e-3
264.088	-14.265e-3
264.359	-14.935e-3
264.628	-15.195e-3
264.899	-15.025e-3
265.170	-14.760e-3
265.440	-14.540e-3
265.710	-14.405e-3
265.981	-14.460e-3
266.252	-14.880e-3
266.521	-15.870e-3
266.792	-16.780e-3
267.063	-16.735e-3
267.334	-16.220e-3
267.604	-15.660e-3
267.874	-15.175e-3
268.144	-14.785e-3
268.415	-14.465e-3
268.684	-14.205e-3
268.955	-14.010e-3
269.226	-13.865e-3
269.497	-13.730e-3
269.766	-13.650e-3
270.037	-13.585e-3
270.308	-13.510e-3
270.577	-13.455e-3
270.848	-13.435e-3
271.119	-13.435e-3
271.390	-13.430e-3
271.659	-13.420e-3
271.930	-13.415e-3
272.201	-13.420e-3
272.471	-13.430e-3
272.742	-13.435e-3
273.012	-13.440e-3
273.283	-13.440e-3
273.554	-13.465e-3
273.825	-13.465e-3
274.094	-13.480e-3
274.365	-13.520e-3
274.636	-13.545e-3
274.905	-13.580e-3
275.176	-13.585e-3
275.447	-13.615e-3
275.718	-13.615e-3
275.987	-13.610e-3
276.258	-13.605e-3
276.529	-13.630e-3
276.798	-13.635e-3
277.069	-13.660e-3
277.339	-13.715e-3
277.609	-13.785e-3
277.880	-13.905e-3
278.150	-14.030e-3
278.420	-14.135e-3
278.692	-14.160e-3
278.962	-14.100e-3
279.232	-14.015e-3
279.503	-13.915e-3
279.774	-13.810e-3
280.043	-13.715e-3
280.314	-13.615e-3
280.585	-13.540e-3
280.854	-13.480e-3
281.125	-13.410e-3
281.396	-13.310e-3
281.666	-13.235e-3
281.936	-13.170e-3
282.207	-13.110e-3
282.478	-13.055e-3
282.747	-13.020e-3
283.018	-12.985e-3
283.289	-12.955e-3
283.559	-12.920e-3
283.829	-12.885e-3
284.099	-12.840e-3
284.370	-12.805e-3
284.641	-12.755e-3
284.912	-12.715e-3
285.181	-12.675e-3
285.452	-12.660e-3
285.723	-12.645e-3
285.992	-12.640e-3
286.263	-12.620e-3
286.534	-12.615e-3
286.805	-12.590e-3
287.074	-12.575e-3
287.345	-12.550e-3
287.616	-12.545e-3
287.885	-12.540e-3
288.156	-12.550e-3
288.426	-12.545e-3
288.696	-12.535e-3
288.968	-12.525e-3
289.238	-12.475e-3
289.508	-12.445e-3
289.779	-12.425e-3
290.048	-12.440e-3
290.320	-12.410e-3
290.591	-12.390e-3
290.862	-12.400e-3
291.131	-12.400e-3
291.402	-12.375e-3
291.673	-12.365e-3
291.944	-12.335e-3
292.213	-12.315e-3
292.484	-12.290e-3
292.755	-12.275e-3
293.024	-12.295e-3
293.296	-12.275e-3
293.566	-12.245e-3
293.835	-12.220e-3
294.107	-12.200e-3
294.377	-12.150e-3
294.647	-12.145e-3
294.918	-12.140e-3
295.187	-12.140e-3
295.458	-12.135e-3
295.729	-12.135e-3
296.000	-12.145e-3
296.269	-12.190e-3
296.540	-12.250e-3
296.811	-12.290e-3
297.081	-12.370e-3
297.351	-12.490e-3
297.622	-12.575e-3
297.891	-12.540e-3
298.162	-12.400e-3
298.433	-12.275e-3
298.704	-12.165e-3
298.974	-12.070e-3
299.244	-11.985e-3
299.514	-11.920e-3
299.785	-11.850e-3
300.056	-11.780e-3
300.325	-11.730e-3
300.596	-11.665e-3
300.867	-11.580e-3
301.137	-11.530e-3
301.407	-11.490e-3
301.678	-11.450e-3
301.949	-11.400e-3
302.218	-11.350e-3
302.489	-11.320e-3
302.760	-11.305e-3
303.029	-11.270e-3
303.300	-11.240e-3
303.571	-11.180e-3
303.841	-11.165e-3
304.111	-11.140e-3
304.381	-11.120e-3
304.652	-11.105e-3
304.923	-11.055e-3
305.194	-10.970e-3
305.465	-10.875e-3
305.734	-10.790e-3
306.005	-10.700e-3
306.274	-10.625e-3
306.545	-10.545e-3
306.816	-10.480e-3
307.086	-10.420e-3
307.356	-10.360e-3
307.628	-10.310e-3
307.899	-10.255e-3
308.168	-10.200e-3
308.439	-10.135e-3
308.709	-10.060e-3
308.956	-9.985e-3
309.202	-9.935e-3
309.447	-9.895e-3
309.693	-9.830e-3
309.939	-9.785e-3
310.184	-9.750e-3
310.430	-9.710e-3
310.676	-9.660e-3
310.922	-9.605e-3
311.168	-9.550e-3
311.414	-9.500e-3
311.659	-9.470e-3
311.906	-9.420e-3
312.152	-9.360e-3
312.398	-9.310e-3
312.643	-9.255e-3
312.889	-9.200e-3
313.135	-9.155e-3
313.380	-9.105e-3
313.626	-9.055e-3
313.872	-9.025e-3
314.119	-9.000e-3
314.365	-8.970e-3
314.610	-8.935e-3
314.855	-8.900e-3
315.102	-8.880e-3
315.348	-8.850e-3
315.593	-8.810e-3
315.839	-8.775e-3
316.085	-8.750e-3
316.331	-8.730e-3
316.576	-8.700e-3
316.822	-8.675e-3
317.068	-8.655e-3
317.313	-8.625e-3
317.559	-8.610e-3
317.805	-8.625e-3
318.052	-8.630e-3
318.296	-8.640e-3
318.543	-8.655e-3
318.789	-8.665e-3
319.035	-8.650e-3
319.281	-8.630e-3
319.526	-8.610e-3
319.772	-8.575e-3
320.018	-8.515e-3
320.264	-8.460e-3
320.511	-8.405e-3
320.755	-8.350e-3
321.001	-8.275e-3
321.248	-8.165e-3
321.492	-8.065e-3
321.739	-7.950e-3
321.985	-7.850e-3
322.231	-7.755e-3
322.477	-7.655e-3
322.722	-7.565e-3
322.968	-7.490e-3
323.214	-7.410e-3
323.459	-7.330e-3
323.705	-7.255e-3
323.951	-7.180e-3
324.197	-7.115e-3
324.442	-7.045e-3
324.688	-6.985e-3
324.934	-6.920e-3
325.182	-6.860e-3
325.428	-6.785e-3
325.673	-6.720e-3
325.919	-6.655e-3
326.165	-6.585e-3
326.411	-6.535e-3
326.656	-6.470e-3
326.902	-6.385e-3
327.148	-6.310e-3
327.395	-6.230e-3
327.641	-6.145e-3
327.885	-6.070e-3
328.131	-5.990e-3
328.378	-5.915e-3
328.624	-5.845e-3
328.869	-5.780e-3
329.115	-5.715e-3
329.361	-5.640e-3
329.606	-5.565e-3
329.852	-5.490e-3
330.098	-5.425e-3
330.344	-5.345e-3
330.589	-5.295e-3
330.835	-5.240e-3
331.081	-5.175e-3
331.328	-5.100e-3
331.574	-5.020e-3
331.819	-4.935e-3
332.064	-4.860e-3
332.311	-4.790e-3
332.557	-4.725e-3
332.802	-4.670e-3
333.048	-4.600e-3
333.294	-4.545e-3
333.539	-4.525e-3
333.786	-4.475e-3
334.031	-4.425e-3
334.277	-4.365e-3
334.523	-4.320e-3
334.768	-4.270e-3
335.015	-4.210e-3
335.261	-4.150e-3
335.507	-4.090e-3
335.753	-4.025e-3
335.998	-3.970e-3
336.244	-3.905e-3
336.490	-3.845e-3
336.735	-3.780e-3
336.981	-3.720e-3
337.227	-3.665e-3
337.474	-3.605e-3
337.718	-3.545e-3
337.964	-3.490e-3
338.210	-3.430e-3
338.457	-3.365e-3
338.703	-3.295e-3
338.948	-3.230e-3
339.194	-3.170e-3
339.440	-3.115e-3
339.686	-3.055e-3
339.931	-2.995e-3
340.177	-2.930e-3
340.423	-2.870e-3
340.668	-2.800e-3
340.914	-2.740e-3
341.161	-2.680e-3
341.407	-2.620e-3
341.653	-2.555e-3
341.897	-2.490e-3
342.144	-2.430e-3
342.390	-2.375e-3
342.637	-2.310e-3
342.882	-2.255e-3
343.128	-2.195e-3
343.374	-2.135e-3
343.620	-2.075e-3
343.865	-2.010e-3
344.111	-1.955e-3
344.357	-1.895e-3
344.604	-1.830e-3
344.848	-1.775e-3
345.095	-1.720e-3
345.341	-1.670e-3
345.587	-1.610e-3
345.833	-1.560e-3
346.078	-1.505e-3
346.324	-1.450e-3
346.570	-1.400e-3
346.815	-1.350e-3
347.061	-1.305e-3
347.307	-1.260e-3
347.553	-1.220e-3
347.800	-1.185e-3
348.044	-1.135e-3
348.291	-1.095e-3
348.537	-1.045e-3
348.783	-1.000e-3
349.028	-0.955e-3
349.274	-0.905e-3
349.520	-0.860e-3
349.766	-0.810e-3
350.011	-0.780e-3
350.257	-0.735e-3
350.503	-0.705e-3
350.750	-0.675e-3
350.994	-0.635e-3
351.240	-0.610e-3
351.486	-0.590e-3
351.733	-0.560e-3
351.979	-0.530e-3
352.224	-0.505e-3
352.470	-0.480e-3
352.716	-0.455e-3
352.961	-0.435e-3
353.207	-0.400e-3
353.453	-0.380e-3
353.699	-0.365e-3
353.944	-0.340e-3
354.190	-0.325e-3
354.437	-0.310e-3
354.683	-0.285e-3
354.927	-0.275e-3
355.173	-0.265e-3
355.420	-0.250e-3
355.666	-0.240e-3
355.912	-0.235e-3
356.157	-0.225e-3
356.403	-0.210e-3
356.649	-0.200e-3
356.895	-0.190e-3
357.140	-0.185e-3
357.386	-0.180e-3
357.632	-0.175e-3
357.879	-0.175e-3
358.125	-0.165e-3
358.370	-0.160e-3
358.616	-0.160e-3
358.862	-0.155e-3
359.108	-0.150e-3
359.353	-0.140e-3
359.599	-0.135e-3
359.845	-0.135e-3
360.091	-0.135e-3
360.337	-0.130e-3
360.584	-0.130e-3
360.830	-0.130e-3
361.074	-0.130e-3
361.322	-0.125e-3
361.567	-0.130e-3
361.813	-0.125e-3
362.059	-0.125e-3
362.304	-0.130e-3
362.550	-0.125e-3
362.796	-0.125e-3
363.042	-0.125e-3
363.287	-0.130e-3
363.533	-0.125e-3
363.779	-0.115e-3
364.025	-0.130e-3
364.272	-0.130e-3
364.517	-0.130e-3
364.763	-0.130e-3
365.009	-0.130e-3
365.255	-0.130e-3
365.500	-0.125e-3
365.746	-0.125e-3
365.992	-0.125e-3
366.237	-0.130e-3
366.483	-0.125e-3
366.729	-0.110e-3
366.975	-0.115e-3
367.220	-0.115e-3
367.466	-0.125e-3
367.713	-0.125e-3
367.959	-0.125e-3
368.205	-0.130e-3
368.450	-0.125e-3
368.696	-0.125e-3
368.942	-0.115e-3
369.188	-0.115e-3
369.433	-0.125e-3
369.679	-0.125e-3
369.925	-0.115e-3
370.170	-0.115e-3
370.416	-0.115e-3
370.662	-0.115e-3
370.908	-0.115e-3
371.155	-0.115e-3
371.401	-0.115e-3