720.000000
1.000000
-1
0.000	-0.090e-3
0.245	-0.090e-3
0.491	-0.105e-3
0.737	-0.105e-3
0.984	-0.100e-3
1.230	-0.090e-3
1.474	-0.090e-3
1.721	-0.100e-3
1.967	-0.090e-3
2.212	-0.090e-3
2.458	-0.085e-3
2.704	-0.085e-3
2.950	-0.085e-3
3.195	-0.085e-3
3.441	-0.085e-3
3.689	-0.085e-3
3.934	-0.080e-3
4.183	-0.085e-3
4.424	-0.085e-3
4.670	-0.085e-3
4.917	-0.080e-3
5.163	-0.080e-3
5.408	-0.080e-3
5.654	-0.080e-3
5.900	-0.080e-3
6.146	-0.080e-3
6.392	-0.085e-3
6.637	-0.080e-3
6.883	-0.080e-3
7.128	-0.080e-3
7.374	-0.080e-3
7.622	-0.085e-3
7.867	-0.080e-3
8.113	-0.080e-3
8.359	-0.080e-3
8.605	-0.080e-3
8.850	-0.080e-3
9.096	-0.085e-3
9.341	-0.085e-3
9.589	-0.090e-3
9.833	-0.085e-3
10.080	-0.085e-3
10.324	-0.090e-3
10.570	-0.090e-3
10.817	-0.085e-3
11.064	-0.090e-3
11.310	-0.085e-3
11.557	-0.100e-3
11.801	-0.100e-3
12.047	-0.100e-3
12.293	-0.100e-3
12.538	-0.100e-3
12.784	-0.090e-3
13.030	-0.100e-3
13.277	-0.090e-3
13.523	-0.105e-3
13.767	-0.090e-3
14.014	-0.100e-3
14.260	-0.105e-3
14.506	-0.105e-3
14.752	-0.100e-3
14.997	-0.100e-3
15.243	-0.100e-3
15.490	-0.105e-3
15.734	-0.100e-3
15.980	-0.100e-3
16.226	-0.105e-3
16.471	-0.105e-3
16.717	-0.105e-3
16.963	-0.100e-3
17.210	-0.100e-3
17.456	-0.100e-3
17.701	-0.105e-3
17.947	-0.100e-3
18.193	-0.105e-3
18.439	-0.105e-3
18.684	-0.100e-3
18.930	-0.105e-3
19.176	-0.100e-3
19.421	-0.105e-3
19.668	-0.090e-3
19.913	-0.090e-3
20.159	-0.080e-3
20.406	-0.080e-3
20.652	-0.080e-3
20.898	-0.080e-3
21.143	-0.080e-3
21.389	-0.090e-3
21.634	-0.090e-3
21.880	-0.100e-3
22.126	-0.100e-3
22.372	-0.110e-3
22.617	-0.115e-3
22.863	-0.115e-3
23.109	-0.130e-3
23.356	-0.130e-3
23.600	-0.135e-3
23.846	-0.135e-3
24.092	-0.135e-3
24.339	-0.140e-3
24.585	-0.140e-3
24.829	-0.140e-3
25.076	-0.140e-3
25.322	-0.140e-3
25.567	-0.140e-3
25.813	-0.140e-3
26.059	-0.140e-3
26.305	-0.140e-3
26.550	-0.140e-3
26.796	-0.140e-3
27.042	-0.140e-3
27.289	-0.135e-3
27.535	-0.135e-3
27.781	-0.140e-3
28.027	-0.140e-3
28.273	-0.140e-3
28.519	-0.140e-3
28.764	-0.140e-3
29.010	-0.140e-3
29.256	-0.150e-3
29.501	-0.155e-3
29.749	-0.150e-3
29.993	-0.155e-3
30.239	-0.155e-3
30.486	-0.160e-3
30.732	-0.160e-3
30.976	-0.165e-3
31.223	-0.155e-3
31.469	-0.150e-3
31.715	-0.155e-3
31.960	-0.140e-3
32.206	-0.140e-3
32.452	-0.140e-3
32.697	-0.140e-3
32.943	-0.140e-3
33.189	-0.140e-3
33.436	-0.140e-3
33.681	-0.140e-3
33.926	-0.140e-3
34.172	-0.140e-3
34.419	-0.140e-3
34.665	-0.150e-3
34.910	-0.150e-3
35.158	-0.155e-3
35.402	-0.150e-3
35.648	-0.150e-3
35.893	-0.155e-3
36.139	-0.150e-3
36.385	-0.155e-3
36.632	-0.160e-3
36.876	-0.155e-3
37.123	-0.165e-3
37.369	-0.160e-3
37.615	-0.160e-3
37.861	-0.165e-3
38.106	-0.165e-3
38.352	-0.175e-3
38.598	-0.165e-3
38.843	-0.175e-3
39.089	-0.165e-3
39.335	-0.175e-3
39.581	-0.175e-3
39.826	-0.175e-3
40.072	-0.180e-3
40.318	-0.175e-3
40.565	-0.180e-3
40.810	-0.180e-3
41.056	-0.175e-3
41.302	-0.180e-3
41.548	-0.175e-3
41.794	-0.180e-3
42.039	-0.180e-3
42.285	-0.175e-3
42.531	-0.175e-3
42.778	-0.175e-3
43.024	-0.180e-3
43.268	-0.180e-3
43.514	-0.175e-3
43.761	-0.180e-3
44.007	-0.175e-3
44.251	-0.180e-3
44.498	-0.185e-3
44.744	-0.180e-3
44.989	-0.180e-3
45.235	-0.180e-3
45.481	-0.185e-3
45.728	-0.185e-3
45.973	-0.185e-3
46.219	-0.190e-3
46.465	-0.190e-3
46.712	-0.190e-3
46.958	-0.190e-3
47.202	-0.190e-3
47.449	-0.190e-3
47.695	-0.190e-3
47.941	-0.185e-3
48.186	-0.190e-3
48.432	-0.185e-3
48.678	-0.190e-3
48.925	-0.190e-3
49.169	-0.190e-3
49.415	-0.190e-3
49.661	-0.190e-3
49.908	-0.190e-3
50.152	-0.185e-3
50.398	-0.190e-3
50.645	-0.190e-3
50.891	-0.185e-3
51.137	-0.190e-3
51.382	-0.185e-3
51.628	-0.200e-3
51.874	-0.190e-3
52.119	-0.190e-3
52.365	-0.190e-3
52.611	-0.190e-3
52.857	-0.200e-3
53.102	-0.190e-3
53.348	-0.190e-3
53.594	-0.190e-3
53.841	-0.205e-3
54.087	-0.200e-3
54.332	-0.200e-3
54.578	-0.200e-3
54.824	-0.210e-3
55.070	-0.205e-3
55.315	-0.205e-3
55.561	-0.205e-3
55.807	-0.210e-3
56.052	-0.210e-3
56.298	-0.210e-3
56.544	-0.210e-3
56.791	-0.215e-3
57.037	-0.210e-3
57.283	-0.210e-3
57.528	-0.215e-3
57.774	-0.215e-3
58.020	-0.210e-3
58.265	-0.215e-3
58.511	-0.215e-3
58.757	-0.215e-3
59.003	-0.215e-3
59.248	-0.215e-3
59.494	-0.215e-3
59.740	-0.215e-3
59.987	-0.225e-3
60.231	-0.225e-3
60.478	-0.225e-3
60.724	-0.230e-3
60.970	-0.225e-3
61.216	-0.230e-3
61.461	-0.230e-3
61.707	-0.240e-3
61.953	-0.235e-3
62.198	-0.235e-3
62.444	-0.240e-3
62.690	-0.240e-3
62.936	-0.250e-3
63.181	-0.250e-3
63.428	-0.250e-3
63.674	-0.255e-3
63.921	-0.260e-3
64.167	-0.260e-3
64.412	-0.260e-3
64.658	-0.265e-3
64.904	-0.265e-3
65.150	-0.260e-3
65.395	-0.260e-3
65.641	-0.275e-3
65.887	-0.260e-3
66.132	-0.265e-3
66.378	-0.260e-3
66.626	-0.265e-3
66.870	-0.260e-3
67.117	-0.260e-3
67.363	-0.260e-3
67.608	-0.260e-3
67.854	-0.265e-3
68.100	-0.265e-3
68.345	-0.255e-3
68.591	-0.265e-3
68.837	-0.260e-3
69.083	-0.265e-3
69.330	-0.260e-3
69.575	-0.265e-3
69.820	-0.265e-3
70.067	-0.260e-3
70.313	-0.265e-3
70.557	-0.265e-3
70.803	-0.265e-3
71.050	-0.280e-3
71.296	-0.280e-3
71.541	-0.280e-3
71.787	-0.280e-3
72.033	-0.280e-3
72.278	-0.285e-3
72.526	-0.290e-3
72.770	-0.285e-3
73.016	-0.290e-3
73.263	-0.290e-3
73.509	-0.290e-3
73.754	-0.290e-3
74.000	-0.290e-3
74.246	-0.300e-3
74.492	-0.300e-3
74.737	-0.300e-3
74.983	-0.300e-3
75.229	-0.305e-3
75.474	-0.305e-3
75.720	-0.305e-3
75.966	-0.315e-3
76.213	-0.315e-3
76.459	-0.310e-3
76.703	-0.315e-3
76.949	-0.315e-3
77.196	-0.315e-3
77.442	-0.330e-3
77.687	-0.325e-3
77.933	-0.330e-3
78.179	-0.330e-3
78.425	-0.335e-3
78.670	-0.340e-3
78.916	-0.335e-3
79.162	-0.340e-3
79.409	-0.340e-3
79.653	-0.350e-3
79.899	-0.340e-3
80.145	-0.355e-3
80.392	-0.350e-3
80.638	-0.355e-3
80.884	-0.350e-3
81.130	-0.355e-3
81.376	-0.355e-3
81.621	-0.365e-3
81.867	-0.360e-3
82.113	-0.365e-3
82.361	-0.365e-3
82.604	-0.365e-3
82.850	-0.375e-3
83.096	-0.365e-3
83.343	-0.380e-3
83.589	-0.375e-3
83.835	-0.375e-3
84.079	-0.380e-3
84.326	-0.380e-3
84.572	-0.385e-3
84.817	-0.390e-3
85.063	-0.390e-3
85.309	-0.390e-3
85.554	-0.400e-3
85.800	-0.405e-3
86.046	-0.405e-3
86.294	-0.410e-3
86.539	-0.410e-3
86.785	-0.410e-3
87.030	-0.415e-3
87.276	-0.415e-3
87.522	-0.425e-3
87.768	-0.425e-3
88.013	-0.430e-3
88.259	-0.430e-3
88.505	-0.430e-3
88.750	-0.435e-3
88.996	-0.435e-3
89.242	-0.440e-3
89.487	-0.450e-3
89.733	-0.450e-3
89.979	-0.455e-3
90.225	-0.455e-3
90.472	-0.465e-3
90.718	-0.465e-3
90.963	-0.465e-3
91.209	-0.475e-3
91.455	-0.480e-3
91.701	-0.480e-3
91.946	-0.485e-3
92.192	-0.490e-3
92.438	-0.500e-3
92.683	-0.500e-3
92.929	-0.505e-3
93.176	-0.510e-3
93.422	-0.510e-3
93.668	-0.515e-3
93.914	-0.515e-3
94.159	-0.530e-3
94.405	-0.525e-3
94.651	-0.525e-3
94.896	-0.530e-3
95.142	-0.530e-3
95.388	-0.535e-3
95.634	-0.540e-3
95.879	-0.540e-3
96.127	-0.550e-3
96.371	-0.550e-3
96.618	-0.555e-3
96.864	-0.555e-3
97.109	-0.560e-3
97.355	-0.565e-3
97.601	-0.565e-3
97.847	-0.575e-3
98.094	-0.580e-3
98.339	-0.575e-3
98.585	-0.580e-3
98.830	-0.585e-3
99.076	-0.590e-3
99.322	-0.590e-3
99.568	-0.600e-3
99.815	-0.605e-3
100.059	-0.605e-3
100.306	-0.610e-3
100.552	-0.605e-3
100.798	-0.615e-3
101.043	-0.615e-3
101.289	-0.615e-3
101.535	-0.625e-3
101.781	-0.630e-3
102.028	-0.630e-3
102.272	-0.630e-3
102.518	-0.635e-3
102.765	-0.640e-3
103.011	-0.640e-3
103.255	-0.650e-3
103.501	-0.650e-3
103.748	-0.655e-3
103.994	-0.660e-3
104.239	-0.660e-3
104.485	-0.665e-3
104.731	-0.665e-3
104.976	-0.675e-3
105.222	-0.680e-3
105.468	-0.685e-3
105.714	-0.700e-3
105.959	-0.690e-3
106.205	-0.700e-3
106.452	-0.705e-3
106.698	-0.715e-3
106.942	-0.715e-3
107.189	-0.730e-3
107.435	-0.730e-3
107.681	-0.735e-3
107.927	-0.740e-3
108.172	-0.750e-3
108.418	-0.755e-3
108.664	-0.750e-3
108.911	-0.750e-3
109.155	-0.755e-3
109.401	-0.765e-3
109.647	-0.775e-3
109.894	-0.780e-3
110.139	-0.780e-3
110.385	-0.785e-3
110.631	-0.790e-3
110.877	-0.790e-3
111.123	-0.795e-3
111.368	-0.795e-3
111.614	-0.805e-3
111.860	-0.805e-3
112.105	-0.820e-3
112.351	-0.825e-3
112.598	-0.830e-3
112.844	-0.830e-3
113.090	-0.835e-3
113.335	-0.845e-3
113.581	-0.850e-3
113.827	-0.855e-3
114.073	-0.860e-3
114.318	-0.875e-3
114.564	-0.880e-3
114.810	-0.885e-3
115.056	-0.885e-3
115.301	-0.895e-3
115.547	-0.905e-3
115.794	-0.905e-3
116.041	-0.910e-3
116.285	-0.925e-3
116.532	-0.925e-3
116.778	-0.935e-3
117.024	-0.935e-3
117.270	-0.945e-3
117.515	-0.960e-3
117.761	-0.960e-3
118.007	-0.970e-3
118.252	-0.975e-3
118.498	-0.980e-3
118.744	-0.985e-3
118.990	-0.995e-3
119.235	-1.000e-3
119.481	-1.010e-3
119.728	-1.005e-3
119.974	-1.010e-3
120.220	-1.025e-3
120.465	-1.030e-3
120.711	-1.035e-3
120.957	-1.035e-3
121.203	-1.050e-3
121.448	-1.055e-3
121.696	-1.070e-3
121.940	-1.070e-3
122.185	-1.075e-3
122.431	-1.080e-3
122.677	-1.085e-3
122.923	-1.095e-3
123.170	-1.100e-3
123.416	-1.105e-3
123.661	-1.110e-3
123.907	-1.110e-3
124.153	-1.120e-3
124.398	-1.125e-3
124.644	-1.130e-3
124.890	-1.135e-3
125.136	-1.145e-3
125.381	-1.150e-3
125.629	-1.150e-3
125.874	-1.160e-3
126.119	-1.160e-3
126.364	-1.175e-3
126.610	-1.175e-3
126.857	-1.175e-3
127.103	-1.180e-3
127.349	-1.185e-3
127.594	-1.195e-3
127.840	-1.200e-3
128.086	-1.200e-3
128.331	-1.200e-3
128.577	-1.200e-3
128.823	-1.205e-3
129.069	-1.210e-3
129.314	-1.210e-3
129.562	-1.220e-3
129.807	-1.220e-3
130.053	-1.220e-3
130.298	-1.225e-3
130.545	-1.225e-3
130.790	-1.225e-3
131.036	-1.230e-3
131.282	-1.235e-3
131.527	-1.235e-3
131.773	-1.235e-3
132.018	-1.250e-3
132.264	-1.245e-3
132.510	-1.250e-3
132.756	-1.260e-3
133.003	-1.255e-3
133.250	-1.260e-3
133.496	-1.260e-3
133.741	-1.270e-3
133.987	-1.275e-3
134.233	-1.275e-3
134.479	-1.280e-3
134.724	-1.280e-3
134.970	-1.285e-3
135.216	-1.295e-3
135.463	-1.285e-3
135.707	-1.295e-3
135.954	-1.295e-3
136.198	-1.305e-3
136.446	-1.300e-3
136.692	-1.305e-3
136.937	-1.305e-3
137.183	-1.305e-3
137.429	-1.310e-3
137.674	-1.310e-3
137.920	-1.320e-3
138.166	-1.325e-3
138.412	-1.325e-3
138.657	-1.325e-3
138.903	-1.325e-3
139.150	-1.330e-3
139.394	-1.335e-3
139.640	-1.335e-3
139.887	-1.335e-3
140.133	-1.330e-3
140.379	-1.345e-3
140.623	-1.345e-3
140.870	-1.345e-3
141.116	-1.345e-3
141.362	-1.345e-3
141.607	-1.350e-3
141.853	-1.345e-3
142.099	-1.350e-3
142.345	-1.355e-3
142.590	-1.355e-3
142.836	-1.355e-3
143.083	-1.360e-3
143.329	-1.375e-3
143.573	-1.375e-3
143.820	-1.370e-3
144.066	-1.375e-3
144.312	-1.375e-3
144.558	-1.380e-3
144.803	-1.385e-3
145.049	-1.380e-3
145.296	-1.385e-3
145.540	-1.385e-3
145.786	-1.385e-3
146.032	-1.385e-3
146.279	-1.395e-3
146.525	-1.395e-3
146.771	-1.395e-3
147.016	-1.400e-3
147.262	-1.400e-3
147.508	-1.410e-3
147.753	-1.405e-3
147.999	-1.410e-3
148.245	-1.410e-3
148.491	-1.420e-3
148.736	-1.420e-3
148.982	-1.420e-3
149.229	-1.425e-3
149.475	-1.425e-3
149.721	-1.425e-3
149.966	-1.430e-3
150.212	-1.445e-3
150.458	-1.435e-3
150.705	-1.445e-3
150.950	-1.450e-3
151.196	-1.450e-3
151.441	-1.450e-3
151.687	-1.455e-3
151.933	-1.455e-3
152.179	-1.455e-3
152.425	-1.460e-3
152.670	-1.475e-3
152.916	-1.470e-3
153.163	-1.470e-3
153.409	-1.475e-3
153.655	-1.475e-3
153.901	-1.480e-3
154.146	-1.485e-3
154.392	-1.495e-3
154.638	-1.495e-3
154.883	-1.500e-3
155.129	-1.500e-3
155.375	-1.510e-3
155.622	-1.510e-3
155.866	-1.520e-3
156.112	-1.525e-3
156.359	-1.525e-3
156.605	-1.530e-3
156.851	-1.525e-3
157.096	-1.530e-3
157.342	-1.535e-3
157.588	-1.535e-3
157.834	-1.545e-3
158.079	-1.545e-3
158.325	-1.545e-3
158.570	-1.550e-3
158.816	-1.550e-3
159.064	-1.550e-3
159.309	-1.555e-3
159.555	-1.555e-3
159.799	-1.555e-3
160.047	-1.560e-3
160.292	-1.570e-3
160.538	-1.570e-3
160.784	-1.575e-3
161.031	-1.575e-3
161.275	-1.575e-3
161.521	-1.575e-3
161.767	-1.580e-3
162.012	-1.580e-3
162.258	-1.575e-3
162.505	-1.575e-3
162.751	-1.575e-3
162.995	-1.580e-3
163.242	-1.585e-3
163.488	-1.595e-3
163.734	-1.585e-3
163.980	-1.595e-3
164.225	-1.600e-3
164.471	-1.600e-3
164.716	-1.600e-3
164.962	-1.600e-3
165.208	-1.600e-3
165.454	-1.605e-3
165.699	-1.605e-3
165.945	-1.620e-3
166.191	-1.620e-3
166.438	-1.630e-3
166.684	-1.630e-3
166.930	-1.635e-3
167.175	-1.645e-3
167.421	-1.645e-3
167.667	-1.650e-3
167.913	-1.655e-3
168.159	-1.660e-3
168.405	-1.660e-3
168.652	-1.660e-3
168.896	-1.660e-3
169.142	-1.660e-3
169.388	-1.670e-3
169.635	-1.675e-3
169.881	-1.670e-3
170.125	-1.675e-3
170.372	-1.675e-3
170.618	-1.675e-3
170.865	-1.675e-3
171.109	-1.675e-3
171.355	-1.680e-3
171.601	-1.680e-3
171.846	-1.680e-3
172.093	-1.685e-3
172.338	-1.685e-3
172.585	-1.685e-3
172.831	-1.685e-3
173.077	-1.695e-3
173.323	-1.685e-3
173.568	-1.685e-3
173.814	-1.685e-3
174.060	-1.685e-3
174.305	-1.685e-3
174.551	-1.685e-3
174.798	-1.685e-3
175.042	-1.685e-3
175.288	-1.700e-3
175.534	-1.695e-3
175.781	-1.700e-3
176.025	-1.695e-3
176.273	-1.695e-3
176.518	-1.700e-3
176.764	-1.700e-3
177.010	-1.700e-3
177.256	-1.710e-3
177.501	-1.705e-3
177.747	-1.710e-3
177.992	-1.710e-3
178.238	-1.710e-3
178.484	-1.710e-3
178.731	-1.720e-3
178.975	-1.710e-3
179.223	-1.710e-3
179.467	-1.710e-3
179.714	-1.720e-3
179.960	-1.725e-3
180.205	-1.720e-3
180.451	-1.720e-3
180.697	-1.720e-3
180.943	-1.725e-3
181.189	-1.720e-3
181.434	-1.725e-3
181.680	-1.725e-3
181.925	-1.725e-3
182.171	-1.720e-3
182.417	-1.725e-3
182.664	-1.725e-3
182.910	-1.730e-3
183.155	-1.735e-3
183.400	-1.730e-3
183.647	-1.725e-3
183.893	-1.725e-3
184.138	-1.725e-3
184.384	-1.725e-3
184.632	-1.725e-3
184.876	-1.730e-3
185.121	-1.730e-3
185.367	-1.730e-3
185.614	-1.730e-3
185.861	-1.735e-3
186.106	-1.730e-3
186.351	-1.730e-3
186.598	-1.730e-3
186.844	-1.720e-3
187.090	-1.725e-3
187.336	-1.725e-3
187.581	-1.725e-3
187.827	-1.725e-3
188.072	-1.720e-3
188.318	-1.725e-3
188.564	-1.725e-3
188.810	-1.725e-3
189.056	-1.725e-3
189.301	-1.725e-3
189.547	-1.720e-3
189.794	-1.720e-3
190.040	-1.720e-3
190.286	-1.725e-3
190.531	-1.730e-3
190.777	-1.720e-3
191.023	-1.720e-3
191.268	-1.720e-3
191.514	-1.725e-3
191.760	-1.720e-3
192.007	-1.720e-3
192.253	-1.710e-3
192.499	-1.710e-3
192.743	-1.710e-3
192.990	-1.710e-3
193.236	-1.710e-3
193.482	-1.710e-3
193.727	-1.710e-3
193.973	-1.705e-3
194.219	-1.705e-3
194.464	-1.705e-3
194.710	-1.700e-3
194.956	-1.705e-3
195.202	-1.700e-3
195.447	-1.700e-3
195.693	-1.695e-3
195.940	-1.700e-3
196.186	-1.695e-3
196.432	-1.695e-3
196.676	-1.700e-3
196.923	-1.685e-3
197.169	-1.685e-3
197.414	-1.695e-3
197.660	-1.685e-3
197.906	-1.685e-3
198.152	-1.685e-3
198.399	-1.695e-3
198.643	-1.685e-3
198.889	-1.680e-3
199.136	-1.675e-3
199.382	-1.675e-3
199.626	-1.675e-3
199.873	-1.670e-3
200.119	-1.670e-3
200.365	-1.660e-3
200.611	-1.670e-3
200.856	-1.660e-3
201.102	-1.660e-3
201.347	-1.675e-3
201.593	-1.660e-3
201.839	-1.660e-3
202.085	-1.655e-3
202.330	-1.650e-3
202.576	-1.645e-3
202.822	-1.635e-3
203.070	-1.635e-3
203.316	-1.635e-3
203.561	-1.630e-3
203.807	-1.630e-3
204.053	-1.625e-3
204.299	-1.620e-3
204.544	-1.610e-3
204.790	-1.610e-3
205.036	-1.605e-3
205.283	-1.605e-3
205.527	-1.610e-3
205.773	-1.600e-3
206.019	-1.595e-3
206.266	-1.600e-3
206.512	-1.585e-3
206.758	-1.595e-3
207.003	-1.580e-3
207.249	-1.585e-3
207.494	-1.575e-3
207.740	-1.575e-3
207.986	-1.575e-3
208.232	-1.575e-3
208.477	-1.560e-3
208.723	-1.555e-3
208.969	-1.555e-3
209.216	-1.550e-3
209.462	-1.550e-3
209.708	-1.550e-3
209.952	-1.545e-3
210.199	-1.545e-3
210.445	-1.545e-3
210.690	-1.545e-3
210.936	-1.550e-3
211.182	-1.545e-3
211.427	-1.550e-3
211.675	-1.550e-3
211.919	-1.535e-3
212.167	-1.525e-3
212.412	-1.525e-3
212.658	-1.510e-3
212.904	-1.505e-3
213.149	-1.500e-3
213.395	-1.495e-3
213.641	-1.495e-3
213.885	-1.485e-3
214.132	-1.485e-3
214.378	-1.475e-3
214.623	-1.480e-3
214.869	-1.475e-3
215.115	-1.460e-3
215.362	-1.460e-3
215.607	-1.455e-3
215.852	-1.455e-3
216.098	-1.450e-3
216.345	-1.445e-3
216.591	-1.445e-3
216.836	-1.435e-3
217.082	-1.435e-3
217.328	-1.430e-3
217.574	-1.430e-3
217.819	-1.430e-3
218.065	-1.425e-3
218.311	-1.425e-3
218.558	-1.420e-3
218.803	-1.425e-3
219.050	-1.420e-3
219.295	-1.425e-3
219.541	-1.430e-3
219.787	-1.435e-3
220.033	-1.445e-3
220.278	-1.450e-3
220.524	-1.470e-3
220.770	-1.485e-3
221.016	-1.510e-3
221.262	-1.550e-3
221.508	-1.570e-3
221.753	-1.600e-3
221.999	-1.620e-3
222.245	-1.635e-3
222.492	-1.655e-3
222.738	-1.655e-3
222.983	-1.610e-3
223.229	-1.550e-3
223.475	-1.495e-3
223.721	-1.450e-3
223.966	-1.425e-3
224.212	-1.385e-3
224.458	-1.370e-3
224.703	-1.355e-3
224.949	-1.345e-3
225.195	-1.335e-3
225.441	-1.325e-3
225.686	-1.320e-3
225.934	-1.310e-3
226.178	-1.300e-3
226.425	-1.295e-3
226.671	-1.285e-3
226.916	-1.285e-3
227.162	-1.275e-3
227.408	-1.275e-3
227.654	-1.275e-3
227.899	-1.275e-3
228.145	-1.275e-3
228.391	-1.275e-3
228.637	-1.285e-3
228.882	-1.285e-3
229.128	-1.300e-3
229.376	-1.300e-3
229.621	-1.310e-3
229.867	-1.320e-3
230.112	-1.325e-3
230.358	-1.335e-3
230.604	-1.350e-3
230.849	-1.355e-3
231.095	-1.375e-3
231.341	-1.395e-3
231.587	-1.405e-3
231.832	-1.395e-3
232.078	-1.385e-3
232.324	-1.375e-3
232.571	-1.370e-3
232.817	-1.375e-3
233.063	-1.395e-3
233.307	-1.425e-3
233.554	-1.435e-3
233.800	-1.430e-3
234.045	-1.385e-3
234.291	-1.335e-3
234.537	-1.285e-3
234.784	-1.250e-3
235.028	-1.230e-3
235.274	-1.205e-3
235.520	-1.185e-3
235.767	-1.175e-3
236.011	-1.155e-3
236.257	-1.150e-3
236.504	-1.135e-3
236.750	-1.135e-3
236.996	-1.130e-3
237.241	-1.130e-3
237.487	-1.125e-3
237.733	-1.125e-3
237.978	-1.135e-3
238.225	-1.130e-3
238.471	-1.135e-3
238.718	-1.135e-3
238.962	-1.150e-3
239.210	-1.150e-3
239.455	-1.160e-3
239.701	-1.175e-3
239.947	-1.195e-3
240.192	-1.220e-3
240.438	-1.255e-3
240.684	-1.330e-3
240.930	-1.470e-3
241.175	-1.560e-3
241.421	-1.530e-3
241.667	-1.430e-3
241.912	-1.350e-3
242.160	-1.280e-3
242.404	-1.250e-3
242.651	-1.235e-3
242.897	-1.235e-3
243.143	-1.235e-3
243.388	-1.245e-3
243.634	-1.260e-3
243.880	-1.280e-3
244.125	-1.305e-3
244.371	-1.335e-3
244.617	-1.360e-3
244.863	-1.385e-3
245.108	-1.405e-3
245.354	-1.430e-3
245.602	-1.470e-3
245.847	-1.505e-3
246.092	-1.570e-3
246.338	-1.635e-3
246.584	-1.710e-3
246.830	-1.775e-3
247.076	-1.810e-3
247.321	-1.785e-3
247.569	-1.695e-3
247.813	-1.575e-3
248.060	-1.475e-3
248.304	-1.395e-3
248.550	-1.335e-3
248.796	-1.295e-3
249.043	-1.270e-3
249.287	-1.235e-3
249.534	-1.230e-3
249.780	-1.225e-3
250.026	-1.230e-3
250.271	-1.235e-3
250.517	-1.260e-3
250.763	-1.285e-3
251.009	-1.310e-3
251.254	-1.345e-3
251.500	-1.375e-3
251.746	-1.385e-3
251.992	-1.395e-3
252.237	-1.375e-3
252.483	-1.350e-3
252.729	-1.310e-3
252.976	-1.295e-3
253.222	-1.260e-3
253.467	-1.235e-3
253.713	-1.210e-3
253.959	-1.185e-3
254.204	-1.180e-3
254.450	-1.160e-3
254.696	-1.155e-3
254.942	-1.150e-3
255.187	-1.145e-3
255.435	-1.145e-3
255.680	-1.155e-3
255.927	-1.180e-3
256.173	-1.185e-3
256.419	-1.185e-3
256.664	-1.185e-3
256.910	-1.180e-3
257.156	-1.175e-3
257.401	-1.170e-3
257.647	-1.170e-3
257.893	-1.155e-3
258.139	-1.145e-3
258.384	-1.130e-3
258.630	-1.130e-3
258.876	-1.130e-3
259.123	-1.125e-3
259.369	-1.125e-3
259.614	-1.120e-3
259.860	-1.130e-3
260.106	-1.120e-3
260.352	-1.125e-3
260.597	-1.125e-3
260.843	-1.130e-3
261.089	-1.130e-3
261.336	-1.135e-3
261.580	-1.160e-3
261.826	-1.220e-3
262.073	-1.275e-3
262.319	-1.275e-3
262.564	-1.255e-3
262.810	-1.225e-3
263.056	-1.210e-3
263.302	-1.200e-3
263.547	-1.200e-3
263.793	-1.230e-3
264.039	-1.305e-3
264.285	-1.410e-3
264.530	-1.470e-3
264.776	-1.430e-3
265.022	-1.380e-3
265.269	-1.320e-3
265.515	-1.280e-3
265.760	-1.250e-3
266.006	-1.235e-3
266.252	-1.225e-3
266.498	-1.220e-3
266.743	-1.220e-3
266.989	-1.210e-3
267.235	-1.200e-3
267.480	-1.200e-3
267.726	-1.200e-3
267.972	-1.195e-3
268.218	-1.200e-3
268.463	-1.200e-3
268.709	-1.210e-3
268.955	-1.205e-3
269.202	-1.220e-3
269.448	-1.220e-3
269.693	-1.225e-3
269.939	-1.225e-3
270.185	-1.225e-3
270.431	-1.230e-3
270.676	-1.230e-3
270.922	-1.235e-3
271.170	-1.245e-3
271.413	-1.245e-3
271.659	-1.255e-3
271.905	-1.260e-3
272.151	-1.280e-3
272.398	-1.280e-3
272.643	-1.285e-3
272.889	-1.300e-3
273.136	-1.300e-3
273.382	-1.300e-3
273.627	-1.305e-3
273.873	-1.310e-3
274.119	-1.310e-3
274.365	-1.320e-3
274.611	-1.325e-3
274.856	-1.325e-3
275.103	-1.335e-3
275.349	-1.345e-3
275.595	-1.360e-3
275.839	-1.375e-3
276.085	-1.385e-3
276.332	-1.380e-3
276.578	-1.385e-3
276.823	-1.375e-3
277.069	-1.375e-3
277.315	-1.360e-3
277.561	-1.360e-3
277.806	-1.350e-3
278.052	-1.350e-3
278.298	-1.335e-3
278.545	-1.330e-3
278.790	-1.325e-3
279.036	-1.320e-3
279.282	-1.320e-3
279.528	-1.305e-3
279.774	-1.305e-3
280.019	-1.305e-3
280.265	-1.300e-3
280.511	-1.300e-3
280.756	-1.295e-3
281.002	-1.300e-3
281.248	-1.295e-3
281.493	-1.285e-3
281.741	-1.285e-3
281.987	-1.285e-3
282.231	-1.285e-3
282.478	-1.285e-3
282.724	-1.285e-3
282.971	-1.280e-3
283.215	-1.285e-3
283.461	-1.285e-3
283.707	-1.280e-3
283.952	-1.285e-3
284.198	-1.285e-3
284.444	-1.280e-3
284.689	-1.280e-3
284.937	-1.280e-3
285.182	-1.275e-3
285.428	-1.275e-3
285.674	-1.275e-3
285.920	-1.275e-3
286.165	-1.275e-3
286.411	-1.275e-3
286.657	-1.260e-3
286.902	-1.260e-3
287.148	-1.260e-3
287.394	-1.260e-3
287.640	-1.260e-3
287.885	-1.260e-3
288.131	-1.255e-3
288.377	-1.260e-3
288.624	-1.255e-3
288.870	-1.260e-3
289.115	-1.255e-3
289.361	-1.260e-3
289.607	-1.260e-3
289.853	-1.250e-3
290.098	-1.250e-3
290.344	-1.250e-3
290.591	-1.250e-3
290.836	-1.250e-3
291.082	-1.255e-3
291.328	-1.250e-3
291.574	-1.245e-3
291.820	-1.245e-3
292.065	-1.245e-3
292.312	-1.245e-3
292.558	-1.250e-3
292.804	-1.235e-3
293.049	-1.235e-3
293.295	-1.235e-3
293.541	-1.235e-3
293.787	-1.245e-3
294.032	-1.250e-3
294.278	-1.260e-3
294.524	-1.260e-3
294.771	-1.270e-3
295.015	-1.275e-3
295.262	-1.285e-3
295.507	-1.280e-3
295.754	-1.270e-3
296.000	-1.250e-3
296.245	-1.250e-3
296.491	-1.235e-3
296.737	-1.220e-3
296.982	-1.210e-3
297.228	-1.205e-3
297.474	-1.200e-3
297.720	-1.195e-3
297.965	-1.185e-3
298.213	-1.185e-3
298.458	-1.175e-3
298.704	-1.175e-3
298.950	-1.170e-3
299.196	-1.160e-3
299.441	-1.160e-3
299.687	-1.160e-3
299.933	-1.160e-3
300.178	-1.160e-3
300.424	-1.170e-3
300.670	-1.160e-3
300.915	-1.155e-3
301.161	-1.150e-3
301.407	-1.155e-3
301.653	-1.150e-3
301.900	-1.150e-3
302.146	-1.150e-3
302.391	-1.145e-3
302.637	-1.135e-3
302.883	-1.130e-3
303.129	-1.125e-3
303.374	-1.110e-3
303.620	-1.105e-3
303.866	-1.100e-3
304.111	-1.095e-3
304.357	-1.085e-3
304.603	-1.080e-3
304.850	-1.080e-3
305.094	-1.075e-3
305.340	-1.070e-3
305.587	-1.060e-3
305.833	-1.055e-3
306.079	-1.060e-3
306.324	-1.050e-3
306.571	-1.055e-3
306.816	-1.035e-3
307.062	-1.035e-3
307.307	-1.030e-3
307.553	-1.020e-3
307.799	-1.010e-3
308.046	-1.005e-3
308.291	-1.005e-3
308.537	-0.995e-3
308.784	-0.995e-3
309.030	-0.985e-3
309.275	-0.985e-3
309.521	-0.985e-3
309.767	-0.980e-3
310.013	-0.970e-3
310.258	-0.960e-3
310.504	-0.955e-3
310.750	-0.950e-3
310.996	-0.945e-3
311.241	-0.935e-3
311.487	-0.930e-3
311.734	-0.930e-3
311.980	-0.920e-3
312.226	-0.920e-3
312.472	-0.920e-3
312.717	-0.910e-3
312.963	-0.905e-3
313.209	-0.905e-3
313.454	-0.900e-3
313.700	-0.900e-3
313.946	-0.895e-3
314.192	-0.885e-3
314.439	-0.880e-3
314.683	-0.880e-3
314.929	-0.875e-3
315.176	-0.875e-3
315.422	-0.875e-3
315.667	-0.875e-3
315.913	-0.870e-3
316.159	-0.875e-3
316.405	-0.875e-3
316.650	-0.875e-3
316.896	-0.875e-3
317.142	-0.875e-3
317.387	-0.875e-3
317.633	-0.860e-3
317.880	-0.860e-3
318.126	-0.855e-3
318.372	-0.850e-3
318.616	-0.850e-3
318.863	-0.835e-3
319.109	-0.835e-3
319.355	-0.825e-3
319.600	-0.810e-3
319.846	-0.805e-3
320.092	-0.790e-3
320.338	-0.785e-3
320.583	-0.780e-3
320.829	-0.765e-3
321.075	-0.760e-3
321.320	-0.755e-3
321.566	-0.750e-3
321.813	-0.740e-3
322.059	-0.735e-3
322.305	-0.725e-3
322.551	-0.725e-3
322.796	-0.710e-3
323.042	-0.705e-3
323.288	-0.700e-3
323.533	-0.690e-3
323.779	-0.690e-3
324.025	-0.680e-3
324.271	-0.665e-3
324.516	-0.660e-3
324.762	-0.650e-3
325.009	-0.640e-3
325.255	-0.635e-3
325.500	-0.630e-3
325.747	-0.615e-3
325.993	-0.615e-3
326.239	-0.605e-3
326.485	-0.605e-3
326.730	-0.605e-3
326.976	-0.590e-3
327.222	-0.585e-3
327.467	-0.575e-3
327.713	-0.575e-3
327.959	-0.560e-3
328.205	-0.555e-3
328.451	-0.550e-3
328.696	-0.540e-3
328.943	-0.535e-3
329.189	-0.530e-3
329.435	-0.525e-3
329.680	-0.515e-3
329.926	-0.510e-3
330.172	-0.505e-3
330.418	-0.505e-3
330.663	-0.490e-3
330.909	-0.485e-3
331.156	-0.480e-3
331.402	-0.475e-3
331.647	-0.465e-3
331.892	-0.460e-3
332.139	-0.455e-3
332.385	-0.455e-3
332.631	-0.450e-3
332.876	-0.440e-3
333.122	-0.425e-3
333.368	-0.430e-3
333.613	-0.415e-3
333.859	-0.405e-3
334.105	-0.400e-3
334.351	-0.390e-3
334.596	-0.390e-3
334.842	-0.380e-3
335.089	-0.380e-3
335.335	-0.365e-3
335.579	-0.355e-3
335.825	-0.350e-3
336.072	-0.340e-3
336.318	-0.340e-3
336.564	-0.330e-3
336.809	-0.330e-3
337.055	-0.315e-3
337.301	-0.310e-3
337.546	-0.305e-3
337.792	-0.300e-3
338.038	-0.300e-3
338.285	-0.285e-3
338.529	-0.280e-3
338.777	-0.275e-3
339.022	-0.265e-3
339.268	-0.265e-3
339.514	-0.250e-3
339.760	-0.250e-3
340.005	-0.235e-3
340.251	-0.235e-3
340.497	-0.230e-3
340.742	-0.225e-3
340.988	-0.215e-3
341.235	-0.205e-3
341.480	-0.205e-3
341.725	-0.190e-3
341.973	-0.190e-3
342.218	-0.190e-3
342.464	-0.180e-3
342.710	-0.175e-3
342.956	-0.165e-3
343.202	-0.165e-3
343.448	-0.155e-3
343.694	-0.155e-3
343.939	-0.155e-3
344.185	-0.140e-3
344.432	-0.135e-3
344.678	-0.130e-3
344.922	-0.130e-3
345.169	-0.125e-3
345.415	-0.115e-3
345.661	-0.115e-3
345.905	-0.110e-3
346.152	-0.105e-3
346.398	-0.100e-3
346.644	-0.100e-3
346.889	-0.090e-3
347.135	-0.090e-3
347.381	-0.090e-3
347.627	-0.080e-3
347.874	-0.080e-3
348.118	-0.080e-3
348.365	-0.080e-3
348.611	-0.065e-3
348.855	-0.065e-3
349.102	-0.060e-3
349.348	-0.060e-3
349.594	-0.060e-3
349.840	-0.055e-3
350.085	-0.055e-3
350.331	-0.050e-3
350.576	-0.050e-3
350.822	-0.050e-3
351.068	-0.040e-3
351.314	-0.040e-3
351.561	-0.035e-3
351.807	-0.035e-3
352.053	-0.035e-3
352.298	-0.035e-3
352.544	-0.035e-3
352.790	-0.030e-3
353.035	-0.030e-3
353.281	-0.030e-3
353.527	-0.030e-3
353.773	-0.030e-3
354.018	-0.030e-3
354.264	-0.030e-3
354.511	-0.025e-3
354.757	-0.030e-3
355.003	-0.025e-3
355.247	-0.025e-3
355.494	-0.025e-3
355.740	-0.025e-3
355.986	-0.025e-3
356.231	-0.015e-3
356.477	-0.030e-3
356.723	-0.025e-3
356.968	-0.030e-3
357.214	-0.030e-3
357.460	-0.025e-3
357.707	-0.025e-3
357.951	-0.015e-3
358.197	-0.025e-3
358.444	-0.015e-3
358.690	-0.025e-3
358.935	-0.025e-3
359.180	-0.015e-3
359.427	-0.015e-3
359.673	-0.015e-3
359.919	-0.015e-3
360.164	-0.025e-3
360.410	-0.015e-3
360.657	-0.015e-3
360.902	-0.015e-3
361.148	-0.015e-3
361.394	-0.025e-3
361.641	-0.015e-3
361.887	-0.015e-3
362.133	-0.015e-3
362.378	-0.015e-3
362.624	-0.015e-3
362.870	-0.015e-3
363.116	-0.015e-3
363.361	-0.015e-3
363.607	-0.015e-3
363.853	-0.015e-3
364.098	-0.015e-3
364.344	-0.015e-3
364.591	-0.015e-3
364.837	-0.015e-3
365.081	-0.015e-3
365.327	-0.025e-3
365.574	-0.015e-3
365.820	-0.015e-3
366.066	-0.015e-3
366.311	-0.015e-3
366.557	-0.015e-3
366.803	-0.015e-3
367.049	-0.015e-3
367.294	-0.015e-3
367.542	-0.015e-3
367.786	-0.015e-3
368.033	-0.015e-3
368.277	-0.030e-3
368.524	-0.025e-3
368.770	-0.025e-3
369.016	-0.015e-3
369.262	-0.015e-3
369.507	-0.015e-3
369.753	-0.015e-3
369.998	-0.015e-3
370.244	-0.015e-3
370.490	-0.025e-3
370.736	-0.015e-3
370.983	-0.025e-3
371.228	-0.015e-3