350.000000
0.600000
1
0.000	0.050
0.100	0.050
0.200	0.050
0.300	0.050
0.400	0.050
0.500	0.050
0.600	0.050
0.700	0.050
0.800	0.050
0.900	0.050
1.000	0.050
1.100	0.039
1.200	0.050
1.300	0.050
1.400	0.050
1.500	0.050
1.600	0.050
1.700	0.050
1.800	0.050
1.900	0.050
2.000	0.050
2.100	0.050
2.200	0.050
2.300	0.050
2.400	0.050
2.500	0.050
2.600	0.050
2.700	0.050
2.800	0.039
2.900	0.050
3.000	0.050
3.100	0.050
3.200	0.050
3.300	0.050
3.400	0.050
3.500	0.050
3.600	0.050
3.700	0.050
3.800	0.050
3.900	0.050
4.000	0.050
4.100	0.050
4.200	0.050
4.300	0.050
4.400	0.050
4.500	0.039
4.600	0.050
4.700	0.039
4.800	0.050
4.900	0.050
5.000	0.050
5.100	0.050
5.200	0.050
5.300	0.050
5.400	0.050
5.500	0.050
5.600	0.050
5.700	0.039
5.800	0.050
5.900	0.050
6.000	0.050
6.100	0.050
6.200	0.050
6.300	0.050
6.400	0.050
6.500	0.050
6.600	0.050
6.700	0.050
6.800	0.050
6.900	0.050
7.000	0.050
7.100	0.050
7.200	0.050
7.300	0.050
7.400	0.050
7.500	0.039
7.600	0.050
7.700	0.039
7.800	0.050
7.900	0.050
8.000	0.050
8.100	0.050
8.200	0.050
8.300	0.050
8.400	0.050
8.500	0.050
8.600	0.050
8.700	0.050
8.800	0.050
8.900	0.050
9.000	0.050
9.100	0.050
9.200	0.050
9.300	0.050
9.400	0.050
9.500	0.050
9.600	0.050
9.700	0.050
9.800	0.050
9.900	0.050
10.000	0.050
10.100	0.050
10.200	0.050
10.300	0.050
10.400	0.050
10.500	0.050
10.600	0.050
10.700	0.050
10.800	0.039
10.900	0.050
11.000	0.050
11.100	0.050
11.200	0.050
11.300	0.039
11.400	0.050
11.500	0.050
11.600	0.039
11.700	0.050
11.800	0.050
11.900	0.050
12.000	0.039
12.100	0.050
12.200	0.050
12.300	0.050
12.400	0.039
12.500	0.050
12.600	0.050
12.700	0.050
12.800	0.050
12.900	0.050
13.000	0.050
13.100	0.050
13.200	0.050
13.300	0.050
13.400	0.050
13.500	0.050
13.600	0.050
13.700	0.050
13.800	0.050
13.900	0.050
14.000	0.050
14.100	0.050
14.200	0.039
14.300	0.039
14.400	0.050
14.500	0.050
14.600	0.050
14.700	0.050
14.800	0.050
14.900	0.050
15.000	0.050
15.100	0.050
15.200	0.050
15.300	0.050
15.400	0.050
15.500	0.050
15.600	0.050
15.700	0.050
15.800	0.050
15.900	0.050
16.000	0.050
16.100	0.050
16.200	0.050
16.300	0.050
16.400	0.050
16.500	0.050
16.600	0.050
16.700	0.050
16.800	0.050
16.900	0.039
17.000	0.050
17.100	0.050
17.200	0.050
17.300	0.050
17.400	0.050
17.500	0.050
17.600	0.050
17.700	0.050
17.800	0.050
17.900	0.050
18.000	0.050
18.100	0.050
18.200	0.050
18.300	0.050
18.400	0.050
18.500	0.050
18.600	0.050
18.700	0.050
18.800	0.039
18.900	0.050
19.000	0.050
19.100	0.050
19.200	0.050
19.300	0.039
19.400	0.050
19.500	0.050
19.600	0.050
19.700	0.050
19.800	0.050
19.900	0.050
20.000	0.050
20.100	0.039
20.200	0.050
20.300	0.050
20.400	0.050
20.500	0.050
20.600	0.039
20.700	0.039
20.800	0.050
20.900	0.050
21.000	0.050
21.100	0.050
21.200	0.050
21.300	0.050
21.400	0.039
21.500	0.050
21.600	0.050
21.700	0.050
21.800	0.039
21.900	0.039
22.000	0.050
22.100	0.050
22.200	0.039
22.300	0.050
22.400	0.050
22.500	0.039
22.600	0.050
22.700	0.050
22.800	0.050
22.900	0.039
23.000	0.050
23.100	0.050
23.200	0.050
23.300	0.050
23.400	0.050
23.500	0.050
23.600	0.050
23.700	0.050
23.800	0.050
23.900	0.050
24.000	0.039
24.100	0.039
24.200	0.050
24.300	0.039
24.400	0.039
24.500	0.050
24.600	0.050
24.700	0.039
24.800	0.050
24.900	0.050
25.000	0.050
25.100	0.050
25.200	0.050
25.300	0.050
25.400	0.039
25.500	0.050
25.600	0.050
25.700	0.039
25.800	0.050
25.900	0.039
26.000	0.050
26.100	0.039
26.200	0.050
26.300	0.050
26.400	0.050
26.500	0.039
26.600	0.039
26.700	0.039
26.800	0.039
26.900	0.050
27.000	0.039
27.100	0.050
27.200	0.039
27.300	0.039
27.400	0.039
27.500	0.039
27.600	0.039
27.700	0.039
27.800	0.039
27.900	0.039
28.000	0.039
28.100	0.039
28.200	0.039
28.300	0.039
28.400	0.039
28.500	0.039
28.600	0.039
28.700	0.029
28.800	0.029
28.900	0.029
29.000	0.029
29.100	0.029
29.200	0.019
29.300	0.019
29.400	-0.001
29.500	-0.012
29.600	-0.022
29.700	-0.053
29.800	-0.063
29.900	-0.093
30.000	-0.114
30.100	-0.155
30.200	-0.185
30.300	-0.206
30.400	-0.236
30.500	-0.246
30.600	-0.257
30.700	-0.267
30.800	-0.267
30.900	-0.277
31.000	-0.267
31.100	-0.257
31.200	-0.246
31.300	-0.236
31.400	-0.226
31.500	-0.216
31.600	-0.206
31.700	-0.185
31.800	-0.185
31.900	-0.165
32.000	-0.155
32.100	-0.144
32.200	-0.134
32.300	-0.114
32.400	-0.104
32.500	-0.083
32.600	-0.063
32.700	-0.053
32.800	-0.042
32.900	-0.032
33.000	-0.032
33.100	-0.022
33.200	-0.022
33.300	-0.012
33.400	-0.001
33.500	0.009
33.600	0.009
33.700	0.009
33.800	0.009
33.900	0.009
34.000	0.019
34.100	0.019
34.200	0.019
34.300	0.019
34.400	0.019
34.500	0.029
34.600	0.029
34.700	0.039
34.800	0.039
34.900	0.039
35.000	0.039
35.100	0.039
35.200	0.039
35.300	0.039
35.400	0.039
35.500	0.039
35.600	0.039
35.700	0.039
35.800	0.039
35.900	0.039
36.000	0.039
36.100	0.039
36.200	0.039
36.300	0.039
36.400	0.039
36.500	0.039
36.600	0.039
36.700	0.039
36.800	0.039
36.900	0.039
37.000	0.039
37.100	0.039
37.200	0.039
37.300	0.039
37.400	0.039
37.500	0.050
37.600	0.039
37.700	0.039
37.800	0.039
37.900	0.039
38.000	0.039
38.100	0.039
38.200	0.050
38.300	0.039
38.400	0.039
38.500	0.039
38.600	0.050
38.700	0.039
38.800	0.039
38.900	0.039
39.000	0.050
39.100	0.039
39.200	0.039
39.300	0.039
39.400	0.039
39.500	0.039
39.600	0.039
39.700	0.039
39.800	0.039
39.900	0.039
40.000	0.039
40.100	0.039
40.200	0.039
40.300	0.039
40.400	0.050
40.500	0.039
40.600	0.039
40.700	0.039
40.800	0.039
40.900	0.039
41.000	0.039
41.100	0.039
41.200	0.039
41.300	0.039
41.400	0.039
41.500	0.050
41.600	0.039
41.700	0.039
41.800	0.039
41.900	0.050
42.000	0.050
42.100	0.050
42.200	0.039
42.300	0.039
42.400	0.039
42.500	0.039
42.600	0.039
42.700	0.039
42.800	0.050
42.900	0.039
43.000	0.039
43.100	0.050
43.200	0.039
43.300	0.039
43.400	0.050
43.500	0.039
43.600	0.039
43.700	0.039
43.800	0.039
43.900	0.050
44.000	0.039
44.100	0.039
44.200	0.050
44.300	0.039
44.400	0.039
44.500	0.050
44.600	0.039
44.700	0.039
44.800	0.039
44.900	0.050
45.000	0.039
45.100	0.039
45.200	0.039
45.300	0.039
45.400	0.039
45.500	0.039
45.600	0.039
45.700	0.039
45.800	0.039
45.900	0.039
46.000	0.039
46.100	0.039
46.200	0.039
46.300	0.039
46.400	0.039
46.500	0.039
46.600	0.039
46.700	0.039
46.800	0.039
46.900	0.039
47.000	0.039
47.100	0.039
47.200	0.039
47.300	0.039
47.400	0.039
47.500	0.039
47.600	0.050
47.700	0.039
47.800	0.039
47.900	0.039
48.000	0.039
48.100	0.039
48.200	0.039
48.300	0.039
48.400	0.039
48.500	0.039
48.600	0.039
48.700	0.039
48.800	0.039
48.900	0.039
49.000	0.039
49.100	0.039
49.200	0.039
49.300	0.039
49.400	0.039
49.500	0.039
49.600	0.039
49.700	0.039
49.800	0.039
49.900	0.039
50.000	0.039
50.100	0.039
50.200	0.039
50.300	0.039
50.400	0.039
50.500	0.039
50.600	0.039
50.700	0.039
50.800	0.039
50.900	0.039
51.000	0.039
51.100	0.039
51.200	0.039
51.300	0.039
51.400	0.039
51.500	0.039
51.600	0.039
51.700	0.039
51.800	0.039
51.900	0.039
52.000	0.039
52.100	0.039
52.200	0.039
52.300	0.039
52.400	0.039
52.500	0.039
52.600	0.039
52.700	0.039
52.800	0.039
52.900	0.039
53.000	0.039
53.100	0.039
53.200	0.039
53.300	0.039
53.400	0.039
53.500	0.039
53.600	0.039
53.700	0.039
53.800	0.039
53.900	0.039
54.000	0.039
54.100	0.039
54.200	0.039
54.300	0.039
54.400	0.039
54.500	0.039
54.600	0.039
54.700	0.039
54.800	0.039
54.900	0.039
55.000	0.039
55.100	0.039
55.200	0.039
55.300	0.039
55.400	0.039
55.500	0.039
55.600	0.039
55.700	0.050
55.800	0.039
55.900	0.050
56.000	0.039
56.100	0.039
56.200	0.039
56.300	0.039
56.400	0.039
56.500	0.039
56.600	0.039
56.700	0.039
56.800	0.039
56.900	0.039
57.000	0.039
57.100	0.039
57.200	0.039
57.300	0.039
57.400	0.039
57.500	0.039
57.600	0.039
57.700	0.039
57.800	0.039
57.900	0.039
58.000	0.039
58.100	0.039
58.200	0.039
58.300	0.039
58.400	0.039
58.500	0.039
58.600	0.039
58.700	0.039
58.800	0.039
58.900	0.039
59.000	0.039
59.100	0.039
59.200	0.039
59.300	0.039
59.400	0.039
59.500	0.039
59.600	0.039
59.700	0.039
59.800	0.039
59.900	0.039
60.000	0.039
60.100	0.039
60.200	0.050
60.300	0.039
60.400	0.039
60.500	0.039
60.600	0.039
60.700	0.039
60.800	0.039
60.900	0.039
61.000	0.039
61.100	0.039
61.200	0.039
61.300	0.039
61.400	0.039
61.500	0.039
61.600	0.039
61.700	0.039
61.800	0.039
61.900	0.039
62.000	0.039
62.100	0.039
62.200	0.039
62.300	0.039
62.400	0.039
62.500	0.039
62.600	0.039
62.700	0.039
62.800	0.039
62.900	0.039
63.000	0.039
63.100	0.039
63.200	0.039
63.300	0.039
63.400	0.039
63.500	0.039
63.600	0.039
63.700	0.039
63.800	0.039
63.900	0.039
64.000	0.039
64.100	0.039
64.200	0.039
64.300	0.039
64.400	0.039
64.500	0.039
64.600	0.039
64.700	0.039
64.800	0.039
64.900	0.039
65.000	0.039
65.100	0.039
65.200	0.039
65.300	0.039
65.400	0.039
65.500	0.039
65.600	0.039
65.700	0.039
65.800	0.039
65.900	0.039
66.000	0.039
66.100	0.039
66.200	0.039
66.300	0.039
66.400	0.039
66.500	0.039
66.600	0.039
66.700	0.039
66.800	0.039
66.900	0.039
67.000	0.039
67.100	0.039
67.200	0.039
67.300	0.039
67.400	0.039
67.500	0.039
67.600	0.039
67.700	0.039
67.800	0.039
67.900	0.039
68.000	0.039
68.100	0.039
68.200	0.039
68.300	0.039
68.400	0.039
68.500	0.039
68.600	0.039
68.700	0.039
68.800	0.039
68.900	0.039
69.000	0.039
69.100	0.039
69.200	0.039
69.300	0.039
69.400	0.039
69.500	0.039
69.600	0.039
69.700	0.039
69.800	0.039
69.900	0.039
70.000	0.039
70.100	0.039
70.200	0.039
70.300	0.039
70.400	0.039
70.500	0.039
70.600	0.039
70.700	0.039
70.800	0.039
70.900	0.039
71.000	0.039
71.100	0.039
71.200	0.039
71.300	0.039
71.400	0.029
71.500	0.039
71.600	0.039
71.700	0.039
71.800	0.039
71.900	0.039
72.000	0.039
72.100	0.039
72.200	0.039
72.300	0.039
72.400	0.039
72.500	0.039
72.600	0.039
72.700	0.039
72.800	0.039
72.900	0.039
73.000	0.039
73.100	0.039
73.200	0.039
73.300	0.039
73.400	0.039
73.500	0.039
73.600	0.039
73.700	0.039
73.800	0.039
73.900	0.039
74.000	0.039
74.100	0.039
74.200	0.039
74.300	0.039
74.400	0.039
74.500	0.039
74.600	0.039
74.700	0.039
74.800	0.039
74.900	0.039
75.000	0.039
75.100	0.039
75.200	0.039
75.300	0.039
75.400	0.039
75.500	0.039
75.600	0.039
75.700	0.039
75.800	0.039
75.900	0.039
76.000	0.039
76.100	0.039
76.200	0.039
76.300	0.039
76.400	0.039
76.500	0.039
76.600	0.039
76.700	0.039
76.800	0.039
76.900	0.039
77.000	0.039
77.100	0.039
77.200	0.039
77.300	0.039
77.400	0.039
77.500	0.039
77.600	0.039
77.700	0.039
77.800	0.039
77.900	0.039
78.000	0.039
78.100	0.039
78.200	0.039
78.300	0.039
78.400	0.039
78.500	0.039
78.600	0.039
78.700	0.039
78.800	0.039
78.900	0.039
79.000	0.039
79.100	0.039
79.200	0.039
79.300	0.039
79.400	0.039
79.500	0.039
79.600	0.039
79.700	0.039
79.800	0.039
79.900	0.039
80.000	0.039
80.100	0.039
80.200	0.039
80.300	0.039
80.400	0.039
80.500	0.039
80.600	0.039
80.700	0.039
80.800	0.039
80.900	0.039
81.000	0.039
81.100	0.039
81.200	0.039
81.300	0.039
81.400	0.039
81.500	0.039
81.600	0.039
81.700	0.039
81.800	0.039
81.900	0.039
82.000	0.039
82.100	0.039
82.200	0.039
82.300	0.039
82.400	0.039
82.500	0.039
82.600	0.039
82.700	0.039
82.800	0.039
82.900	0.039
83.000	0.039
83.100	0.039
83.200	0.039
83.300	0.039
83.400	0.039
83.500	0.039
83.600	0.039
83.700	0.039
83.800	0.039
83.900	0.039
84.000	0.039
84.100	0.039
84.200	0.039
84.300	0.039
84.400	0.039
84.500	0.039
84.600	0.039
84.700	0.039
84.800	0.039
84.900	0.039
85.000	0.039
85.100	0.039
85.200	0.039
85.300	0.039
85.400	0.039
85.500	0.039
85.600	0.039
85.700	0.039
85.800	0.039
85.900	0.039
86.000	0.039
86.100	0.039
86.200	0.039
86.300	0.039
86.400	0.039
86.500	0.039
86.600	0.039
86.700	0.039
86.800	0.039
86.900	0.039
87.000	0.039
87.100	0.039
87.200	0.039
87.300	0.039
87.400	0.039
87.500	0.039
87.600	0.039
87.700	0.039
87.800	0.039
87.900	0.039
88.000	0.039
88.100	0.039
88.200	0.039
88.300	0.039
88.400	0.039
88.500	0.039
88.600	0.039
88.700	0.039
88.800	0.039
88.900	0.039
89.000	0.039
89.100	0.039
89.200	0.039
89.300	0.039
89.400	0.039
89.500	0.039
89.600	0.039
89.700	0.039
89.800	0.039
89.900	0.039
90.000	0.039
90.100	0.039
90.200	0.039
90.300	0.039
90.400	0.039
90.500	0.039
90.600	0.039
90.700	0.039
90.800	0.039
90.900	0.039
91.000	0.039
91.100	0.039
91.200	0.039
91.300	0.039
91.400	0.039
91.500	0.039
91.600	0.039
91.700	0.039
91.800	0.039
91.900	0.039
92.000	0.039
92.100	0.039
92.200	0.039
92.300	0.039
92.400	0.039
92.500	0.039
92.600	0.039
92.700	0.039
92.800	0.039
92.900	0.039
93.000	0.039
93.100	0.039
93.200	0.039
93.300	0.029
93.400	0.039
93.500	0.039
93.600	0.039
93.700	0.039
93.800	0.039
93.900	0.039
94.000	0.029
94.100	0.039
94.200	0.039
94.300	0.029
94.400	0.029
94.500	0.029
94.600	0.019
94.700	0.019
94.800	0.029
94.900	0.029
95.000	0.019
95.100	0.019
95.200	0.019
95.300	0.009
95.400	-0.001
95.500	-0.001
95.600	-0.022
95.700	-0.042
95.800	-0.063
95.900	-0.093
96.000	-0.124
96.100	-0.165
96.200	-0.206
96.300	-0.257
96.400	-0.308
96.500	-0.338
96.600	-0.369
96.700	-0.389
96.800	-0.389
96.900	-0.389
97.000	-0.389
97.100	-0.379
97.200	-0.359
97.300	-0.328
97.400	-0.308
97.500	-0.287
97.600	-0.257
97.700	-0.246
97.800	-0.226
97.900	-0.206
98.000	-0.195
98.100	-0.165
98.200	-0.144
98.300	-0.124
98.400	-0.104
98.500	-0.063
98.600	-0.032
98.700	-0.001
98.800	0.009
98.900	0.019
99.000	0.029
99.100	0.039
99.200	0.039
99.300	0.039
99.400	0.039
99.500	0.039
99.600	0.039
99.700	0.039
99.800	0.039
99.900	0.039
100.000	0.039
100.100	0.039
100.200	0.039
100.300	0.039
100.400	0.039
100.500	0.039
100.600	0.039
100.700	0.029
100.800	0.029
100.900	0.029
101.000	0.029
101.100	0.029
101.200	0.019
101.300	0.029
101.400	0.019
101.500	0.019
101.600	0.019
101.700	0.019
101.800	0.009
101.900	0.009
102.000	0.009
102.100	0.009
102.200	0.009
102.300	0.009
102.400	0.009
102.500	0.009
102.600	0.009
102.700	0.019
102.800	0.019
102.900	0.019
103.000	0.019
103.100	0.019
103.200	0.019
103.300	0.019
103.400	0.019
103.500	0.019
103.600	0.019
103.700	0.029
103.800	0.029
103.900	0.029
104.000	0.039
104.100	0.029
104.200	0.039
104.300	0.039
104.400	0.039
104.500	0.039
104.600	0.039
104.700	0.039
104.800	0.039
104.900	0.039
105.000	0.039
105.100	0.039
105.200	0.039
105.300	0.039
105.400	0.039
105.500	0.039
105.600	0.039
105.700	0.039
105.800	0.039
105.900	0.039
106.000	0.039
106.100	0.039
106.200	0.039
106.300	0.039
106.400	0.039
106.500	0.039
106.600	0.039
106.700	0.039
106.800	0.039
106.900	0.039
107.000	0.039
107.100	0.039
107.200	0.039
107.300	0.039
107.400	0.039
107.500	0.039
107.600	0.039
107.700	0.039
107.800	0.039
107.900	0.039
108.000	0.039
108.100	0.039
108.200	0.039
108.300	0.039
108.400	0.039
108.500	0.039
108.600	0.039
108.700	0.039
108.800	0.039
108.900	0.039
109.000	0.039
109.100	0.039
109.200	0.039
109.300	0.039
109.400	0.039
109.500	0.039
109.600	0.039
109.700	0.039
109.800	0.039
109.900	0.039
110.000	0.039
110.100	0.039
110.200	0.039
110.300	0.039
110.400	0.039
110.500	0.039
110.600	0.039
110.700	0.039
110.800	0.039
110.900	0.039
111.000	0.039
111.100	0.039
111.200	0.039
111.300	0.039
111.400	0.039
111.500	0.039
111.600	0.039
111.700	0.039
111.800	0.039
111.900	0.039
112.000	0.039
112.100	0.039
112.200	0.039
112.300	0.039
112.400	0.039
112.500	0.039
112.600	0.039
112.700	0.039
112.800	0.039
112.900	0.039
113.000	0.039
113.100	0.039
113.200	0.039
113.300	0.039
113.400	0.039
113.500	0.039
113.600	0.039
113.700	0.039
113.800	0.039
113.900	0.039
114.000	0.039
114.100	0.039
114.200	0.039
114.300	0.039
114.400	0.039
114.500	0.039
114.600	0.039
114.700	0.039
114.800	0.039
114.900	0.039
115.000	0.039
115.100	0.039
115.200	0.039
115.300	0.039
115.400	0.039
115.500	0.039
115.600	0.039
115.700	0.039
115.800	0.039
115.900	0.039
116.000	0.039
116.100	0.039
116.200	0.039
116.300	0.039
116.400	0.039
116.500	0.039
116.600	0.039
116.700	0.039
116.800	0.039
116.900	0.039
117.000	0.039
117.100	0.039
117.200	0.039
117.300	0.039
117.400	0.039
117.500	0.039
117.600	0.039
117.700	0.039
117.800	0.039
117.900	0.039
118.000	0.039
118.100	0.039
118.200	0.039
118.300	0.039
118.400	0.039
118.500	0.039
118.600	0.039
118.700	0.039
118.800	0.039
118.900	0.039
119.000	0.039
119.100	0.039
119.200	0.039
119.300	0.039
119.400	0.039
119.500	0.039
119.600	0.039
119.700	0.039
119.800	0.039
119.900	0.039
120.000	0.039
120.100	0.039
120.200	0.039
120.300	0.039
120.400	0.039
120.500	0.039
120.600	0.039
120.700	0.050
120.800	0.039
120.900	0.039
121.000	0.039
121.100	0.050
121.200	0.039
121.300	0.039
121.400	0.039
121.500	0.039
121.600	0.039
121.700	0.039
121.800	0.039
121.900	0.039
122.000	0.039
122.100	0.039
122.200	0.039
122.300	0.039
122.400	0.039
122.500	0.039
122.600	0.039
122.700	0.039
122.800	0.039
122.900	0.039
123.000	0.039
123.100	0.039
123.200	0.039
123.300	0.039
123.400	0.039
123.500	0.039
123.600	0.039
123.700	0.039
123.800	0.039
123.900	0.039
124.000	0.039
124.100	0.039
124.200	0.039
124.300	0.039
124.400	0.039
124.500	0.039
124.600	0.039
124.700	0.039
124.800	0.039
124.900	0.039
125.000	0.039
125.100	0.039
125.200	0.039
125.300	0.039
125.400	0.039
125.500	0.039
125.600	0.039
125.700	0.039
125.800	0.039
125.900	0.039
126.000	0.039
126.100	0.039
126.200	0.039
126.300	0.039
126.400	0.039
126.500	0.039
126.600	0.039
126.700	0.039
126.800	0.039
126.900	0.039
127.000	0.039
127.100	0.039
127.200	0.039
127.300	0.039
127.400	0.039
127.500	0.050
127.600	0.039
127.700	0.039
127.800	0.039
127.900	0.039
128.000	0.039
128.100	0.039
128.200	0.039
128.300	0.039
128.400	0.039
128.500	0.039
128.600	0.039
128.700	0.039
128.800	0.039
128.900	0.039
129.000	0.039
129.100	0.039
129.200	0.039
129.300	0.039
129.400	0.039
129.500	0.039
129.600	0.039
129.700	0.039
129.800	0.039
129.900	0.039
130.000	0.039
130.100	0.039
130.200	0.039
130.300	0.039
130.400	0.039
130.500	0.039
130.600	0.039
130.700	0.039
130.800	0.039
130.900	0.039
131.000	0.039
131.100	0.039
131.200	0.039
131.300	0.039
131.400	0.039
131.500	0.039
131.600	0.039
131.700	0.039
131.800	0.039
131.900	0.039
132.000	0.039
132.100	0.039
132.200	0.039
132.300	0.039
132.400	0.039
132.500	0.039
132.600	0.039
132.700	0.039
132.800	0.039
132.900	0.039
133.000	0.039
133.100	0.039
133.200	0.039
133.300	0.039
133.400	0.039
133.500	0.039
133.600	0.039
133.700	0.039
133.800	0.039
133.900	0.039
134.000	0.050
134.100	0.039
134.200	0.039
134.300	0.039
134.400	0.039
134.500	0.050
134.600	0.039
134.700	0.039
134.800	0.039
134.900	0.039
135.000	0.039
135.100	0.039
135.200	0.039
135.300	0.039
135.400	0.039
135.500	0.050
135.600	0.039
135.700	0.039
135.800	0.039
135.900	0.039
136.000	0.039
136.100	0.039
136.200	0.039
136.300	0.039
136.400	0.039
136.500	0.039
136.600	0.039
136.700	0.039
136.800	0.039
136.900	0.039
137.000	0.039
137.100	0.039
137.200	0.039
137.300	0.039
137.400	0.039
137.500	0.039
137.600	0.039
137.700	0.039
137.800	0.039
137.900	0.039
138.000	0.039
138.100	0.039
138.200	0.039
138.300	0.039
138.400	0.039
138.500	0.039
138.600	0.039
138.700	0.039
138.800	0.039
138.900	0.039
139.000	0.039
139.100	0.039
139.200	0.039
139.300	0.039
139.400	0.039
139.500	0.039
139.600	0.039
139.700	0.039
139.800	0.039
139.900	0.039
140.000	0.039
140.100	0.039
140.200	0.039
140.300	0.039
140.400	0.039
140.500	0.039
140.600	0.039
140.700	0.039
140.800	0.039
140.900	0.039
141.000	0.039
141.100	0.039
141.200	0.039
141.300	0.039
141.400	0.039
141.500	0.039
141.600	0.039
141.700	0.039
141.800	0.039
141.900	0.039
142.000	0.039
142.100	0.039
142.200	0.039
142.300	0.039
142.400	0.039
142.500	0.039
142.600	0.039
142.700	0.039
142.800	0.039
142.900	0.050
143.000	0.039
143.100	0.039
143.200	0.039
143.300	0.039
143.400	0.039
143.500	0.039
143.600	0.039
143.700	0.039
143.800	0.039
143.900	0.039
144.000	0.039
144.100	0.039
144.200	0.039
144.300	0.039
144.400	0.039
144.500	0.039
144.600	0.039
144.700	0.039
144.800	0.039
144.900	0.039
145.000	0.039
145.100	0.039
145.200	0.039
145.300	0.039
145.400	0.029
145.500	0.039
145.600	0.029
145.700	0.039
145.800	0.029
145.900	0.029
146.000	0.029
146.100	0.029
146.200	0.029
146.300	0.029
146.400	0.019
146.500	0.019
146.600	0.019
146.700	0.019
146.800	0.009
146.900	0.009
147.000	0.009
147.100	0.009
147.200	0.009
147.300	-0.001
147.400	-0.012
147.500	-0.022
147.600	-0.032
147.700	-0.063
147.800	-0.104
147.900	-0.144
148.000	-0.195
148.100	-0.267
148.200	-0.338
148.300	-0.430
148.400	-0.532
148.500	-0.634
148.600	-0.746
148.700	-0.848
148.800	-0.930
148.900	-0.981
149.000	-1.001
149.100	-1.012
149.200	-1.001
149.300	-0.981
149.400	-0.940
149.500	-0.889
149.600	-0.828
149.700	-0.757
149.800	-0.706
149.900	-0.654
150.000	-0.614
150.100	-0.563
150.200	-0.512
150.300	-0.471
150.400	-0.410
150.500	-0.348
150.600	-0.277
150.700	-0.195
150.800	-0.124
150.900	-0.053
151.000	-0.012
151.100	0.019
151.200	0.029
151.300	0.039
151.400	0.039
151.500	0.039
151.600	0.039
151.700	0.039
151.800	0.039
151.900	0.039
152.000	0.039
152.100	0.039
152.200	0.039
152.300	0.039
152.400	0.039
152.500	0.039
152.600	0.039
152.700	0.039
152.800	0.039
152.900	0.039
153.000	0.039
153.100	0.039
153.200	0.039
153.300	0.039
153.400	0.039
153.500	0.039
153.600	0.039
153.700	0.039
153.800	0.039
153.900	0.039
154.000	0.039
154.100	0.039
154.200	0.039
154.300	0.039
154.400	0.039
154.500	0.039
154.600	0.039
154.700	0.039
154.800	0.039
154.900	0.039
155.000	0.039
155.100	0.039
155.200	0.039
155.300	0.039
155.400	0.039
155.500	0.039
155.600	0.039
155.700	0.039
155.800	0.039
155.900	0.039
156.000	0.039
156.100	0.050
156.200	0.039
156.300	0.039
156.400	0.050
156.500	0.039
156.600	0.039
156.700	0.050
156.800	0.039
156.900	0.039
157.000	0.039
157.100	0.039
157.200	0.039
157.300	0.039
157.400	0.039
157.500	0.039
157.600	0.039
157.700	0.039
157.800	0.039
157.900	0.039
158.000	0.050
158.100	0.039
158.200	0.039
158.300	0.039
158.400	0.039
158.500	0.039
158.600	0.039
158.700	0.039
158.800	0.039
158.900	0.039
159.000	0.050
159.100	0.039
159.200	0.039
159.300	0.050
159.400	0.039
159.500	0.050
159.600	0.039
159.700	0.039
159.800	0.050
159.900	0.039
160.000	0.039
160.100	0.039
160.200	0.039
160.300	0.050
160.400	0.039
160.500	0.039
160.600	0.050
160.700	0.039
160.800	0.039
160.900	0.039
161.000	0.039
161.100	0.050
161.200	0.039
161.300	0.050
161.400	0.050
161.500	0.039
161.600	0.050
161.700	0.039
161.800	0.050
161.900	0.039
162.000	0.050
162.100	0.039
162.200	0.039
162.300	0.039
162.400	0.050
162.500	0.039
162.600	0.050
162.700	0.039
162.800	0.050
162.900	0.050
163.000	0.050
163.100	0.050
163.200	0.039
163.300	0.039
163.400	0.050
163.500	0.039
163.600	0.050
163.700	0.050
163.800	0.050
163.900	0.039
164.000	0.039
164.100	0.050
164.200	0.050
164.300	0.050
164.400	0.050
164.500	0.039
164.600	0.039
164.700	0.039
164.800	0.050
164.900	0.039
165.000	0.050
165.100	0.050
165.200	0.050
165.300	0.050
165.400	0.039
165.500	0.050
165.600	0.039
165.700	0.039
165.800	0.050
165.900	0.050
166.000	0.039
166.100	0.039
166.200	0.039
166.300	0.050
166.400	0.050
166.500	0.039
166.600	0.050
166.700	0.050
166.800	0.050
166.900	0.039
167.000	0.050
167.100	0.050
167.200	0.050
167.300	0.039
167.400	0.039
167.500	0.039
167.600	0.050
167.700	0.039
167.800	0.050
167.900	0.050
168.000	0.050
168.100	0.050
168.200	0.039
168.300	0.050
168.400	0.050
168.500	0.050
168.600	0.050
168.700	0.050
168.800	0.039
168.900	0.050
169.000	0.039
169.100	0.050
169.200	0.039
169.300	0.050
169.400	0.050
169.500	0.050
169.600	0.039
169.700	0.050
169.800	0.050
169.900	0.050
170.000	0.039
170.100	0.039
170.200	0.050
170.300	0.050
170.400	0.039
170.500	0.039
170.600	0.039
170.700	0.039
170.800	0.050
170.900	0.039
171.000	0.039
171.100	0.050
171.200	0.050
171.300	0.050
171.400	0.050
171.500	0.039
171.600	0.050
171.700	0.050
171.800	0.050
171.900	0.050
172.000	0.050
172.100	0.050
172.200	0.039
172.300	0.050
172.400	0.050
172.500	0.050
172.600	0.050
172.700	0.050
172.800	0.050
172.900	0.050
173.000	0.050
173.100	0.050
173.200	0.050
173.300	0.039
173.400	0.050
173.500	0.050
173.600	0.050
173.700	0.050
173.800	0.050
173.900	0.050
174.000	0.039
174.100	0.050
174.200	0.050
174.300	0.039
174.400	0.050
174.500	0.050
174.600	0.050
174.700	0.050
174.800	0.050
174.900	0.050
175.000	0.050
175.100	0.039
175.200	0.050
175.300	0.050
175.400	0.039
175.500	0.050
175.600	0.050
175.700	0.050
175.800	0.039
175.900	0.039
176.000	0.050
176.100	0.050
176.200	0.050
176.300	0.039
176.400	0.050
176.500	0.050
176.600	0.050
176.700	0.039
176.800	0.039
176.900	0.050
177.000	0.050
177.100	0.039
177.200	0.050
177.300	0.050
177.400	0.050
177.500	0.050
177.600	0.050
177.700	0.050
177.800	0.050
177.900	0.050
178.000	0.039
178.100	0.050
178.200	0.050
178.300	0.050
178.400	0.050
178.500	0.039
178.600	0.039
178.700	0.050
178.800	0.050
178.900	0.050
179.000	0.039
179.100	0.050
179.200	0.050
179.300	0.039
179.400	0.039
179.500	0.050
179.600	0.050
179.700	0.050
179.800	0.050
179.900	0.050
180.000	0.039
180.100	0.050
180.200	0.039
180.300	0.050
180.400	0.039
180.500	0.050
180.600	0.050
180.700	0.050
180.800	0.050
180.900	0.039
181.000	0.050
181.100	0.050
181.200	0.050
181.300	0.050
181.400	0.039
181.500	0.039
181.600	0.050
181.700	0.050
181.800	0.050
181.900	0.050
182.000	0.050
182.100	0.050
182.200	0.050
182.300	0.050
182.400	0.050
182.500	0.050
182.600	0.050
182.700	0.050
182.800	0.050
182.900	0.050
183.000	0.039
183.100	0.050
183.200	0.050
183.300	0.039
183.400	0.050
183.500	0.039
183.600	0.050
183.700	0.050
183.800	0.050
183.900	0.050
184.000	0.039
184.100	0.050
184.200	0.050
184.300	0.050
184.400	0.050
184.500	0.039
184.600	0.050
184.700	0.050
184.800	0.039
184.900	0.050
185.000	0.039
185.100	0.039
185.200	0.050
185.300	0.050
185.400	0.050
185.500	0.050
185.600	0.050
185.700	0.050
185.800	0.050
185.900	0.039
186.000	0.050
186.100	0.039
186.200	0.050
186.300	0.050
186.400	0.039
186.500	0.050
186.600	0.050
186.700	0.050
186.800	0.039
186.900	0.050
187.000	0.050
187.100	0.050
187.200	0.050
187.300	0.050
187.400	0.039
187.500	0.050
187.600	0.039
187.700	0.050
187.800	0.050
187.900	0.050
188.000	0.050
188.100	0.050
188.200	0.050
188.300	0.050
188.400	0.050
188.500	0.050
188.600	0.050
188.700	0.050
188.800	0.050
188.900	0.039
189.000	0.050
189.100	0.050
189.200	0.050
189.300	0.050
189.400	0.039
189.500	0.039
189.600	0.050
189.700	0.050
189.800	0.050
189.900	0.050
190.000	0.050
190.100	0.039
190.200	0.050
190.300	0.050
190.400	0.050
190.500	0.050
190.600	0.050
190.700	0.039
190.800	0.050
190.900	0.050
191.000	0.050
191.100	0.050
191.200	0.050
191.300	0.050
191.400	0.050
191.500	0.050
191.600	0.050
191.700	0.050
191.800	0.050
191.900	0.050
192.000	0.050
192.100	0.050
192.200	0.050
192.300	0.050
192.400	0.050
192.500	0.039
192.600	0.050
192.700	0.050
192.800	0.050
192.900	0.050
193.000	0.039
193.100	0.050
193.200	0.050
193.300	0.050
193.400	0.050
193.500	0.050
193.600	0.050
193.700	0.050
193.800	0.050
193.900	0.050
194.000	0.050
194.100	0.039
194.200	0.050
194.300	0.050
194.400	0.050
194.500	0.050
194.600	0.050
194.700	0.039
194.800	0.050
194.900	0.050
195.000	0.050
195.100	0.050
195.200	0.039
195.300	0.050
195.400	0.039
195.500	0.050
195.600	0.050
195.700	0.050
195.800	0.050
195.900	0.050
196.000	0.050
196.100	0.050
196.200	0.050
196.300	0.050
196.400	0.050
196.500	0.050
196.600	0.050
196.700	0.039
196.800	0.050
196.900	0.050
197.000	0.050
197.100	0.050
197.200	0.050
197.300	0.050
197.400	0.039
197.500	0.050
197.600	0.050
197.700	0.050
197.800	0.050
197.900	0.050
198.000	0.050
198.100	0.050
198.200	0.050
198.300	0.050
198.400	0.050
198.500	0.050
198.600	0.050
198.700	0.050
198.800	0.050
198.900	0.039
199.000	0.050
199.100	0.050
199.200	0.050
199.300	0.050
199.400	0.050
199.500	0.050
199.600	0.050
199.700	0.050
199.800	0.050
199.900	0.050
200.000	0.050
200.100	0.050
200.200	0.050
200.300	0.050
200.400	0.050
200.500	0.050
200.600	0.039
200.700	0.050
200.800	0.050
200.900	0.050
201.000	0.050
201.100	0.050
201.200	0.039
201.300	0.050
201.400	0.050
201.500	0.050
201.600	0.050
201.700	0.050
201.800	0.050
201.900	0.050
202.000	0.050
202.100	0.050
202.200	0.050
202.300	0.050
202.400	0.050
202.500	0.050
202.600	0.050
202.700	0.050
202.800	0.050
202.900	0.050
203.000	0.050
203.100	0.050
203.200	0.050
203.300	0.050
203.400	0.050
203.500	0.039
203.600	0.050
203.700	0.050
203.800	0.039
203.900	0.039
204.000	0.039
204.100	0.050
204.200	0.039
204.300	0.050
204.400	0.050
204.500	0.039
204.600	0.050
204.700	0.050
204.800	0.050
204.900	0.039
205.000	0.050
205.100	0.050
205.200	0.039
205.300	0.050
205.400	0.050
205.500	0.039
205.600	0.050
205.700	0.050
205.800	0.050
205.900	0.039
206.000	0.050
206.100	0.039
206.200	0.039
206.300	0.050
206.400	0.039
206.500	0.039
206.600	0.050
206.700	0.050
206.800	0.050
206.900	0.039
207.000	0.050
207.100	0.050
207.200	0.050
207.300	0.050
207.400	0.050
207.500	0.050
207.600	0.050
207.700	0.050
207.800	0.050
207.900	0.050
208.000	0.050
208.100	0.050
208.200	0.050
208.300	0.050
208.400	0.050
208.500	0.039
208.600	0.050
208.700	0.050
208.800	0.050
208.900	0.050
209.000	0.050
209.100	0.050
209.200	0.050
209.300	0.050
209.400	0.039
209.500	0.050
209.600	0.050
209.700	0.050
209.800	0.050
209.900	0.039
210.000	0.050
210.100	0.050
210.200	0.050
210.300	0.050
210.400	0.050
210.500	0.050
210.600	0.050
210.700	0.050
210.800	0.050
210.900	0.050
211.000	0.039
211.100	0.050
211.200	0.050
211.300	0.050
211.400	0.050
211.500	0.050
211.600	0.050
211.700	0.050
211.800	0.050
211.900	0.050
212.000	0.050
212.100	0.039
212.200	0.050
212.300	0.050
212.400	0.050
212.500	0.050
212.600	0.050
212.700	0.050
212.800	0.050
212.900	0.050
213.000	0.050
213.100	0.050
213.200	0.050
213.300	0.050
213.400	0.050
213.500	0.050
213.600	0.050
213.700	0.039
213.800	0.050
213.900	0.050
214.000	0.050
214.100	0.050
214.200	0.050
214.300	0.050
214.400	0.050
214.500	0.050
214.600	0.039
214.700	0.050
214.800	0.050
214.900	0.050
215.000	0.050
215.100	0.039
215.200	0.050
215.300	0.039
215.400	0.050
215.500	0.050
215.600	0.050
215.700	0.050
215.800	0.050
215.900	0.039
216.000	0.050
216.100	0.050
216.200	0.050
216.300	0.050
216.400	0.050
216.500	0.050
216.600	0.039
216.700	0.050
216.800	0.050
216.900	0.050
217.000	0.039
217.100	0.050
217.200	0.050
217.300	0.050
217.400	0.050
217.500	0.050
217.600	0.050
217.700	0.050
217.800	0.050
217.900	0.050
218.000	0.050
218.100	0.050
218.200	0.050
218.300	0.050
218.400	0.050
218.500	0.050
218.600	0.050
218.700	0.050
218.800	0.050
218.900	0.050
219.000	0.050
219.100	0.039
219.200	0.039
219.300	0.050
219.400	0.050
219.500	0.050
219.600	0.050
219.700	0.039
219.800	0.050
219.900	0.050
220.000	0.050
220.100	0.050
220.200	0.050
220.300	0.050
220.400	0.050
220.500	0.050
220.600	0.050
220.700	0.050
220.800	0.050
220.900	0.050
221.000	0.050
221.100	0.050
221.200	0.050
221.300	0.050
221.400	0.050
221.500	0.050
221.600	0.050
221.700	0.050
221.800	0.050
221.900	0.050
222.000	0.050
222.100	0.050
222.200	0.050
222.300	0.050
222.400	0.050
222.500	0.050
222.600	0.050
222.700	0.050
222.800	0.050
222.900	0.050
223.000	0.050
223.100	0.050
223.200	0.050
223.300	0.050
223.400	0.050
223.500	0.050
223.600	0.050
223.700	0.050
223.800	0.050
223.900	0.050
224.000	0.050
224.100	0.039
224.200	0.050
224.300	0.050
224.400	0.050
224.500	0.050
224.600	0.050
224.700	0.050
224.800	0.050
224.900	0.050
225.000	0.050
225.100	0.050
225.200	0.050
225.300	0.050
225.400	0.050
225.500	0.050
225.600	0.050
225.700	0.050
225.800	0.050
225.900	0.050
226.000	0.050
226.100	0.050
226.200	0.050
226.300	0.050
226.400	0.050
226.500	0.039
226.600	0.050
226.700	0.050
226.800	0.050
226.900	0.039
227.000	0.039
227.100	0.050
227.200	0.039
227.300	0.039
227.400	0.039
227.500	0.039
227.600	0.039
227.700	0.039
227.800	0.050
227.900	0.039
228.000	0.050
228.100	0.039
228.200	0.050
228.300	0.039
228.400	0.050
228.500	0.050
228.600	0.050
228.700	0.050
228.800	0.050
228.900	0.050
229.000	0.050
229.100	0.050
229.200	0.050
229.300	0.050
229.400	0.050
229.500	0.050
229.600	0.050
229.700	0.050
229.800	0.039
229.900	0.050
230.000	0.050
230.100	0.050
230.200	0.050
230.300	0.039
230.400	0.050
230.500	0.050
230.600	0.050
230.700	0.050
230.800	0.050
230.900	0.050
231.000	0.050
231.100	0.050
231.200	0.050
231.300	0.050
231.400	0.050
231.500	0.050
231.600	0.050
231.700	0.039
231.800	0.050
231.900	0.050
232.000	0.050
232.100	0.050
232.200	0.050
232.300	0.050
232.400	0.050
232.500	0.050
232.600	0.050
232.700	0.039
232.800	0.050
232.900	0.050
233.000	0.050
233.100	0.050
233.200	0.050
233.300	0.050
233.400	0.050
233.500	0.050
233.600	0.039
233.700	0.050
233.800	0.050
233.900	0.050
234.000	0.039
234.100	0.050
234.200	0.050
234.300	0.050
234.400	0.039
234.500	0.050
234.600	0.050
234.700	0.050
234.800	0.050
234.900	0.050
235.000	0.050
235.100	0.050
235.200	0.050
235.300	0.050
235.400	0.039
235.500	0.050
235.600	0.039
235.700	0.050
235.800	0.050
235.900	0.050
236.000	0.050
236.100	0.039
236.200	0.050
236.300	0.039
236.400	0.050
236.500	0.050
236.600	0.050
236.700	0.039
236.800	0.050
236.900	0.050
237.000	0.039
237.100	0.050
237.200	0.050
237.300	0.050
237.400	0.050
237.500	0.039
237.600	0.050
237.700	0.050
237.800	0.050
237.900	0.050
238.000	0.050
238.100	0.050
238.200	0.050
238.300	0.050
238.400	0.050
238.500	0.050
238.600	0.050
238.700	0.039
238.800	0.050
238.900	0.050
239.000	0.050
239.100	0.050
239.200	0.039
239.300	0.050
239.400	0.050
239.500	0.050
239.600	0.050
239.700	0.050
239.800	0.050
239.900	0.039
240.000	0.039
240.100	0.050
240.200	0.050
240.300	0.050
240.400	0.039
240.500	0.050
240.600	0.050
240.700	0.050
240.800	0.050
240.900	0.050
241.000	0.039
241.100	0.050
241.200	0.050
241.300	0.050
241.400	0.050
241.500	0.050
241.600	0.039
241.700	0.050
241.800	0.039
241.900	0.050
242.000	0.050
242.100	0.039
242.200	0.039
242.300	0.039
242.400	0.039
242.500	0.050
242.600	0.039
242.700	0.039
242.800	0.039
242.900	0.039
243.000	0.039
243.100	0.050
243.200	0.039
243.300	0.039
243.400	0.050
243.500	0.039
243.600	0.050
243.700	0.039
243.800	0.039
243.900	0.050
244.000	0.039
244.100	0.050
244.200	0.050
244.300	0.039
244.400	0.039
244.500	0.050
244.600	0.039
244.700	0.050
244.800	0.050
244.900	0.039
245.000	0.039
245.100	0.050
245.200	0.039
245.300	0.039
245.400	0.050
245.500	0.039
245.600	0.050
245.700	0.050
245.800	0.039
245.900	0.039
246.000	0.050
246.100	0.050
246.200	0.050
246.300	0.039
246.400	0.039
246.500	0.039
246.600	0.039
246.700	0.039
246.800	0.039
246.900	0.039
247.000	0.050
247.100	0.039
247.200	0.039
247.300	0.039
247.400	0.050
247.500	0.050
247.600	0.050
247.700	0.039
247.800	0.039
247.900	0.050
248.000	0.039
248.100	0.039
248.200	0.039
248.300	0.039
248.400	0.050
248.500	0.039
248.600	0.039
248.700	0.039
248.800	0.039
248.900	0.039
249.000	0.039
249.100	0.039
249.200	0.039
249.300	0.039
249.400	0.039
249.500	0.039
249.600	0.039
249.700	0.039
249.800	0.039
249.900	0.039
250.000	0.039
250.100	0.039
250.200	0.039
250.300	0.039
250.400	0.039
250.500	0.039
250.600	0.039
250.700	0.039
250.800	0.039
250.900	0.039
251.000	0.039
251.100	0.039
251.200	0.039
251.300	0.039
251.400	0.039
251.500	0.039
251.600	0.039
251.700	0.039
251.800	0.039
251.900	0.039
252.000	0.039
252.100	0.039
252.200	0.039
252.300	0.039
252.400	0.050
252.500	0.039
252.600	0.039
252.700	0.039
252.800	0.050
252.900	0.039
253.000	0.039
253.100	0.039
253.200	0.039
253.300	0.039
253.400	0.039
253.500	0.039
253.600	0.050
253.700	0.039
253.800	0.050
253.900	0.039
254.000	0.039
254.100	0.039
254.200	0.039
254.300	0.039
254.400	0.050
254.500	0.039
254.600	0.039
254.700	0.039
254.800	0.039
254.900	0.039
255.000	0.039
255.100	0.039
255.200	0.039
255.300	0.039
255.400	0.039
255.500	0.039
255.600	0.039
255.700	0.039
255.800	0.039
255.900	0.039
256.000	0.039
256.100	0.039
256.200	0.039
256.300	0.039
256.400	0.039
256.500	0.039
256.600	0.039
256.700	0.039
256.800	0.039
256.900	0.050
257.000	0.039
257.100	0.039
257.200	0.039
257.300	0.039
257.400	0.039
257.500	0.039
257.600	0.039
257.700	0.039
257.800	0.039
257.900	0.039
258.000	0.039
258.100	0.039
258.200	0.039
258.300	0.039
258.400	0.039
258.500	0.039
258.600	0.039
258.700	0.039
258.800	0.039
258.900	0.039
259.000	0.039
259.100	0.039
259.200	0.039
259.300	0.039
259.400	0.039
259.500	0.039
259.600	0.039
259.700	0.039
259.800	0.039
259.900	0.039
260.000	0.039
260.100	0.039
260.200	0.039
260.300	0.039
260.400	0.039
260.500	0.039
260.600	0.039
260.700	0.039
260.800	0.039
260.900	0.039
261.000	0.039
261.100	0.039
261.200	0.039
261.300	0.039
261.400	0.039
261.500	0.039
261.600	0.039
261.700	0.039
261.800	0.039
261.900	0.039
262.000	0.039
262.100	0.039
262.200	0.039
262.300	0.039
262.400	0.039
262.500	0.039
262.600	0.029
262.700	0.029
262.800	0.039
262.900	0.029
263.000	0.029
263.100	0.029
263.200	0.029
263.300	0.029
263.400	0.029
263.500	0.029
263.600	0.029
263.700	0.019
263.800	0.019
263.900	0.019
264.000	0.019
264.100	0.019
264.200	0.019
264.300	0.019
264.400	0.019
264.500	0.019
264.600	0.019
264.700	0.019
264.800	0.019
264.900	0.009
265.000	0.009
265.100	0.009
265.200	0.009
265.300	-0.001
265.400	-0.001
265.500	-0.001
265.600	-0.012
265.700	-0.012
265.800	-0.022
265.900	-0.022
266.000	-0.032
266.100	-0.042
266.200	-0.053
266.300	-0.063
266.400	-0.073
266.500	-0.083
266.600	-0.083
266.700	-0.093
266.800	-0.124
266.900	-0.155
267.000	-0.195
267.100	-0.267
267.200	-0.369
267.300	-0.512
267.400	-0.706
267.500	-0.930
267.600	-1.216
267.700	-1.573
267.800	-1.991
267.900	-2.460
268.000	-2.930
268.100	-3.369
268.200	-3.736
268.300	-3.971
268.400	-4.083
268.500	-4.113
268.600	-4.062
268.700	-3.899
268.800	-3.654
268.900	-3.409
269.000	-3.134
269.100	-2.848
269.200	-2.624
269.300	-2.430
269.400	-2.256
269.500	-2.073
269.600	-1.858
269.700	-1.654
269.800	-1.389
269.900	-1.124
270.000	-0.869
270.100	-0.593
270.200	-0.359
270.300	-0.195
270.400	-0.104
270.500	-0.042
270.600	-0.022
270.700	-0.012
270.800	-0.001
270.900	-0.001
271.000	-0.001
271.100	-0.001
271.200	-0.001
271.300	0.009
271.400	0.009
271.500	0.009
271.600	0.009
271.700	0.009
271.800	0.009
271.900	0.019
272.000	0.019
272.100	0.019
272.200	0.019
272.300	0.019
272.400	0.019
272.500	0.019
272.600	0.019
272.700	0.019
272.800	0.019
272.900	0.019
273.000	0.019
273.100	0.019
273.200	0.019
273.300	0.019
273.400	0.019
273.500	0.019
273.600	0.019
273.700	0.029
273.800	0.019
273.900	0.029
274.000	0.029
274.100	0.029
274.200	0.029
274.300	0.029
274.400	0.029
274.500	0.029
274.600	0.029
274.700	0.029
274.800	0.029
274.900	0.029
275.000	0.029
275.100	0.029
275.200	0.029
275.300	0.029
275.400	0.029
275.500	0.029
275.600	0.029
275.700	0.029
275.800	0.029
275.900	0.029
276.000	0.029
276.100	0.029
276.200	0.039
276.300	0.029
276.400	0.029
276.500	0.039
276.600	0.029
276.700	0.029
276.800	0.029
276.900	0.029
277.000	0.029
277.100	0.029
277.200	0.029
277.300	0.029
277.400	0.029
277.500	0.029
277.600	0.029
277.700	0.039
277.800	0.039
277.900	0.039
278.000	0.039
278.100	0.039
278.200	0.039
278.300	0.039
278.400	0.039
278.500	0.029
278.600	0.039
278.700	0.039
278.800	0.039
278.900	0.039
279.000	0.039
279.100	0.039
279.200	0.039
279.300	0.039
279.400	0.039
279.500	0.039
279.600	0.039
279.700	0.039
279.800	0.039
279.900	0.039
280.000	0.039
280.100	0.039
280.200	0.039
280.300	0.039
280.400	0.039
280.500	0.039
280.600	0.039
280.700	0.039
280.800	0.039
280.900	0.039
281.000	0.039
281.100	0.039
281.200	0.039
281.300	0.039
281.400	0.039
281.500	0.039
281.600	0.039
281.700	0.039
281.800	0.039
281.900	0.039
282.000	0.039
282.100	0.039
282.200	0.039
282.300	0.039
282.400	0.039
282.500	0.039
282.600	0.039
282.700	0.039
282.800	0.039
282.900	0.039
283.000	0.039
283.100	0.039
283.200	0.039
283.300	0.039
283.400	0.039
283.500	0.039
283.600	0.039
283.700	0.039
283.800	0.039
283.900	0.039
284.000	0.039
284.100	0.039
284.200	0.039
284.300	0.039
284.400	0.039
284.500	0.039
284.600	0.039
284.700	0.039
284.800	0.039
284.900	0.039
285.000	0.039
285.100	0.039
285.200	0.039
285.300	0.039
285.400	0.039
285.500	0.039
285.600	0.039
285.700	0.039
285.800	0.039
285.900	0.039
286.000	0.039
286.100	0.039
286.200	0.039
286.300	0.039
286.400	0.039
286.500	0.039
286.600	0.039
286.700	0.039
286.800	0.039
286.900	0.039
287.000	0.039
287.100	0.039
287.200	0.039
287.300	0.039
287.400	0.039
287.500	0.039
287.600	0.039
287.700	0.039
287.800	0.039
287.900	0.039
288.000	0.039
288.100	0.039
288.200	0.039
288.300	0.039
288.400	0.039
288.500	0.039
288.600	0.039
288.700	0.039
288.800	0.039
288.900	0.039
289.000	0.039
289.100	0.039
289.200	0.039
289.300	0.039
289.400	0.039
289.500	0.039
289.600	0.039
289.700	0.039
289.800	0.039
289.900	0.039
290.000	0.039
290.100	0.050
290.200	0.039
290.300	0.039
290.400	0.039
290.500	0.039
290.600	0.050
290.700	0.039
290.800	0.039
290.900	0.050
291.000	0.039
291.100	0.039
291.200	0.050
291.300	0.039
291.400	0.039
291.500	0.039
291.600	0.039
291.700	0.039
291.800	0.039
291.900	0.050
292.000	0.039
292.100	0.039
292.200	0.039
292.300	0.039
292.400	0.039
292.500	0.039
292.600	0.039
292.700	0.050
292.800	0.039
292.900	0.039
293.000	0.050
293.100	0.039
293.200	0.050
293.300	0.039
293.400	0.039
293.500	0.050
293.600	0.050
293.700	0.039
293.800	0.039
293.900	0.039
294.000	0.039
294.100	0.039
294.200	0.039
294.300	0.039
294.400	0.039
294.500	0.039
294.600	0.039
294.700	0.039
294.800	0.039
294.900	0.039
295.000	0.039
295.100	0.039
295.200	0.039
295.300	0.050
295.400	0.050
295.500	0.039
295.600	0.050
295.700	0.050
295.800	0.039
295.900	0.050
296.000	0.039
296.100	0.039
296.200	0.039
296.300	0.050
296.400	0.050
296.500	0.039
296.600	0.039
296.700	0.050
296.800	0.039
296.900	0.039
297.000	0.050
297.100	0.039
297.200	0.050
297.300	0.039
297.400	0.050
297.500	0.050
297.600	0.050
297.700	0.039
297.800	0.039
297.900	0.050
298.000	0.050
298.100	0.050
298.200	0.050
298.300	0.050
298.400	0.039
298.500	0.050
298.600	0.050
298.700	0.050
298.800	0.050
298.900	0.050
299.000	0.050
299.100	0.050
299.200	0.050
299.300	0.039
299.400	0.050
299.500	0.050
299.600	0.050
299.700	0.039
299.800	0.039
299.900	0.039
300.000	0.050
300.100	0.050
300.200	0.050
300.300	0.039
300.400	0.050
300.500	0.050
300.600	0.050
300.700	0.050
300.800	0.039
300.900	0.039
301.000	0.039
301.100	0.039
301.200	0.050
301.300	0.039
301.400	0.039
301.500	0.050
301.600	0.050
301.700	0.039
301.800	0.039
301.900	0.050
302.000	0.039
302.100	0.039
302.200	0.039
302.300	0.039
302.400	0.050
302.500	0.039
302.600	0.050
302.700	0.050
302.800	0.050
302.900	0.050
303.000	0.039
303.100	0.050
303.200	0.050
303.300	0.050
303.400	0.050
303.500	0.050
303.600	0.050
303.700	0.039
303.800	0.050
303.900	0.050
304.000	0.050
304.100	0.050
304.200	0.039
304.300	0.039
304.400	0.050
304.500	0.050
304.600	0.050
304.700	0.039
304.800	0.039
304.900	0.050
305.000	0.039
305.100	0.050
305.200	0.039
305.300	0.050
305.400	0.039
305.500	0.050
305.600	0.050
305.700	0.039
305.800	0.039
305.900	0.039
306.000	0.050
306.100	0.039
306.200	0.039
306.300	0.039
306.400	0.039
306.500	0.039
306.600	0.039
306.700	0.039
306.800	0.039
306.900	0.039
307.000	0.039
307.100	0.039
307.200	0.039
307.300	0.039
307.400	0.039
307.500	0.039
307.600	0.039
307.700	0.039
307.800	0.039
307.900	0.039
308.000	0.039
308.100	0.039
308.200	0.039
308.300	0.039
308.400	0.039
308.500	0.039
308.600	0.039
308.700	0.039
308.800	0.039
308.900	0.039
309.000	0.039
309.100	0.039
309.200	0.039
309.300	0.039
309.400	0.039
309.500	0.039
309.600	0.039
309.700	0.039
309.800	0.039
309.900	0.039
310.000	0.050
310.100	0.039
310.200	0.039
310.300	0.039
310.400	0.050
310.500	0.039
310.600	0.039
310.700	0.039
310.800	0.039
310.900	0.039
311.000	0.050
311.100	0.039
311.200	0.039
311.300	0.039
311.400	0.050
311.500	0.050
311.600	0.050
311.700	0.039
311.800	0.039
311.900	0.050
312.000	0.050
312.100	0.039
312.200	0.050
312.300	0.050
312.400	0.050
312.500	0.050
312.600	0.050
312.700	0.050
312.800	0.050
312.900	0.039
313.000	0.050
313.100	0.050
313.200	0.050
313.300	0.050
313.400	0.050
313.500	0.050
313.600	0.050
313.700	0.050
313.800	0.050
313.900	0.050
314.000	0.050
314.100	0.050
314.200	0.039
314.300	0.050
314.400	0.050
314.500	0.050
314.600	0.050
314.700	0.050
314.800	0.050
314.900	0.050
315.000	0.050
315.100	0.050
315.200	0.050
315.300	0.050
315.400	0.039
315.500	0.050
315.600	0.039
315.700	0.050
315.800	0.050
315.900	0.050
316.000	0.039
316.100	0.050
316.200	0.050
316.300	0.039
316.400	0.050
316.500	0.050
316.600	0.039
316.700	0.050
316.800	0.039
316.900	0.039
317.000	0.039
317.100	0.050
317.200	0.050
317.300	0.050
317.400	0.050
317.500	0.050
317.600	0.050
317.700	0.050
317.800	0.050
317.900	0.050
318.000	0.050
318.100	0.050
318.200	0.039
318.300	0.050
318.400	0.050
318.500	0.050
318.600	0.050
318.700	0.050
318.800	0.050
318.900	0.050
319.000	0.050
319.100	0.039
319.200	0.050
319.300	0.050
319.400	0.050
319.500	0.050
319.600	0.039
319.700	0.039
319.800	0.050
319.900	0.050
320.000	0.050
320.100	0.039
320.200	0.039
320.300	0.050
320.400	0.050
320.500	0.050
320.600	0.050
320.700	0.050
320.800	0.039
320.900	0.050
321.000	0.050
321.100	0.050
321.200	0.050
321.300	0.050
321.400	0.050
321.500	0.050
321.600	0.050
321.700	0.050
321.800	0.039
321.900	0.050
322.000	0.050
322.100	0.050
322.200	0.050
322.300	0.039
322.400	0.050
322.500	0.050
322.600	0.050
322.700	0.050
322.800	0.050
322.900	0.050
323.000	0.050
323.100	0.050
323.200	0.050
323.300	0.050
323.400	0.039
323.500	0.039
323.600	0.050
323.700	0.050
323.800	0.050
323.900	0.050
324.000	0.050
324.100	0.050
324.200	0.039
324.300	0.050
324.400	0.050
324.500	0.039
324.600	0.050
324.700	0.050
324.800	0.050
324.900	0.039
325.000	0.050
325.100	0.050
325.200	0.050
325.300	0.050
325.400	0.050
325.500	0.050
325.600	0.050
325.700	0.050
325.800	0.050
325.900	0.050
326.000	0.050
326.100	0.050
326.200	0.050
326.300	0.039
326.400	0.050
326.500	0.050
326.600	0.050
326.700	0.050
326.800	0.050
326.900	0.039
327.000	0.039
327.100	0.039
327.200	0.039
327.300	0.039
327.400	0.039
327.500	0.050
327.600	0.039
327.700	0.050
327.800	0.039
327.900	0.039
328.000	0.039
328.100	0.039
328.200	0.039
328.300	0.050
328.400	0.050
328.500	0.039
328.600	0.039
328.700	0.039
328.800	0.039
328.900	0.039
329.000	0.039
329.100	0.039
329.200	0.039
329.300	0.039
329.400	0.039
329.500	0.039
329.600	0.039
329.700	0.039
329.800	0.039
329.900	0.039
330.000	0.039
330.100	0.039
330.200	0.039
330.300	0.039
330.400	0.039
330.500	0.039
330.600	0.029
330.700	0.029
330.800	0.029
330.900	0.029
331.000	0.019
331.100	0.019
331.200	0.019
331.300	0.019
331.400	0.019
331.500	0.019
331.600	0.019
331.700	0.019
331.800	0.009
331.900	-0.012
332.000	-0.022
332.100	-0.053
332.200	-0.083
332.300	-0.124
332.400	-0.165
332.500	-0.226
332.600	-0.297
332.700	-0.389
332.800	-0.481
332.900	-0.593
333.000	-0.675
333.100	-0.746
333.200	-0.787
333.300	-0.808
333.400	-0.818
333.500	-0.818
333.600	-0.797
333.700	-0.767
333.800	-0.716
333.900	-0.665
334.000	-0.614
334.100	-0.563
334.200	-0.532
334.300	-0.491
334.400	-0.461
334.500	-0.399
334.600	-0.348
334.700	-0.287
334.800	-0.226
334.900	-0.144
335.000	-0.083
335.100	-0.022
335.200	0.009
335.300	0.029
335.400	0.039
335.500	0.039
335.600	0.039
335.700	0.039
335.800	0.039
335.900	0.039
336.000	0.039
336.100	0.039
336.200	0.039
336.300	0.039
336.400	0.039
336.500	0.039
336.600	0.039
336.700	0.039
336.800	0.039
336.900	0.039
337.000	0.039
337.100	0.050
337.200	0.039
337.300	0.039
337.400	0.050
337.500	0.050
337.600	0.039
337.700	0.050
337.800	0.050
337.900	0.039
338.000	0.050
338.100	0.039
338.200	0.039
338.300	0.050
338.400	0.039
338.500	0.039
338.600	0.050
338.700	0.050
338.800	0.050
338.900	0.050
339.000	0.050
339.100	0.039
339.200	0.050
339.300	0.039
339.400	0.039
339.500	0.050
339.600	0.039
339.700	0.050
339.800	0.039
339.900	0.039
340.000	0.050
340.100	0.039
340.200	0.050
340.300	0.050
340.400	0.039
340.500	0.039
340.600	0.050
340.700	0.050
340.800	0.039
340.900	0.039
341.000	0.039
341.100	0.039
341.200	0.039
341.300	0.039
341.400	0.050
341.500	0.039
341.600	0.050
341.700	0.039
341.800	0.050
341.900	0.039
342.000	0.050
342.100	0.039
342.200	0.050
342.300	0.050
342.400	0.039
342.500	0.039
342.600	0.050
342.700	0.050
342.800	0.050
342.900	0.050
343.000	0.050
343.100	0.050
343.200	0.050
343.300	0.050
343.400	0.050
343.500	0.050
343.600	0.050
343.700	0.050
343.800	0.050
343.900	0.050
344.000	0.039
344.100	0.050
344.200	0.039
344.300	0.050
344.400	0.050
344.500	0.050
344.600	0.050
344.700	0.050
344.800	0.050
344.900	0.039
345.000	0.050
345.100	0.050
345.200	0.039
345.300	0.039
345.400	0.050
345.500	0.039
345.600	0.039
345.700	0.050
345.800	0.050
345.900	0.050
346.000	0.050
346.100	0.039
346.200	0.050
346.300	0.050
346.400	0.039
346.500	0.050
346.600	0.050
346.700	0.050
346.800	0.050
346.900	0.050
347.000	0.050
347.100	0.050
347.200	0.050
347.300	0.050
347.400	0.050
347.500	0.039
347.600	0.039
347.700	0.050
347.800	0.039
347.900	0.039
348.000	0.050
348.100	0.050
348.200	0.039
348.300	0.039
348.400	0.039
348.500	0.050
348.600	0.050
348.700	0.039
348.800	0.039
348.900	0.039
349.000	0.050
349.100	0.050
349.200	0.050
349.300	0.050
349.400	0.050
349.500	0.039
349.600	0.050
349.700	0.050
349.800	0.050
349.900	0.050
350.000	0.039
350.100	0.050
350.200	0.050
350.300	0.050
350.400	0.050
350.500	0.050
350.600	0.050
350.700	0.039
350.800	0.050
350.900	0.039
351.000	0.039
351.100	0.050
351.200	0.050
351.300	0.050
351.400	0.050
351.500	0.050
351.600	0.050
351.700	0.050
351.800	0.039
351.900	0.050
352.000	0.039
352.100	0.050
352.200	0.050
352.300	0.050
352.400	0.050
352.500	0.050
352.600	0.050
352.700	0.050
352.800	0.050
352.900	0.050
353.000	0.039
353.100	0.050
353.200	0.050
353.300	0.050
353.400	0.050
353.500	0.050
353.600	0.050
353.700	0.050
353.800	0.050
353.900	0.050
354.000	0.050
354.100	0.050
354.200	0.050
354.300	0.050
354.400	0.050
354.500	0.050
354.600	0.050
354.700	0.050
354.800	0.050
354.900	0.050
355.000	0.050
355.100	0.050
355.200	0.050
355.300	0.050
355.400	0.050
355.500	0.050
355.600	0.039
355.700	0.050
355.800	0.050
355.900	0.050
356.000	0.050
356.100	0.050
356.200	0.039
356.300	0.050
356.400	0.039
356.500	0.039
356.600	0.039
356.700	0.050
356.800	0.050
356.900	0.050
357.000	0.050
357.100	0.050
357.200	0.050
357.300	0.039
357.400	0.039
357.500	0.039
357.600	0.039
357.700	0.050
357.800	0.050
357.900	0.050
358.000	0.050
358.100	0.039
358.200	0.039
358.300	0.050
358.400	0.050
358.500	0.050
358.600	0.050
358.700	0.050
358.800	0.050
358.900	0.050
359.000	0.050
359.100	0.050
359.200	0.050
359.300	0.039
359.400	0.050
359.500	0.050
359.600	0.050
359.700	0.050
359.800	0.050
359.900	0.050
360.000	0.050
360.100	0.039
360.200	0.050
360.300	0.050
360.400	0.050
360.500	0.050
360.600	0.050
360.700	0.050
360.800	0.050
360.900	0.050
361.000	0.050
361.100	0.050
361.200	0.050
361.300	0.050
361.400	0.050
361.500	0.050
361.600	0.050
361.700	0.050
361.800	0.050
361.900	0.050
362.000	0.050
362.100	0.039
362.200	0.039
362.300	0.050
362.400	0.050
362.500	0.050
362.600	0.050
362.700	0.050
362.800	0.050
362.900	0.050
363.000	0.039
363.100	0.050
363.200	0.050
363.300	0.050
363.400	0.039
363.500	0.039
363.600	0.050
363.700	0.050
363.800	0.039
363.900	0.050
364.000	0.050
364.100	0.050
364.200	0.050
364.300	0.050
364.400	0.050
364.500	0.050
364.600	0.050
364.700	0.039
364.800	0.050
364.900	0.050
365.000	0.050
365.100	0.050
365.200	0.050
365.300	0.050
365.400	0.039
365.500	0.050
365.600	0.050
365.700	0.050
365.800	0.050
365.900	0.039
366.000	0.050
366.100	0.050
366.200	0.050
366.300	0.039
366.400	0.050
366.500	0.050
366.600	0.050
366.700	0.050
366.800	0.050
366.900	0.050
367.000	0.050
367.100	0.050
367.200	0.050
367.300	0.050
367.400	0.050
367.500	0.050
367.600	0.050
367.700	0.039
367.800	0.050
367.900	0.050
368.000	0.050
368.100	0.050
368.200	0.050
368.300	0.050
368.400	0.050
368.500	0.039
368.600	0.050
368.700	0.050
368.800	0.050
368.900	0.050
369.000	0.050
369.100	0.039
369.200	0.050
369.300	0.050
369.400	0.050
369.500	0.050
369.600	0.050
369.700	0.039
369.800	0.050
369.900	0.050
370.000	0.050
370.100	0.050
370.200	0.050
370.300	0.050
370.400	0.050
370.500	0.050
370.600	0.039
370.700	0.039
370.800	0.039
370.900	0.050
371.000	0.050
371.100	0.050
371.200	0.050
371.300	0.050
371.400	0.050
371.500	0.050
371.600	0.050
371.700	0.050
371.800	0.050
371.900	0.050
372.000	0.050
372.100	0.050
372.200	0.050
372.300	0.050
372.400	0.050
372.500	0.050
372.600	0.050
372.700	0.050
372.800	0.050
372.900	0.039
373.000	0.050
373.100	0.050
373.200	0.050
373.300	0.050
373.400	0.039
373.500	0.039
373.600	0.050
373.700	0.039
373.800	0.050
373.900	0.050
374.000	0.050
374.100	0.050
374.200	0.050
374.300	0.039
374.400	0.050
374.500	0.050
374.600	0.050
374.700	0.050
374.800	0.050
374.900	0.050
375.000	0.050
375.100	0.050
375.200	0.050
375.300	0.050
375.400	0.050
375.500	0.050
375.600	0.050
375.700	0.050
375.800	0.050
375.900	0.050
376.000	0.050
376.100	0.039
376.200	0.050
376.300	0.050
376.400	0.050
376.500	0.050
376.600	0.050
376.700	0.050
376.800	0.050
376.900	0.050
377.000	0.050
377.100	0.050
377.200	0.050
377.300	0.050
377.400	0.050
377.500	0.050
377.600	0.050
377.700	0.050
377.800	0.050
377.900	0.050
378.000	0.050
378.100	0.050
378.200	0.050
378.300	0.050
378.400	0.050
378.500	0.050
378.600	0.050
378.700	0.039
378.800	0.050
378.900	0.039
379.000	0.039
379.100	0.050
379.200	0.050
379.300	0.050
379.400	0.050
379.500	0.050
379.600	0.050
379.700	0.050
379.800	0.050
379.900	0.050
380.000	0.050
380.100	0.039
380.200	0.050
380.300	0.050
380.400	0.039
380.500	0.050
380.600	0.050
380.700	0.050
380.800	0.050
380.900	0.050
381.000	0.050
381.100	0.039
381.200	0.039
381.300	0.050
381.400	0.050
381.500	0.050
381.600	0.050
381.700	0.050
381.800	0.050
381.900	0.039
382.000	0.039
382.100	0.050
382.200	0.039
382.300	0.050
382.400	0.039
382.500	0.039
382.600	0.039
382.700	0.039
382.800	0.039
382.900	0.039
383.000	0.039
383.100	0.039
383.200	0.039
383.300	0.039
383.400	0.039
383.500	0.039
383.600	0.039
383.700	0.039
383.800	0.039
383.900	0.039
384.000	0.029
384.100	0.029
384.200	0.029
384.300	0.019
384.400	0.019
384.500	0.009
384.600	-0.001
384.700	-0.012
384.800	-0.022
384.900	-0.022
385.000	-0.032
385.100	-0.032
385.200	-0.032
385.300	-0.032
385.400	-0.032
385.500	-0.032
385.600	-0.032
385.700	-0.022
385.800	-0.022
385.900	-0.022
386.000	-0.012
386.100	-0.012
386.200	-0.012
386.300	-0.001
386.400	-0.001
386.500	0.009
386.600	0.019
386.700	0.019
386.800	0.029
386.900	0.029
387.000	0.039
387.100	0.039
387.200	0.039
387.300	0.039
387.400	0.039
387.500	0.039
387.600	0.029
387.700	0.029
387.800	0.019
387.900	0.019
388.000	0.009
388.100	-0.001
388.200	-0.012
388.300	-0.022
388.400	-0.032
388.500	-0.042
388.600	-0.042
388.700	-0.042
388.800	-0.042
388.900	-0.042
389.000	-0.042
389.100	-0.032
389.200	-0.032
389.300	-0.022
389.400	-0.022
389.500	-0.022
389.600	-0.012
389.700	-0.001
389.800	-0.001
389.900	0.009
390.000	0.019
390.100	0.019
390.200	0.029
390.300	0.039
390.400	0.039
390.500	0.039
390.600	0.050
390.700	0.050
390.800	0.050
390.900	0.050
391.000	0.039
391.100	0.039
391.200	0.050
391.300	0.039
391.400	0.039
391.500	0.050
391.600	0.050
391.700	0.039
391.800	0.050
391.900	0.050
392.000	0.050
392.100	0.050
392.200	0.050
392.300	0.050
392.400	0.050
392.500	0.050
392.600	0.050
392.700	0.050
392.800	0.050
392.900	0.050
393.000	0.050
393.100	0.050
393.200	0.039
393.300	0.050
393.400	0.050
393.500	0.050
393.600	0.050
393.700	0.050
393.800	0.050
393.900	0.050
394.000	0.050
394.100	0.050
394.200	0.050
394.300	0.050
394.400	0.050
394.500	0.039
394.600	0.050
394.700	0.039
394.800	0.050
394.900	0.050
395.000	0.050
395.100	0.050
395.200	0.050
395.300	0.050
395.400	0.050
395.500	0.050
395.600	0.050
395.700	0.050
395.800	0.050
395.900	0.050
396.000	0.050
396.100	0.050
396.200	0.050
396.300	0.050
396.400	0.050
396.500	0.050
396.600	0.050
396.700	0.050
396.800	0.050
396.900	0.039
397.000	0.050
397.100	0.050
397.200	0.050
397.300	0.050
397.400	0.039
397.500	0.039
397.600	0.050
397.700	0.050
397.800	0.050
397.900	0.039
398.000	0.050
398.100	0.050
398.200	0.050
398.300	0.050
398.400	0.050
398.500	0.050
398.600	0.039
398.700	0.039
398.800	0.050
398.900	0.050
399.000	0.050
399.100	0.050
399.200	0.050
399.300	0.050
399.400	0.050
399.500	0.050
399.600	0.050
399.700	0.050
399.800	0.039
399.900	0.050
400.000	0.039
400.100	0.039
400.200	0.050
400.300	0.050
400.400	0.050
400.500	0.050
400.600	0.050
400.700	0.050
400.800	0.050
400.900	0.050
401.000	0.050
401.100	0.050
401.200	0.039
401.300	0.050
401.400	0.039
401.500	0.050
401.600	0.050
401.700	0.050
401.800	0.039
401.900	0.050
402.000	0.050
402.100	0.050
402.200	0.050
402.300	0.050
402.400	0.050
402.500	0.050
402.600	0.050
402.700	0.050
402.800	0.039
402.900	0.039
403.000	0.039
403.100	0.050
403.200	0.050
403.300	0.050
403.400	0.050
403.500	0.050
403.600	0.050
403.700	0.050
403.800	0.050
403.900	0.039
404.000	0.050
404.100	0.050
404.200	0.039
404.300	0.050
404.400	0.050
404.500	0.050
404.600	0.050
404.700	0.039
404.800	0.050
404.900	0.050
405.000	0.050
405.100	0.050
405.200	0.050
405.300	0.050
405.400	0.050
405.500	0.050
405.600	0.050
405.700	0.050
405.800	0.039
405.900	0.050
406.000	0.050
406.100	0.039
406.200	0.050
406.300	0.050
406.400	0.050
406.500	0.039
406.600	0.050
406.700	0.039
406.800	0.050
406.900	0.050
407.000	0.050
407.100	0.050
407.200	0.050
407.300	0.050
407.400	0.039
407.500	0.039
407.600	0.050
407.700	0.039
407.800	0.039
407.900	0.050
408.000	0.050
408.100	0.039
408.200	0.050
408.300	0.050
408.400	0.050
408.500	0.050
408.600	0.050
408.700	0.050
408.800	0.050
408.900	0.050
409.000	0.039
409.100	0.050
409.200	0.050
409.300	0.050
409.400	0.050
409.500	0.050
409.600	0.050
409.700	0.039
409.800	0.050
409.900	0.039
410.000	0.039
410.100	0.050
410.200	0.050
410.300	0.039
410.400	0.050
410.500	0.050
410.600	0.050
410.700	0.039
410.800	0.050
410.900	0.050
411.000	0.050
411.100	0.039
411.200	0.039
411.300	0.039
411.400	0.039
411.500	0.039
411.600	0.029
411.700	0.029
411.800	0.019
411.900	0.019
412.000	0.019
412.100	0.009
412.200	-0.001
412.300	-0.001
412.400	-0.022
412.500	-0.022
412.600	-0.022
412.700	-0.022
412.800	-0.022
412.900	-0.022
413.000	-0.022
413.100	-0.022
413.200	-0.012
413.300	-0.012
413.400	-0.001
413.500	-0.001
413.600	-0.001
413.700	0.009
413.800	0.009
413.900	0.019
414.000	0.019
414.100	0.029
414.200	0.029
414.300	0.039
414.400	0.039
414.500	0.039
414.600	0.050
414.700	0.050
414.800	0.050
414.900	0.050
415.000	0.039
415.100	0.050
415.200	0.050
415.300	0.050
415.400	0.050
415.500	0.050
415.600	0.050
415.700	0.050
415.800	0.039
415.900	0.050
416.000	0.050
416.100	0.050
416.200	0.050
416.300	0.050
416.400	0.050
416.500	0.050
416.600	0.039
416.700	0.050
416.800	0.050
416.900	0.050
417.000	0.050
417.100	0.050
417.200	0.050
417.300	0.050
417.400	0.050
417.500	0.050
417.600	0.050
417.700	0.050
417.800	0.050
417.900	0.050
418.000	0.050
418.100	0.050
418.200	0.039
418.300	0.050
418.400	0.050
418.500	0.050
418.600	0.050
418.700	0.050
418.800	0.039
418.900	0.050
419.000	0.050
419.100	0.039
419.200	0.050
419.300	0.050
419.400	0.050
419.500	0.050
419.600	0.050
419.700	0.050
419.800	0.050
419.900	0.050
420.000	0.050
420.100	0.050
420.200	0.050
420.300	0.039
420.400	0.050
420.500	0.050
420.600	0.050
420.700	0.050
420.800	0.050
420.900	0.050
421.000	0.050
421.100	0.050
421.200	0.050
421.300	0.050
421.400	0.050
421.500	0.050
421.600	0.050
421.700	0.050
421.800	0.039
421.900	0.050
422.000	0.039
422.100	0.050
422.200	0.050
422.300	0.050
422.400	0.050
422.500	0.039
422.600	0.050
422.700	0.050
422.800	0.050
422.900	0.050
423.000	0.050
423.100	0.050
423.200	0.050
423.300	0.050
423.400	0.050
423.500	0.050
423.600	0.039
423.700	0.039
423.800	0.039
423.900	0.050
424.000	0.039
424.100	0.050
424.200	0.039
424.300	0.050
424.400	0.050
424.500	0.039
424.600	0.050
424.700	0.050
424.800	0.050
424.900	0.050
425.000	0.050
425.100	0.050
425.200	0.050
425.300	0.050
425.400	0.050
425.500	0.050
425.600	0.050
425.700	0.050
425.800	0.050
425.900	0.050
426.000	0.050
426.100	0.050
426.200	0.050
426.300	0.050
426.400	0.050
426.500	0.050
426.600	0.050
426.700	0.050
426.800	0.050
426.900	0.050
427.000	0.039
427.100	0.050
427.200	0.050
427.300	0.050
427.400	0.050
427.500	0.050
427.600	0.050
427.700	0.050
427.800	0.050
427.900	0.050
428.000	0.050
428.100	0.050
428.200	0.050
428.300	0.050
428.400	0.050
428.500	0.050
428.600	0.050
428.700	0.050
428.800	0.050
428.900	0.050
429.000	0.050
429.100	0.050
429.200	0.050
429.300	0.050
429.400	0.039
429.500	0.050
429.600	0.039
429.700	0.050
429.800	0.039
429.900	0.039
430.000	0.039
430.100	0.039
430.200	0.039
430.300	0.039
430.400	0.039
430.500	0.039
430.600	0.039
430.700	0.039
430.800	0.039
430.900	0.039
431.000	0.039
431.100	0.039
431.200	0.029
431.300	0.039
431.400	0.039
431.500	0.039
431.600	0.039
431.700	0.039
431.800	0.039
431.900	0.039
432.000	0.039
432.100	0.039
432.200	0.039
432.300	0.050
432.400	0.050
432.500	0.050
432.600	0.039
432.700	0.050
432.800	0.050
432.900	0.050
433.000	0.050
433.100	0.050
433.200	0.050
433.300	0.050
433.400	0.050
433.500	0.050
433.600	0.050
433.700	0.050
433.800	0.050
433.900	0.050
434.000	0.050
434.100	0.050
434.200	0.050
434.300	0.050
434.400	0.050
434.500	0.050
434.600	0.050
434.700	0.050
434.800	0.050
434.900	0.050
435.000	0.050
435.100	0.050
435.200	0.050
435.300	0.050
435.400	0.050
435.500	0.050
435.600	0.050
435.700	0.050
435.800	0.050
435.900	0.050
436.000	0.050
436.100	0.050
436.200	0.050
436.300	0.050
436.400	0.050
436.500	0.050
436.600	0.050
436.700	0.050
436.800	0.050
436.900	0.050
437.000	0.050
437.100	0.050
437.200	0.050
437.300	0.050
437.400	0.050
437.500	0.050
437.600	0.050
437.700	0.050
437.800	0.050
437.900	0.050
438.000	0.050
438.100	0.050
438.200	0.050
438.300	0.050
438.400	0.050
438.500	0.050
438.600	0.050
438.700	0.050
438.800	0.050
438.900	0.050
439.000	0.050
439.100	0.050
439.200	0.050
439.300	0.050
439.400	0.050
439.500	0.050
439.600	0.050
439.700	0.050
439.800	0.039
439.900	0.050
440.000	0.050
440.100	0.050
440.200	0.050
440.300	0.050
440.400	0.050
440.500	0.050
440.600	0.050
440.700	0.050
440.800	0.039
440.900	0.050
441.000	0.050
441.100	0.050
441.200	0.050
441.300	0.050
441.400	0.050
441.500	0.050
441.600	0.050
441.700	0.050
441.800	0.050
441.900	0.050
442.000	0.050
442.100	0.050
442.200	0.050
442.300	0.050
442.400	0.050
442.500	0.050
442.600	0.050
442.700	0.050
442.800	0.050
442.900	0.050
443.000	0.050
443.100	0.050
443.200	0.039
443.300	0.050
443.400	0.050
443.500	0.050
443.600	0.050
443.700	0.050
443.800	0.050
443.900	0.050
444.000	0.050
444.100	0.050
444.200	0.050
444.300	0.050
444.400	0.050
444.500	0.050
444.600	0.039
444.700	0.039
444.800	0.050
444.900	0.039
445.000	0.050
445.100	0.050
445.200	0.039
445.300	0.050
445.400	0.050
445.500	0.050
445.600	0.050
445.700	0.050
445.800	0.050
445.900	0.050
446.000	0.050
446.100	0.050
446.200	0.050
446.300	0.050
446.400	0.050
446.500	0.050
446.600	0.050
446.700	0.050
446.800	0.050
446.900	0.050
447.000	0.050
447.100	0.050
447.200	0.039
447.300	0.050
447.400	0.050
447.500	0.050
447.600	0.050
447.700	0.050
447.800	0.050
447.900	0.050
448.000	0.050
448.100	0.050
448.200	0.050
448.300	0.050
448.400	0.050
448.500	0.050
448.600	0.050
448.700	0.050
448.800	0.050
448.900	0.050
449.000	0.050
449.100	0.050
449.200	0.050
449.300	0.050
449.400	0.039
449.500	0.050
449.600	0.050
449.700	0.050
449.800	0.050
449.900	0.050
450.000	0.050
450.100	0.050
450.200	0.050
450.300	0.050
450.400	0.050
450.500	0.050
450.600	0.050
450.700	0.050
450.800	0.050
450.900	0.050
451.000	0.050
451.100	0.050
451.200	0.050
451.300	0.050
451.400	0.039
451.500	0.050
451.600	0.050
451.700	0.039
451.800	0.050
451.900	0.050
452.000	0.050
452.100	0.050
452.200	0.050
452.300	0.050
452.400	0.050
452.500	0.050
452.600	0.039
452.700	0.050
452.800	0.050
452.900	0.050
453.000	0.050
453.100	0.050
453.200	0.050
453.300	0.050
453.400	0.050
453.500	0.050
453.600	0.050
453.700	0.050
453.800	0.050
453.900	0.039
454.000	0.050
454.100	0.050
454.200	0.050
454.300	0.050
454.400	0.050
454.500	0.050
454.600	0.050
454.700	0.050
454.800	0.039
454.900	0.050
455.000	0.050
455.100	0.050
455.200	0.050
455.300	0.050
455.400	0.039
455.500	0.050
455.600	0.050
455.700	0.050
455.800	0.050
455.900	0.050
456.000	0.050
456.100	0.050
456.200	0.050
456.300	0.050
456.400	0.050
456.500	0.050
456.600	0.050
456.700	0.050
456.800	0.050
456.900	0.050
457.000	0.050
457.100	0.050
457.200	0.050
457.300	0.050
457.400	0.050
457.500	0.050
457.600	0.050
457.700	0.050
457.800	0.050
457.900	0.050
458.000	0.050
458.100	0.050
458.200	0.050
458.300	0.050
458.400	0.039
458.500	0.050
458.600	0.050
458.700	0.050
458.800	0.050
458.900	0.039
459.000	0.050
459.100	0.050
459.200	0.050
459.300	0.039
459.400	0.050
459.500	0.050
459.600	0.050
459.700	0.039
459.800	0.039
459.900	0.050
460.000	0.050
460.100	0.050
460.200	0.050
460.300	0.050
460.400	0.050
460.500	0.050
460.600	0.050
460.700	0.050
460.800	0.050
460.900	0.039
461.000	0.050
461.100	0.039
461.200	0.050
461.300	0.050
461.400	0.050
461.500	0.050
461.600	0.039
461.700	0.039
461.800	0.050
461.900	0.039
462.000	0.050
462.100	0.050
462.200	0.050
462.300	0.050
462.400	0.050
462.500	0.050
462.600	0.050
462.700	0.050
462.800	0.050
462.900	0.050
463.000	0.050
463.100	0.050
463.200	0.050
463.300	0.039
463.400	0.050
463.500	0.039
463.600	0.039
463.700	0.050
463.800	0.039
463.900	0.039
464.000	0.039
464.100	0.039
464.200	0.039
464.300	0.039
464.400	0.039
464.500	0.029
464.600	0.029
464.700	0.019
464.800	0.019
464.900	0.009
465.000	0.009
465.100	-0.001
465.200	-0.022
465.300	-0.032
465.400	-0.032
465.500	-0.042
465.600	-0.042
465.700	-0.042
465.800	-0.042
465.900	-0.042
466.000	-0.042
466.100	-0.032
466.200	-0.032
466.300	-0.032
466.400	-0.032
466.500	-0.032
466.600	-0.032
466.700	-0.032
466.800	-0.042
466.900	-0.042
467.000	-0.042
467.100	-0.053
467.200	-0.063
467.300	-0.073
467.400	-0.083
467.500	-0.083
467.600	-0.093
467.700	-0.104
467.800	-0.104
467.900	-0.093
468.000	-0.083
468.100	-0.083
468.200	-0.073
468.300	-0.063
468.400	-0.063
468.500	-0.042
468.600	-0.042
468.700	-0.022
468.800	-0.022
468.900	-0.001
469.000	0.009
469.100	0.019
469.200	0.029
469.300	0.039
469.400	0.039
469.500	0.050
469.600	0.050
469.700	0.050
469.800	0.039
469.900	0.050
470.000	0.050
470.100	0.039
470.200	0.050
470.300	0.039
470.400	0.050
470.500	0.050
470.600	0.050
470.700	0.050
470.800	0.050
470.900	0.050
471.000	0.050
471.100	0.050
471.200	0.050
471.300	0.050
471.400	0.050
471.500	0.050
471.600	0.039
471.700	0.039
471.800	0.050
471.900	0.050
472.000	0.050
472.100	0.050
472.200	0.050
472.300	0.050
472.400	0.050
472.500	0.050
472.600	0.050
472.700	0.050
472.800	0.050
472.900	0.050
473.000	0.050
473.100	0.050
473.200	0.050
473.300	0.050
473.400	0.050
473.500	0.050
473.600	0.050
473.700	0.050
473.800	0.039
473.900	0.050
474.000	0.050
474.100	0.050
474.200	0.050
474.300	0.050
474.400	0.039
474.500	0.050
474.600	0.050
474.700	0.050
474.800	0.050
474.900	0.039
475.000	0.050
475.100	0.050
475.200	0.050
475.300	0.050
475.400	0.050
475.500	0.050
475.600	0.050
475.700	0.050
475.800	0.050
475.900	0.050
476.000	0.050
476.100	0.050
476.200	0.050
476.300	0.050
476.400	0.050
476.500	0.050
476.600	0.050
476.700	0.050
476.800	0.050
476.900	0.050
477.000	0.050
477.100	0.050
477.200	0.050
477.300	0.050
477.400	0.050
477.500	0.050
477.600	0.050
477.700	0.050
477.800	0.050
477.900	0.039
478.000	0.050
478.100	0.050
478.200	0.050
478.300	0.050
478.400	0.050
478.500	0.039
478.600	0.050
478.700	0.050
478.800	0.039
478.900	0.050
479.000	0.050
479.100	0.050
479.200	0.039
479.300	0.039
479.400	0.050
479.500	0.050
479.600	0.050
479.700	0.050
479.800	0.050
479.900	0.050
480.000	0.050
480.100	0.050
480.200	0.050
480.300	0.050
480.400	0.050
480.500	0.039
480.600	0.039
480.700	0.050
480.800	0.050
480.900	0.050
481.000	0.050
481.100	0.050
481.200	0.050
481.300	0.050
481.400	0.050
481.500	0.050
481.600	0.050
481.700	0.050
481.800	0.050
481.900	0.050
482.000	0.050
482.100	0.050
482.200	0.050
482.300	0.050
482.400	0.050
482.500	0.050
482.600	0.050
482.700	0.050
482.800	0.050
482.900	0.050
483.000	0.050
483.100	0.050
483.200	0.039
483.300	0.050
483.400	0.050
483.500	0.050
483.600	0.050
483.700	0.050
483.800	0.050
483.900	0.050
484.000	0.050
484.100	0.050
484.200	0.050
484.300	0.050
484.400	0.050
484.500	0.050
484.600	0.050
484.700	0.050
484.800	0.050
484.900	0.050
485.000	0.050
485.100	0.050
485.200	0.050
485.300	0.050
485.400	0.050
485.500	0.050
485.600	0.050
485.700	0.050
485.800	0.050
485.900	0.050
486.000	0.050
486.100	0.050
486.200	0.050
486.300	0.050
486.400	0.050
486.500	0.039
486.600	0.050
486.700	0.050
486.800	0.050
486.900	0.050
487.000	0.050
487.100	0.050
487.200	0.050
487.300	0.050
487.400	0.050
487.500	0.050
487.600	0.050
487.700	0.050
487.800	0.050
487.900	0.050
488.000	0.050
488.100	0.050
488.200	0.050
488.300	0.050
488.400	0.050
488.500	0.050
488.600	0.050
488.700	0.050
488.800	0.050
488.900	0.039
489.000	0.050
489.100	0.050
489.200	0.050
489.300	0.039
489.400	0.050
489.500	0.050
489.600	0.050
489.700	0.050
489.800	0.050
489.900	0.050
490.000	0.050
490.100	0.050
490.200	0.050
490.300	0.050
490.400	0.050
490.500	0.050
490.600	0.050
490.700	0.050
490.800	0.050
490.900	0.050
491.000	0.050
491.100	0.050
491.200	0.050
491.300	0.050
491.400	0.050
491.500	0.050
491.600	0.050
491.700	0.050
491.800	0.050
491.900	0.050
492.000	0.050
492.100	0.050
492.200	0.050
492.300	0.050
492.400	0.050
492.500	0.050
492.600	0.050
492.700	0.050
492.800	0.050
492.900	0.050
493.000	0.050
493.100	0.050
493.200	0.050
493.300	0.050
493.400	0.050
493.500	0.050
493.600	0.050
493.700	0.050
493.800	0.050
493.900	0.050
494.000	0.050
494.100	0.050
494.200	0.050
494.300	0.050
494.400	0.050
494.500	0.050
494.600	0.050
494.700	0.050
494.800	0.050
494.900	0.050
495.000	0.050
495.100	0.050
495.200	0.050
495.300	0.050
495.400	0.050
495.500	0.050
495.600	0.050
495.700	0.050
495.800	0.050
495.900	0.050
496.000	0.050
496.100	0.050
496.200	0.050
496.300	0.050
496.400	0.050
496.500	0.050
496.600	0.050
496.700	0.039
496.800	0.050
496.900	0.050
497.000	0.050
497.100	0.050
497.200	0.050
497.300	0.050
497.400	0.050
497.500	0.050
497.600	0.050
497.700	0.050
497.800	0.050
497.900	0.039
498.000	0.050
498.100	0.050
498.200	0.050
498.300	0.039
498.400	0.050
498.500	0.050
498.600	0.050
498.700	0.050
498.800	0.050
498.900	0.050
499.000	0.050
499.100	0.050
499.200	0.050
499.300	0.050
499.400	0.050
499.500	0.050
499.600	0.050
499.700	0.039
499.800	0.050
499.900	0.050
500.000	0.050
500.100	0.039
500.200	0.050
500.300	0.050
500.400	0.050
500.500	0.050
500.600	0.050
500.700	0.050
500.800	0.050
500.900	0.039
501.000	0.050
501.100	0.050
501.200	0.050
501.300	0.050
501.400	0.050
501.500	0.050
501.600	0.050
501.700	0.050
501.800	0.050
501.900	0.050
502.000	0.050
502.100	0.050
502.200	0.050
502.300	0.050
502.400	0.050
502.500	0.050
502.600	0.050
502.700	0.050
502.800	0.050
502.900	0.050
503.000	0.050
503.100	0.050
503.200	0.050
503.300	0.050
503.400	0.050
503.500	0.050
503.600	0.050
503.700	0.050
503.800	0.050
503.900	0.050
504.000	0.050
504.100	0.050
504.200	0.050
504.300	0.050
504.400	0.050
504.500	0.039
504.600	0.050
504.700	0.050
504.800	0.050
504.900	0.050
505.000	0.050
505.100	0.050
505.200	0.050
505.300	0.050
505.400	0.050
505.500	0.050
505.600	0.050
505.700	0.050
505.800	0.050
505.900	0.050
506.000	0.050
506.100	0.050
506.200	0.050
506.300	0.050
506.400	0.050
506.500	0.050
506.600	0.050
506.700	0.050
506.800	0.050
506.900	0.050
507.000	0.050
507.100	0.050
507.200	0.050
507.300	0.050
507.400	0.050
507.500	0.050
507.600	0.050
507.700	0.050
507.800	0.050
507.900	0.050
508.000	0.050
508.100	0.050
508.200	0.050
508.300	0.039
508.400	0.050
508.500	0.050
508.600	0.050
508.700	0.050
508.800	0.050
508.900	0.050
509.000	0.050
509.100	0.050
509.200	0.050
509.300	0.050
509.400	0.050
509.500	0.039
509.600	0.050
509.700	0.050
509.800	0.050
509.900	0.050
510.000	0.050
510.100	0.050
510.200	0.050
510.300	0.050
510.400	0.050
510.500	0.050
510.600	0.050
510.700	0.050
510.800	0.050
510.900	0.050
511.000	0.050
511.100	0.050
511.200	0.050
511.300	0.050
511.400	0.050
511.500	0.050
511.600	0.050
511.700	0.050
511.800	0.050
511.900	0.050
512.000	0.050
512.100	0.050
512.200	0.050
512.300	0.050
512.400	0.050
512.500	0.050
512.600	0.050
512.700	0.050
512.800	0.050
512.900	0.050
513.000	0.050
513.100	0.050
513.200	0.050
513.300	0.050
513.400	0.050
513.500	0.050
513.600	0.050
513.700	0.050
513.800	0.050
513.900	0.050
514.000	0.050
514.100	0.050
514.200	0.050
514.300	0.050
514.400	0.050
514.500	0.050
514.600	0.050
514.700	0.050
514.800	0.050
514.900	0.050
515.000	0.050
515.100	0.050
515.200	0.050
515.300	0.050
515.400	0.050
515.500	0.050
515.600	0.050
515.700	0.050
515.800	0.050
515.900	0.050
516.000	0.050
516.100	0.050
516.200	0.050
516.300	0.050
516.400	0.050
516.500	0.050
516.600	0.050
516.700	0.050
516.800	0.050
516.900	0.050
517.000	0.050
517.100	0.050
517.200	0.050
517.300	0.050
517.400	0.050
517.500	0.050
517.600	0.050
517.700	0.050
517.800	0.050
517.900	0.050
518.000	0.050
518.100	0.050
518.200	0.050
518.300	0.050
518.400	0.050
518.500	0.050
518.600	0.050
518.700	0.050
518.800	0.050
518.900	0.039
519.000	0.050
519.100	0.050
519.200	0.050
519.300	0.050
519.400	0.050
519.500	0.050
519.600	0.050
519.700	0.050
519.800	0.050
519.900	0.050
520.000	0.050
520.100	0.050
520.200	0.050
520.300	0.050
520.400	0.050
520.500	0.050
520.600	0.050
520.700	0.050
520.800	0.050
520.900	0.050
521.000	0.050
521.100	0.050
521.200	0.050
521.300	0.050
521.400	0.050
521.500	0.050
521.600	0.050
521.700	0.050
521.800	0.050
521.900	0.050
522.000	0.050
522.100	0.050
522.200	0.050
522.300	0.050
522.400	0.050
522.500	0.050
522.600	0.050
522.700	0.050
522.800	0.050
522.900	0.050
523.000	0.050
523.100	0.050
523.200	0.050
523.300	0.050
523.400	0.050
523.500	0.050
523.600	0.050
523.700	0.050
523.800	0.050
523.900	0.050
524.000	0.039
524.100	0.050
524.200	0.050
524.300	0.050
524.400	0.050
524.500	0.050
524.600	0.050
524.700	0.050
524.800	0.050
524.900	0.050
525.000	0.050
525.100	0.050
525.200	0.050
525.300	0.050
525.400	0.050
525.500	0.050
525.600	0.050
525.700	0.050
525.800	0.050
525.900	0.050
526.000	0.050
526.100	0.050
526.200	0.050
526.300	0.050
526.400	0.050
526.500	0.050
526.600	0.050
526.700	0.050
526.800	0.050
526.900	0.050
527.000	0.050
527.100	0.050
527.200	0.050
527.300	0.050
527.400	0.050
527.500	0.050
527.600	0.050
527.700	0.050
527.800	0.050
527.900	0.050
528.000	0.050
528.100	0.050
528.200	0.050
528.300	0.050
528.400	0.050
528.500	0.050
528.600	0.050
528.700	0.050
528.800	0.050
528.900	0.050
529.000	0.050
529.100	0.050
529.200	0.050
529.300	0.050
529.400	0.050
529.500	0.050
529.600	0.039
529.700	0.050
529.800	0.050
529.900	0.050
530.000	0.050
530.100	0.050
530.200	0.050
530.300	0.050
530.400	0.050
530.500	0.050
530.600	0.050
530.700	0.050
530.800	0.050
530.900	0.050
531.000	0.050
531.100	0.050
531.200	0.050
531.300	0.050
531.400	0.050
531.500	0.050
531.600	0.050
531.700	0.050
531.800	0.050
531.900	0.050
532.000	0.050
532.100	0.050
532.200	0.050
532.300	0.050
532.400	0.050
532.500	0.050
532.600	0.050
532.700	0.050
532.800	0.050
532.900	0.050
533.000	0.050
533.100	0.050
533.200	0.050
533.300	0.050
533.400	0.050
533.500	0.050
533.600	0.050
533.700	0.050
533.800	0.050
533.900	0.050
534.000	0.050
534.100	0.050
534.200	0.050
534.300	0.050
534.400	0.050
534.500	0.050
534.600	0.050
534.700	0.050
534.800	0.050
534.900	0.050
535.000	0.050
535.100	0.050
535.200	0.050
535.300	0.050
535.400	0.050
535.500	0.050
535.600	0.050
535.700	0.050
535.800	0.050
535.900	0.050
536.000	0.039
536.100	0.050
536.200	0.050
536.300	0.050
536.400	0.050
536.500	0.050
536.600	0.050
536.700	0.050
536.800	0.050
536.900	0.050
537.000	0.050
537.100	0.050
537.200	0.039
537.300	0.050
537.400	0.050
537.500	0.039
537.600	0.039
537.700	0.039
537.800	0.039
537.900	0.039
538.000	0.039
538.100	0.039
538.200	0.039
538.300	0.039
538.400	0.039
538.500	0.039
538.600	0.039
538.700	0.039
538.800	0.039
538.900	0.039
539.000	0.039
539.100	0.039
539.200	0.039
539.300	0.039
539.400	0.050
539.500	0.050
539.600	0.050
539.700	0.050
539.800	0.050
539.900	0.050
540.000	0.039
540.100	0.050
540.200	0.050
540.300	0.050
540.400	0.050
540.500	0.050
540.600	0.050
540.700	0.050
540.800	0.050
540.900	0.050
541.000	0.050
541.100	0.050
541.200	0.050
541.300	0.050
541.400	0.050
541.500	0.050
541.600	0.050
541.700	0.050
541.800	0.050
541.900	0.050
542.000	0.050
542.100	0.050
542.200	0.050
542.300	0.050
542.400	0.050
542.500	0.050
542.600	0.050
542.700	0.050
542.800	0.050
542.900	0.050
543.000	0.050
543.100	0.050
543.200	0.050
543.300	0.050
543.400	0.050
543.500	0.050
543.600	0.039
543.700	0.039
543.800	0.050
543.900	0.050
544.000	0.050
544.100	0.050
544.200	0.050
544.300	0.050
544.400	0.050
544.500	0.050
544.600	0.050
544.700	0.050
544.800	0.050
544.900	0.050
545.000	0.050
545.100	0.050
545.200	0.050
545.300	0.050
545.400	0.050
545.500	0.050
545.600	0.050
545.700	0.050
545.800	0.050
545.900	0.050
546.000	0.050
546.100	0.050
546.200	0.050
546.300	0.050
546.400	0.050
546.500	0.050
546.600	0.050
546.700	0.050
546.800	0.050
546.900	0.050
547.000	0.050
547.100	0.050
547.200	0.050
547.300	0.050
547.400	0.050
547.500	0.050
547.600	0.050
547.700	0.050
547.800	0.050
547.900	0.050
548.000	0.050
548.100	0.050
548.200	0.050
548.300	0.050
548.400	0.050
548.500	0.050
548.600	0.050
548.700	0.050
548.800	0.050
548.900	0.050
549.000	0.050
549.100	0.050
549.200	0.050
549.300	0.050
549.400	0.050
549.500	0.050
549.600	0.050
549.700	0.050
549.800	0.050
549.900	0.050
550.000	0.050
550.100	0.050
550.200	0.050
550.300	0.050
550.400	0.050
550.500	0.050
550.600	0.050
550.700	0.050
550.800	0.050
550.900	0.050
551.000	0.050
551.100	0.050
551.200	0.050
551.300	0.050
551.400	0.050
551.500	0.050
551.600	0.050
551.700	0.050
551.800	0.050
551.900	0.050
552.000	0.050
552.100	0.050
552.200	0.050
552.300	0.050
552.400	0.050
552.500	0.050
552.600	0.050
552.700	0.050
552.800	0.050
552.900	0.050
553.000	0.050
553.100	0.050
553.200	0.050
553.300	0.050
553.400	0.050
553.500	0.050
553.600	0.050
553.700	0.050
553.800	0.050
553.900	0.050
554.000	0.050
554.100	0.050
554.200	0.050
554.300	0.050
554.400	0.050
554.500	0.050
554.600	0.050
554.700	0.050
554.800	0.050
554.900	0.050
555.000	0.050
555.100	0.050
555.200	0.050
555.300	0.050
555.400	0.050
555.500	0.050
555.600	0.050
555.700	0.050
555.800	0.039
555.900	0.050
556.000	0.050
556.100	0.050
556.200	0.050
556.300	0.050
556.400	0.050
556.500	0.050
556.600	0.050
556.700	0.050
556.800	0.050
556.900	0.050
557.000	0.050
557.100	0.050
557.200	0.050
557.300	0.050
557.400	0.050
557.500	0.050
557.600	0.050
557.700	0.050
557.800	0.050
557.900	0.050
558.000	0.050
558.100	0.050
558.200	0.050
558.300	0.050
558.400	0.050
558.500	0.050
558.600	0.050
558.700	0.050
558.800	0.050
558.900	0.050
559.000	0.050
559.100	0.050
559.200	0.050
559.300	0.050
559.400	0.050
559.500	0.050
559.600	0.050
559.700	0.050
559.800	0.050
559.900	0.050
560.000	0.050
560.100	0.050
560.200	0.050
560.300	0.050
560.400	0.050
560.500	0.050
560.600	0.050
560.700	0.050
560.800	0.050
560.900	0.050
561.000	0.050
561.100	0.050
561.200	0.050
561.300	0.050
561.400	0.050
561.500	0.050
561.600	0.050
561.700	0.050
561.800	0.050
561.900	0.050
562.000	0.050
562.100	0.050
562.200	0.050
562.300	0.050
562.400	0.050
562.500	0.050
562.600	0.050
562.700	0.050
562.800	0.050
562.900	0.050
563.000	0.050
563.100	0.039
563.200	0.050
563.300	0.050
563.400	0.050
563.500	0.050
563.600	0.050
563.700	0.050
563.800	0.050
563.900	0.050
564.000	0.050
564.100	0.050
564.200	0.050
564.300	0.050
564.400	0.050
564.500	0.050
564.600	0.050
564.700	0.039
564.800	0.050
564.900	0.050
565.000	0.050
565.100	0.050
565.200	0.050
565.300	0.050
565.400	0.050
565.500	0.050
565.600	0.050
565.700	0.050
565.800	0.050
565.900	0.050
566.000	0.039
566.100	0.050
566.200	0.050
566.300	0.050
566.400	0.050
566.500	0.050
566.600	0.050
566.700	0.050
566.800	0.050
566.900	0.050
567.000	0.050
567.100	0.050
567.200	0.050
567.300	0.050
567.400	0.050
567.500	0.050
567.600	0.050
567.700	0.039
567.800	0.050
567.900	0.050
568.000	0.050
568.100	0.050
568.200	0.050
568.300	0.050
568.400	0.050
568.500	0.050
568.600	0.050
568.700	0.050
568.800	0.050
568.900	0.050
569.000	0.050
569.100	0.050
569.200	0.050
569.300	0.050
569.400	0.050
569.500	0.050
569.600	0.050
569.700	0.050
569.800	0.050
569.900	0.050
570.000	0.050
570.100	0.050
570.200	0.050
570.300	0.050
570.400	0.050
570.500	0.050
570.600	0.050
570.700	0.050
570.800	0.050
570.900	0.050
571.000	0.050
571.100	0.050
571.200	0.050
571.300	0.050
571.400	0.050
571.500	0.050
571.600	0.050
571.700	0.050
571.800	0.050
571.900	0.050
572.000	0.050
572.100	0.050
572.200	0.050
572.300	0.050
572.400	0.050
572.500	0.050
572.600	0.039
572.700	0.050
572.800	0.050
572.900	0.050
573.000	0.050
573.100	0.050
573.200	0.050
573.300	0.050
573.400	0.050
573.500	0.050
573.600	0.050
573.700	0.050
573.800	0.050
573.900	0.050
574.000	0.050
574.100	0.050
574.200	0.050
574.300	0.050
574.400	0.050
574.500	0.050
574.600	0.050
574.700	0.050
574.800	0.050
574.900	0.050
575.000	0.050
575.100	0.039
575.200	0.050
575.300	0.050
575.400	0.050
575.500	0.050
575.600	0.050
575.700	0.050
575.800	0.050
575.900	0.050
576.000	0.050
576.100	0.050
576.200	0.050
576.300	0.050
576.400	0.050
576.500	0.050
576.600	0.050
576.700	0.050
576.800	0.050
576.900	0.050
577.000	0.050
577.100	0.050
577.200	0.050
577.300	0.050
577.400	0.050
577.500	0.050
577.600	0.050
577.700	0.050
577.800	0.050
577.900	0.050
578.000	0.050
578.100	0.050
578.200	0.050
578.300	0.050
578.400	0.050
578.500	0.050
578.600	0.050
578.700	0.050
578.800	0.050
578.900	0.050
579.000	0.050
579.100	0.039
579.200	0.050
579.300	0.050
579.400	0.050
579.500	0.050
579.600	0.050
579.700	0.039
579.800	0.050
579.900	0.039
580.000	0.039
580.100	0.050
580.200	0.050
580.300	0.050
580.400	0.050
580.500	0.039
580.600	0.050
580.700	0.050
580.800	0.050
580.900	0.050
581.000	0.050
581.100	0.050
581.200	0.050
581.300	0.050
581.400	0.050
581.500	0.050
581.600	0.050
581.700	0.050
581.800	0.050
581.900	0.050
582.000	0.050
582.100	0.050
582.200	0.050
582.300	0.050
582.400	0.039
582.500	0.050
582.600	0.050
582.700	0.050
582.800	0.050
582.900	0.050
583.000	0.050
583.100	0.050
583.200	0.050
583.300	0.050
583.400	0.050
583.500	0.050
583.600	0.050
583.700	0.050
583.800	0.050
583.900	0.050
584.000	0.050
584.100	0.050
584.200	0.050
584.300	0.050
584.400	0.050
584.500	0.050
584.600	0.050
584.700	0.050
584.800	0.050
584.900	0.050
585.000	0.050
585.100	0.050
585.200	0.050
585.300	0.050
585.400	0.050
585.500	0.050
585.600	0.050
585.700	0.050
585.800	0.050
585.900	0.050
586.000	0.050
586.100	0.050
586.200	0.050
586.300	0.050
586.400	0.050
586.500	0.050
586.600	0.050
586.700	0.050
586.800	0.050
586.900	0.050
587.000	0.050
587.100	0.050
587.200	0.050
587.300	0.050
587.400	0.050
587.500	0.050
587.600	0.050
587.700	0.050
587.800	0.050
587.900	0.050
588.000	0.050
588.100	0.050
588.200	0.050
588.300	0.039
588.400	0.050
588.500	0.050
588.600	0.050
588.700	0.050
588.800	0.050
588.900	0.050
589.000	0.050
589.100	0.050
589.200	0.050
589.300	0.050
589.400	0.050
589.500	0.050
589.600	0.050
589.700	0.050
589.800	0.050
589.900	0.050
590.000	0.050
590.100	0.039
590.200	0.050
590.300	0.050
590.400	0.050
590.500	0.050
590.600	0.050
590.700	0.050
590.800	0.050
590.900	0.050
591.000	0.050
591.100	0.050
591.200	0.050
591.300	0.050
591.400	0.050
591.500	0.050
591.600	0.050
591.700	0.050
591.800	0.050
591.900	0.050
592.000	0.050
592.100	0.050
592.200	0.050
592.300	0.050
592.400	0.050
592.500	0.050
592.600	0.050
592.700	0.050
592.800	0.050
592.900	0.050
593.000	0.050
593.100	0.050
593.200	0.050
593.300	0.050
593.400	0.050
593.500	0.050
593.600	0.050
593.700	0.050
593.800	0.050
593.900	0.050
594.000	0.050
594.100	0.050
594.200	0.050
594.300	0.050
594.400	0.050
594.500	0.050
594.600	0.050
594.700	0.050
594.800	0.050
594.900	0.050
595.000	0.050
595.100	0.050
595.200	0.050
595.300	0.050
595.400	0.050
595.500	0.050
595.600	0.050
595.700	0.050
595.800	0.050
595.900	0.050
596.000	0.050
596.100	0.050
596.200	0.050
596.300	0.050
596.400	0.050
596.500	0.050
596.600	0.050
596.700	0.050
596.800	0.050
596.900	0.050
597.000	0.050
597.100	0.050
597.200	0.050
597.300	0.050
597.400	0.050
597.500	0.050
597.600	0.050
597.700	0.050
597.800	0.050
597.900	0.050
598.000	0.050
598.100	0.050
598.200	0.050
598.300	0.050
598.400	0.050
598.500	0.050
598.600	0.050
598.700	0.050
598.800	0.050
598.900	0.050
599.000	0.050
599.100	0.050
599.200	0.050
599.300	0.050
599.400	0.050
599.500	0.050
599.600	0.050
599.700	0.050
599.800	0.050
599.900	0.050
600.000	0.050
600.100	0.050
600.200	0.050
600.300	0.050
600.400	0.050
600.500	0.050
600.600	0.050
600.700	0.050
600.800	0.050
600.900	0.050
601.000	0.050
601.100	0.050
601.200	0.050
601.300	0.050
601.400	0.050
601.500	0.050
601.600	0.050
601.700	0.050
601.800	0.050
601.900	0.050
602.000	0.050
602.100	0.050
602.200	0.050
602.300	0.050
602.400	0.050
602.500	0.050
602.600	0.050
602.700	0.050
602.800	0.050
602.900	0.050
603.000	0.050
603.100	0.050
603.200	0.050
603.300	0.050
603.400	0.050
603.500	0.050
603.600	0.050
603.700	0.050
603.800	0.050
603.900	0.050
604.000	0.050
604.100	0.050
604.200	0.050
604.300	0.050
604.400	0.050
604.500	0.050
604.600	0.050
604.700	0.050
604.800	0.050
604.900	0.050
605.000	0.050
605.100	0.050
605.200	0.050
605.300	0.050
605.400	0.050
605.500	0.050
605.600	0.050
605.700	0.039
605.800	0.050
605.900	0.050
606.000	0.050
606.100	0.050
606.200	0.050
606.300	0.050
606.400	0.039
606.500	0.050
606.600	0.050
606.700	0.050
606.800	0.050
606.900	0.039
607.000	0.050
607.100	0.050
607.200	0.050
607.300	0.050
607.400	0.050
607.500	0.050
607.600	0.050
607.700	0.050
607.800	0.050
607.900	0.050
608.000	0.050
608.100	0.050
608.200	0.050
608.300	0.050
608.400	0.050
608.500	0.050
608.600	0.050
608.700	0.050
608.800	0.050
608.900	0.050
609.000	0.050
609.100	0.050
609.200	0.050
609.300	0.050
609.400	0.050
609.500	0.050
609.600	0.050
609.700	0.050
609.800	0.050
609.900	0.050
610.000	0.050
610.100	0.050
610.200	0.050
610.300	0.050
610.400	0.050
610.500	0.050
610.600	0.050
610.700	0.050
610.800	0.050
610.900	0.050
611.000	0.050
611.100	0.050
611.200	0.050
611.300	0.050
611.400	0.050
611.500	0.050
611.600	0.050
611.700	0.050
611.800	0.050
611.900	0.050
612.000	0.050
612.100	0.050
612.200	0.050
612.300	0.050
612.400	0.050
612.500	0.050
612.600	0.050
612.700	0.050
612.800	0.050
612.900	0.050
613.000	0.050
613.100	0.050
613.200	0.050
613.300	0.050
613.400	0.050
613.500	0.050
613.600	0.050
613.700	0.050
613.800	0.050
613.900	0.050
614.000	0.050
614.100	0.050
614.200	0.050
614.300	0.039
614.400	0.050
614.500	0.050
614.600	0.050
614.700	0.050
614.800	0.050
614.900	0.050
615.000	0.050
615.100	0.050
615.200	0.050
615.300	0.050
615.400	0.050
615.500	0.050
615.600	0.050
615.700	0.050
615.800	0.050
615.900	0.050
616.000	0.050
616.100	0.050